"","V1","V2","V3","V4","V5","V6","V7","V8","V9","V10"
"1",189,332,252,268,290,300,173,218,42,50
"2",2397,485,228,238,86,784,809,663,687,716
"3",923,963,1028,1047,1085,1126,1173,1229,1258,1279
"4",203,148,140,281,189,6,16,17,18,19
"5",923,963,1028,1047,1085,1126,1173,1229,1258,1279
"6",1377,1501,494,1546,1357,1447,1570,485,784,809
"7",140,42,50,6,16,17,18,19,20,25
"8",140,42,50,118,119,189,30,40,6,16
"9",1699,1738,1767,1866,1971,1833,1778,1629,1763,1963
"10",406,478,203,884,547,140,729,267,575,599
"11",923,963,1028,1047,1085,1126,1173,1229,1258,1279
"12",189,2397,252,268,290,300,173,218,332,2072
"13",2397,2229,2269,1118,1181,2365,2349,2380,2441,923
"14",578,559,618,646,676,684,2439,2446,2472,2477
"15",140,203,148,118,189,6,16,17,18,19
"16",2354,2138,2286,2329,1851,1915,2056,2112,2230,2172
"17",1450,1539,1541,1392,1549,1608,1455,1357,1447,1570
"18",1702,1446,1516,829,1640,1820,898,1474,1588,1644
"19",1443,2,4,8,28,32,33,51,923,963
"20",2189,2232,1699,1738,1767,1866,1842,1852,1904,1911
"21",1238,1876,2052,1899,1377,1501,1450,1539,1623,1683
"22",1450,1539,1357,1447,1570,1039,1429,853,1657,948
"23",1450,1539,1357,1447,1570,948,1019,1304,1490,1039
"24",1443,1576,1686,1721,1757,1831,466,529,332,923
"25",140,1043,1264,1344,118,602,674,758,795,893
"26",203,189,140,281,42,50,6,16,17,18
"27",1230,888,914,1002,1684,839,926,962,977,1051
"28",1443,1541,923,963,1028,1047,1085,1126,1173,1229
"29",189,2343,2202,2298,2360,2438,2349,2380,2441,2377
"30",1699,1738,1767,1666,1749,1784,1941,1843,1623,1683
"31",2,4,8,28,32,33,51,6,16,17
"32",140,2713,2776,119,118,2138,2185,2234,2276,2340
"33",578,332,559,2072,618,646,676,684,2189,2232
"34",923,963,1028,1047,1085,1126,1173,1229,1258,1279
"35",1397,853,140,1043,1264,1344,1261,1191,465,513
"36",2713,2776,1842,1852,1904,1911,1953,2036,2516,2080
"37",1397,1191,465,513,203,148,1662,6,16,17
"38",1541,1443,2,4,8,28,32,33,51,1549
"39",1450,1539,1357,1447,1570,1039,1429,853,1657,1397
"40",2349,2380,2441,2439,2446,2472,2477,2481,2542,2260
"41",1450,1539,1546,1171,586,617,647,672,681,747
"42",923,963,1028,1047,1085,1126,1173,1229,1258,1279
"43",42,50,1450,1539,1377,1501,1541,119,2,4
"44",1876,2052,1899,1657,1740,1764,1783,1823,1830,1849
"45",1657,1820,1290,2365,1699,1738,1767,1629,1763,1876
"46",2,4,8,28,32,33,51,1541,1443,119
"47",485,784,809,663,687,716,888,914,1002,729
"48",578,332,2072,2189,2232,2339,1825,559,618,646
"49",578,189,2397,485,784,809,663,687,716,332
"50",1876,2052,1820,1899,1685,2397,2365,1699,1738,1767
"51",1541,1392,1357,1447,1570,140,1382,1218,1253,1397
"52",140,118,1043,1264,1344,42,50,157,203,148
"53",6,16,17,18,19,20,25,27,31,36
"54",140,42,50,6,16,17,18,19,20,25
"55",1541,1549,1608,1455,1392,1450,1539,2,4,8
"56",203,189,575,599,626,726,788,858,985,1042
"57",1238,1377,1501,1623,1683,1755,1,11,26,38
"58",1450,1539,1541,1549,1608,1455,1392,1357,1447,1570
"59",1666,1749,1784,1843,2,4,8,28,32,33
"60",119,332,140,203,189,2781,2516,118,281,2414
"61",1450,1539,1541,1357,1447,1570,1549,1608,1039,1429
"62",1842,1852,1904,1911,1953,2036,2189,2232,1993,2051
"63",1684,888,914,1002,1092,42,50,1230,1078,1190
"64",1843,1627,1687,2138,1699,1738,1767,1629,1763,1876
"65",1684,2713,2776,1078,1643,1796,1842,1852,1904,1911
"66",140,119,1043,1264,1344,42,50,118,406,478
"67",1623,1683,1755,1876,2052,1899,923,963,1028,1047
"68",1843,1899,1627,1687,2138,1740,1764,1783,1823,1830
"69",1450,1539,1357,1447,1570,948,1019,1304,1490,1039
"70",1087,1357,1447,1570,1377,1501,1165,1225,829,981
"71",189,42,50,140,6,16,17,18,19,20
"72",923,963,1028,1047,1085,1126,1173,1229,1258,1279
"73",1190,1284,1118,1181,888,914,1002,203,332,189
"74",578,559,618,646,676,684,485,784,809,663
"75",1455,1541,1549,1608,1450,1539,1392,1382,1218,1253
"76",1685,1628,2343,2202,2298,2360,2438,2349,2380,2441
"77",1450,1539,1357,1447,1570,948,1019,1304,1490,1039
"78",1699,1738,1767,2072,2189,2232,1432,1526,1569,1639
"79",1377,1501,1450,1539,923,963,1028,1047,1085,1126
"80",119,2200,2249,2138,2,4,8,28,32,33
"81",1623,1683,1755,1238,1876,2052,2397,1899,2046,2077
"82",6,16,17,18,19,20,25,27,31,36
"83",2281,140,42,50,1623,1683,1755,1,11,26
"84",1643,1796,1437,1565,1574,1634,1684,1842,1852,1904
"85",1450,1539,1357,1447,1570,1039,1429,853,1657,1397
"86",1238,1377,1501,1,11,26,38,56,1450,1539
"87",281,203,148,282,218,189,2420,73,366,140
"88",1640,898,1161,1326,1375,1423,1531,1671,967,1078
"89",332,2,4,8,28,32,33,51,42,50
"90",2,4,8,28,32,33,51,5,49,1541
"91",6,16,17,18,19,20,25,27,31,36
"92",853,42,50,140,1043,1264,1344,1397,1261,1455
"93",1699,1738,1767,1820,2365,1971,1866,1833,1629,1763
"94",1541,1549,1608,2,4,8,28,32,33,51
"95",1450,1539,1397,1546,586,617,647,672,681,747
"96",1,11,26,38,56,42,50,3,10,12
"97",853,1397,140,586,617,647,672,681,747,768
"98",1685,1546,2343,1357,1447,1570,2202,2298,2360,2438
"99",1666,1749,1784,1843,1541,1443,1627,1687,1623,1683
"100",853,140,1043,1264,1344,1261,1397,1165,1225,1530
"101",485,784,809,663,687,716,729,888,914,1002
"102",1541,1549,1608,1455,5,49,2,4,8,28
"103",1450,1539,1357,1447,1570,1039,1429,853,1657,948
"104",1397,586,617,647,672,681,747,768,794,830
"105",140,119,1043,1264,1344,406,478,42,50,147
"106",1820,1699,1738,1767,2365,1971,1685,1657,2162,2214
"107",203,281,189,405,332,282,252,268,290,300
"108",1455,1382,1218,1253,853,1119,1155,1272,1332,760
"109",1842,1852,1904,1911,1953,2036,1437,1565,1574,1634
"110",1450,1539,1357,1447,1570,948,1019,1304,1490,1039
"111",1623,1683,1755,1876,2052,1899,1666,1749,1784,923
"112",1820,2365,1699,1738,1767,1876,2052,1899,1702,1657
"113",1455,1541,1392,1549,1608,1450,1539,5,49,1382
"114",119,140,203,2781,189,2414,2468,2521,2359,2371
"115",485,784,809,663,687,716,1034,729,888,914
"116",1238,1377,1501,923,963,1028,1047,1085,1126,1173
"117",1,11,26,38,56,2046,2077,2281,140,2397
"118",1685,2343,2202,2298,2360,2438,2349,2380,2441,1628
"119",6,16,17,18,19,20,25,27,31,36
"120",1699,1738,1767,1866,1833,1629,1763,1843,1654,1871
"121",2397,189,6,16,17,18,19,20,25,27
"122",1541,1549,1608,1397,1546,586,617,647,672,681
"123",1816,1864,1924,1977,1118,1181,2229,2269,2365,378
"124",1699,1738,1767,1820,1866,2365,1833,1876,2052,1899
"125",119,5,49,2,4,8,28,32,33,51
"126",203,189,281,173,218,6,16,17,18,19
"127",1455,1382,1218,1253,376,1189,5,49,1119,1155
"128",1450,1539,1357,1447,1570,1039,1429,853,1657,948
"129",1238,663,687,716,1034,1377,1501,1092,1450,1539
"130",1238,1377,1501,1623,1683,1755,1876,2052,1899,1450
"131",1666,1749,1784,1843,1541,1443,1627,1687,1699,1738
"132",140,1043,1264,1344,118,602,674,758,795,893
"133",2397,578,485,784,809,2072,663,687,716,729
"134",1549,1608,1541,1455,1392,1450,1539,2,4,8
"135",140,853,1043,1264,1344,118,1397,1261,1165,1225
"136",1541,1392,1455,1450,1539,1549,1608,1382,1218,1253
"137",1541,1549,1608,2,4,8,28,32,33,51
"138",1820,2260,2268,2309,2312,2358,2393,2400,1290,2365
"139",1541,1549,1608,1455,1392,1450,1539,2,4,8
"140",923,963,1028,1047,1085,1126,1173,1229,1258,1279
"141",1450,1539,1357,1447,1570,1039,1429,853,1657,948
"142",2,4,8,28,32,33,51,6,16,17
"143",1238,2046,2077,2281,1623,1683,1755,2397,1876,2052
"144",2,4,8,28,32,33,51,5,49,42
"145",1541,1549,1608,2,4,8,28,32,33,51
"146",1541,1549,1608,1450,1539,1455,1392,2,4,8
"147",6,16,17,18,19,20,25,27,31,36
"148",2349,2380,2441,729,2260,2268,2309,2312,2358,2393
"149",485,784,809,663,687,716,729,888,914,1002
"150",1450,1539,1357,1447,1570,1039,1429,853,1657,948
"151",140,1043,1264,1344,118,602,674,758,795,893
"152",1397,1546,586,617,647,672,681,747,768,794
"153",1450,1539,586,617,647,672,681,747,768,794
"154",1238,1623,1683,1755,1876,2052,1899,1450,1539,1245
"155",2072,578,332,2189,2232,1867,1443,559,1190,1284
"156",1450,1539,1397,1546,1357,1447,1570,1039,1429,853
"157",1450,1539,1357,1447,1570,1039,1429,853,1657,948
"158",1455,1541,1549,1608,1392,1450,1539,1382,5,49
"159",1541,1549,1608,1455,1450,1539,1392,42,50,1382
"160",729,888,914,1002,485,784,809,663,687,716
"161",1455,1541,1549,1608,1392,1382,1450,1539,2,4
"162",485,784,809,663,687,716,729,888,914,1002
"163",1450,1539,1397,1546,1357,1447,1570,853,1039,1429
"164",1541,1549,1608,1455,2,4,8,28,32,33
"165",853,140,1043,1264,1344,1122,1334,1261,1397,1530
"166",42,50,6,16,17,18,19,20,25,27
"167",2,4,8,28,32,33,51,1455,5,49
"168",1657,1820,1699,1738,1767,2365,1290,1629,1763,1446
"169",1842,1852,1904,1911,1953,2036,2802,2845,1078,1643
"170",1455,1549,1608,1541,1392,1450,1539,1382,5,49
"171",140,119,2713,2776,2138,118,1666,1749,1784,1843
"172",1397,6,16,17,18,19,20,25,27,31
"173",2,4,8,28,32,33,51,332,2072,7
"174",1546,465,513,1087,1357,1447,1570,399,1377,1501
"175",332,203,2781,119,189,2414,2468,2521,2359,2371
"176",1238,1941,1450,1539,1074,1129,1245,1147,1164,1356
"177",1377,1501,1450,1539,466,529,1392,494,875,1443
"178",1941,1238,586,617,647,672,681,747,768,794
"179",1541,1549,1608,2,4,8,28,32,33,51
"180",140,1043,1264,1344,118,119,42,50,602,674
"181",140,1043,1264,1344,118,602,674,758,795,893
"182",1820,1699,1738,1767,2365,1876,2052,1899,1657,1702
"183",2397,1816,1864,1924,1977,99,378,395,2343,690
"184",1541,1549,1608,1392,1455,1450,1539,1382,1218,1253
"185",1450,1539,1541,1392,1549,1608,1455,1357,1447,1570
"186",1,11,26,38,56,3,10,12,14,15
"187",1,11,26,38,56,3,10,12,14,15
"188",5,49,2,4,8,28,32,33,51,119
"189",1699,1738,1767,1866,1833,1629,1763,1843,1654,1820
"190",1816,1864,1924,1977,378,395,1118,1181,2229,2269
"191",1450,1539,853,140,1357,1447,1570,1039,1429,948
"192",2,4,8,28,32,33,51,1397,6,16
"193",1450,1539,1357,1447,1570,948,1019,1304,1490,1039
"194",578,559,618,646,676,684,1230,485,784,809
"195",1699,1738,1767,1971,1866,1432,1526,1569,1639,1670
"196",1876,2052,1899,1843,1740,1764,1783,1823,1830,1849
"197",228,238,485,86,784,809,663,687,716,1034
"198",203,189,690,281,252,268,290,300,173,218
"199",1843,1899,2281,1627,1687,1740,1764,1783,1823,1830
"200",1685,1941,1546,586,617,647,672,681,747,768
"201",1377,1501,485,1450,1539,784,809,663,687,716
"202",1699,1738,1767,2189,2232,1629,1763,1866,2072,1432
"203",140,119,1043,1264,1344,118,2354,2138,730,1072
"204",1450,1539,1357,1447,1570,1039,1429,948,1019,1304
"205",578,42,50,119,332,2072,2,4,8,28
"206",1161,1326,1375,1423,1531,1671,1640,1244,1301,1358
"207",140,1,11,26,38,56,119,2281,1377,1501
"208",853,1397,140,42,50,1043,1264,1344,1261,1165
"209",1666,1749,1784,1843,1623,1683,1755,1876,2052,1899
"210",140,119,118,2713,2776,2138,42,50,157,203
"211",1843,1899,1627,1687,2281,1740,1764,1783,1823,1830
"212",853,140,1397,1043,1264,1344,1261,1165,1225,1382
"213",140,332,119,2713,2776,281,203,118,42,50
"214",853,140,1043,1264,1344,1261,1397,1165,1225,829
"215",578,2072,332,559,2189,2232,618,646,676,684
"216",1941,1074,1129,1238,1171,586,617,647,672,681
"217",1662,1397,586,617,647,672,681,747,768,794
"218",5,49,2,4,8,28,32,33,51,42
"219",578,559,618,646,676,684,2072,1230,485,784
"220",42,50,30,40,140,6,16,17,18,19
"221",923,963,1028,1047,1085,1126,1173,1229,1258,1279
"222",466,529,1377,1501,1443,1392,1450,1539,578,5
"223",2,4,8,28,32,33,51,6,16,17
"224",1541,1549,1608,2,4,8,28,32,33,51
"225",1666,1749,1784,1843,2,4,8,28,32,33
"226",2339,2343,2202,2298,2360,2438,2349,2380,2441,729
"227",2072,332,2189,2232,578,2377,1190,1284,1879,1942
"228",1541,1549,1608,1455,1392,1450,1539,5,49,2
"229",1685,923,963,1028,1047,1085,1126,1173,1229,1258
"230",1450,1539,1546,1397,586,617,647,672,681,747
"231",2,4,8,28,32,33,51,7,9,13
"232",140,203,118,148,42,50,157,281,1043,1264
"233",134,2080,2280,2296,2353,2355,2356,2410,2413,2424
"234",1623,1683,1755,1876,2052,1899,1238,1450,1539,1662
"235",1843,2138,1629,1763,2200,2249,1710,1666,1749,1784
"236",1820,2229,2269,2365,1699,1738,1767,2349,2380,2441
"237",1820,1699,1738,1767,2365,1876,2052,1899,1702,1866
"238",1699,1738,1767,1866,1833,1629,1763,1654,1820,1871
"239",1397,586,617,647,672,681,747,768,794,830
"240",853,140,1455,42,50,1043,1264,1344,1397,1382
"241",1820,2365,1699,1738,1767,1876,2052,1899,1702,2229
"242",140,42,50,118,888,914,1002,1118,1181,6
"243",6,16,17,18,19,20,25,27,31,36
"244",1450,1539,1357,1447,1570,1039,1429,853,1657,948
"245",1443,923,963,1028,1047,1085,1126,1173,1229,1258
"246",1843,1627,1687,1899,2439,2446,2472,2477,2481,2542
"247",1450,1539,1357,1447,1570,1039,1429,853,1657,948
"248",1541,1549,1608,1450,1539,2,4,8,28,32
"249",1244,1301,1358,1467,1470,1545,1562,1586,1635,1663
"250",1699,1738,1767,1866,1971,1833,1432,1526,1569,1639
"251",485,784,809,663,687,716,729,578,1816,1864
"252",1455,1549,1608,1541,1392,1450,1539,5,49,2
"253",1450,1539,1357,1447,1570,1039,1429,853,1657,948
"254",5,49,119,2,4,8,28,32,33,51
"255",923,963,1028,1047,1085,1126,1173,1229,1258,1279
"256",5,49,42,50,2,4,8,28,32,33
"257",1450,1539,1377,1501,1238,1357,1447,1570,1039,1429
"258",42,50,5,49,2,4,8,28,32,33
"259",42,50,1455,5,49,119,2,4,8,28
"260",3,10,12,14,15,22,24,34,62,1
"261",1843,2,4,8,28,32,33,51,1876,2052
"262",1,11,26,38,56,3,10,12,14,15
"263",1699,1738,1767,1866,1833,1629,1763,1971,1820,1654
"264",140,119,1,11,26,38,56,1043,1264,1344
"265",2,4,8,28,32,33,51,7,9,13
"266",1662,1397,586,617,647,672,681,747,768,794
"267",1450,1539,1455,1541,1392,1549,1608,1357,1447,1570
"268",140,119,118,1043,1264,1344,2354,730,157,42
"269",2349,2380,2441,1087,2260,2268,2309,2312,2358,2393
"270",1699,1738,1767,1866,1833,1629,1763,1843,1654,1871
"271",1546,1357,1447,1570,1392,465,513,1087,399,1377
"272",1377,1501,1450,1539,1,11,26,38,56,923
"273",119,42,50,2,4,8,28,32,33,51
"274",923,963,1028,1047,1085,1126,1173,1229,1258,1279
"275",1820,1699,1738,1767,2365,1876,2052,1899,1702,1657
"276",1699,1738,1767,1820,2365,1866,1876,2052,1899,1833
"277",119,140,118,42,50,2354,2286,2329,5,49
"278",559,578,485,1867,1443,267,1816,1864,1924,1977
"279",923,963,1028,1047,1085,1126,1173,1229,1258,1279
"280",2072,332,2189,2232,119,578,2339,2377,2,4
"281",1450,1539,1377,1501,923,963,1028,1047,1085,1126
"282",1455,42,50,5,49,119,2,4,8,28
"283",332,189,784,809,888,914,1002,1816,1864,1924
"284",2072,2189,2232,1190,1284,1879,1942,1956,1980,1986
"285",1450,1539,1377,1501,1357,1447,1570,1039,1429,853
"286",578,559,618,646,676,684,1230,267,526,568
"287",1238,1623,1683,1755,1876,2052,1377,1501,1899,1450
"288",2,4,8,28,32,33,51,1541,6,16
"289",1161,1326,1375,1423,1531,1671,2555,2605,2620,2646
"290",1820,2365,1699,1738,1767,1657,2162,2214,2303,1866
"291",2397,923,963,1028,1047,1085,1126,1173,1229,1258
"292",3,10,12,14,15,22,24,34,62,2046
"293",1666,1749,1784,2,4,8,28,32,33,51
"294",1699,1738,1767,1866,1833,1629,1763,1843,1971,1654
"295",2,4,8,28,32,33,51,1443,7,9
"296",1238,1666,1749,1784,1623,1683,1755,1876,2052,1843
"297",1820,2365,1699,1738,1767,1657,1726,1776,1782,1840
"298",853,140,1397,1043,1264,1344,1261,1122,1334,586
"299",485,784,809,663,687,716,729,888,914,1002
"300",1377,1501,923,963,1028,1047,1085,1126,1173,1229
"301",1666,1749,1784,1843,1623,1683,1755,1876,2052,1899
"302",1876,2052,1899,1740,1764,1783,1823,1830,1849,1854
"303",1541,1549,1608,2,4,8,28,32,33,51
"304",1455,42,50,853,5,49,1382,140,376,1218
"305",2,4,8,28,32,33,51,1541,1443,7
"306",332,2072,578,189,2189,2232,2397,252,268,290
"307",189,2397,2072,1816,1864,1924,1977,378,395,2189
"308",853,140,1043,1264,1344,1397,1261,1165,1225,1382
"309",1455,1541,1549,1608,1392,5,49,1450,1539,2
"310",1666,1749,1784,1843,1541,1443,1627,1687,1699,1738
"311",1699,1738,1767,1866,1833,1820,1629,1763,2365,1654
"312",853,1397,140,203,1043,1264,1344,118,1191,1261
"313",1238,485,784,809,663,687,716,1377,1501,729
"314",923,963,1028,1047,1085,1126,1173,1229,1258,1279
"315",1450,1539,1357,1447,1570,1039,1429,853,1657,948
"316",6,16,17,18,19,20,25,27,31,36
"317",1432,1526,1569,1639,1670,1744,1810,1149,1699,1738
"318",578,189,89,160,485,42,50,784,809,2397
"319",119,2,4,8,28,32,33,51,42,50
"320",1450,1539,1357,1447,1570,1039,1429,853,1657,140
"321",1432,1526,1569,1639,1670,1744,1810,1699,1738,1767
"322",2555,2605,2620,2646,2657,2659,2660,2677,2683,2701
"323",1843,2222,1899,1666,1749,1784,2000,2095,2122,2157
"324",1450,1539,1357,1447,1570,948,1019,1304,1490,1039
"325",1666,1749,1784,1843,1623,1683,1755,1876,2052,1899
"326",1699,1738,1767,1866,1833,1432,1526,1569,1639,1670
"327",1702,1446,1516,1726,1776,1782,1840,1845,1880,1820
"328",1820,2365,1699,1738,1767,1657,1971,1726,1776,1782
"329",1623,1683,1755,1876,2052,1899,1238,1377,1501,923
"330",1397,853,1191,465,513,140,1087,203,148,1043
"331",2,4,8,28,32,33,51,1541,1549,1608
"332",140,1043,1264,1344,118,602,674,758,795,893
"333",485,784,809,663,687,716,228,238,86,729
"334",923,963,1028,1047,1085,1126,1173,1229,1258,1279
"335",2046,2077,2281,2397,1623,1683,1755,1876,2052,1899
"336",2,4,8,28,32,33,51,2072,332,6
"337",1541,1549,1608,1455,1392,1450,1539,5,49,2
"338",2397,2072,2189,2232,923,963,1028,1047,1085,1126
"339",1450,1539,1357,1447,1570,948,1019,1304,1490,1039
"340",1541,1549,1608,1397,586,617,647,672,681,747
"341",1699,1738,1767,1866,1833,1629,1763,1843,1654,1871
"342",1377,1501,1397,1546,140,1541,3,10,12,14
"343",1623,1683,1755,1876,2052,1899,1238,1450,1539,1377
"344",1397,586,617,647,672,681,747,768,794,830
"345",332,2072,2189,2232,189,559,1443,1879,1942,1956
"346",1218,1253,1443,1119,1155,1272,1332,466,529,760
"347",578,189,332,89,160,197,42,50,2072,2397
"348",1397,1546,586,617,647,672,681,747,768,794
"349",853,875,839,404,637,1640,784,809,278,359
"350",2,4,8,28,32,33,51,1666,1749,1784
"351",119,2,4,8,28,32,33,51,5,49
"352",3,10,12,14,15,22,24,34,62,1623
"353",332,2072,2189,2232,189,2397,101,117,129,142
"354",578,2072,2339,1825,2189,2232,332,1684,197,559
"355",485,784,809,1034,663,687,716,729,888,914
"356",1397,1546,586,617,647,672,681,747,768,794
"357",5,49,1455,42,50,2,4,8,28,32
"358",6,16,17,18,19,20,25,27,31,36
"359",485,784,809,663,687,716,729,888,914,1002
"360",1657,1629,1763,1290,1699,1738,1767,2072,1820,597
"361",586,617,647,672,681,747,768,794,830,837
"362",1450,1539,1546,586,617,647,672,681,747,768
"363",1397,1191,465,513,203,1087,148,1662,853,1557
"364",853,140,1043,1264,1344,1397,1261,1165,1225,829
"365",1546,465,513,1087,399,1357,1447,1570,1685,449
"366",1623,1683,1755,1899,1666,1749,1784,1662,1843,1541
"367",1662,1623,1683,1755,1397,1876,2052,1899,1238,923
"368",923,963,1028,1047,1085,1126,1173,1229,1258,1279
"369",1546,465,513,399,1087,1357,1447,1570,1685,569
"370",1541,2,4,8,28,32,33,51,1549,1608
"371",1397,1191,465,513,1087,203,853,148,140,1662
"372",1820,2365,1699,1738,1767,1876,2052,1899,1702,1657
"373",6,16,17,18,19,20,25,27,31,36
"374",578,332,559,618,646,676,684,197,189,485
"375",1666,1749,1784,1843,1541,1627,1687,1699,1738,1767
"376",1541,1392,1450,1539,1549,1608,1382,1218,1253,119
"377",1397,1191,465,513,203,148,140,1662,1043,1264
"378",189,42,50,6,16,17,18,19,20,25
"379",1238,1377,1501,1623,1683,1755,1876,2052,1899,1450
"380",2397,1816,1864,1924,1977,378,395,926,962,977
"381",119,42,50,5,49,578,2,4,8,28
"382",140,1043,1264,1344,118,602,674,758,795,893
"383",42,50,119,5,49,2,4,8,28,32
"384",1541,1549,1608,1392,1450,1539,1455,2,4,8
"385",2,4,8,28,32,33,51,119,5,49
"386",2397,485,784,809,1238,663,687,716,1092,729
"387",1450,1539,1357,1447,1570,1039,1429,853,1657,948
"388",1820,1876,2052,1899,2365,1699,1738,1767,1702,1740
"389",140,42,50,1043,1264,1344,118,1122,1334,30
"390",1685,1899,2202,2298,2360,2260,2268,2309,2312,2358
"391",853,140,1397,735,756,778,855,1057,586,617
"392",485,784,809,663,687,716,888,914,1002,729
"393",1432,1526,1569,1639,1670,1744,1810,2040,896,1274
"394",1450,1539,1541,1392,1455,1549,1608,1357,1447,1570
"395",1455,2,4,8,28,32,33,51,1382,5
"396",1443,1541,2,4,8,28,32,33,51,119
"397",140,118,1043,1264,1344,203,148,157,42,50
"398",1450,1539,1397,1546,586,617,647,672,681,747
"399",2339,2072,1825,559,332,2189,2232,485,189,2397
"400",1450,1539,853,1541,1549,1608,1397,140,1357,1447
"401",2072,578,2189,2232,1825,559,618,646,676,684
"402",1541,1549,1608,2,4,8,28,32,33,51
"403",119,2,4,8,28,32,33,51,42,50
"404",2138,2713,2776,2056,2112,2230,2289,1963,2055,2104
"405",2397,2046,2077,2281,189,1623,1683,1755,923,963
"406",1699,1738,1767,1820,1866,2365,1876,2052,1833,1899
"407",1450,1539,1397,1357,1447,1570,1039,1429,853,1657
"408",203,189,281,173,218,282,208,219,222,247
"409",690,1816,1864,1924,1977,378,395,2189,2232,405
"410",2397,6,16,17,18,19,20,25,27,31
"411",2,4,8,28,32,33,51,1666,1749,1784
"412",1397,6,16,17,18,19,20,25,27,31
"413",332,2072,2189,2232,189,2377,2397,1190,1284,1879
"414",853,140,1043,1264,1344,1261,1397,1122,1334,1530
"415",140,119,1043,1264,1344,118,42,50,2354,2138
"416",586,617,647,672,681,747,768,794,830,837
"417",2,4,8,28,32,33,51,1443,7,9
"418",1666,1749,1784,1843,1541,1443,1627,1687,2,4
"419",140,118,1043,1264,1344,203,42,50,157,119
"420",1899,2000,2095,2122,2157,2164,2236,2202,2298,2360
"421",1541,1549,1608,2,4,8,28,32,33,51
"422",189,203,252,268,290,300,173,218,1816,1864
"423",853,140,1043,1264,1344,1261,1397,1165,1225,829
"424",1541,1549,1608,1397,1546,586,617,647,672,681
"425",1842,1852,1904,1911,1953,2036,1437,1565,1574,1634
"426",1238,1450,1539,1623,1683,1755,1876,2052,1899,1245
"427",1699,1738,1767,1866,1833,1629,1763,1654,1820,1871
"428",332,2072,2189,2232,189,2397,2377,1190,1284,2
"429",853,140,1397,1043,1264,1344,1122,1334,586,617
"430",203,189,690,281,252,268,290,300,173,218
"431",2,4,8,28,32,33,51,1541,1549,1608
"432",923,963,1028,1047,1085,1126,1173,1229,1258,1279
"433",6,16,17,18,19,20,25,27,31,36
"434",2397,189,2343,2202,2298,2360,2438,1118,1181,2229
"435",332,2072,2189,2232,189,101,117,129,142,159
"436",42,50,6,16,17,18,19,20,25,27
"437",189,2397,332,2072,6,16,17,18,19,20
"438",1623,1683,1755,1876,2052,1899,923,963,1028,1047
"439",1541,1392,1450,1539,119,1382,1218,1253,1119,1155
"440",140,1043,1264,1344,118,602,674,758,795,893
"441",1699,1738,1767,1866,1820,1833,1629,1763,2365,1657
"442",1,11,26,38,56,3,10,12,14,15
"443",1702,1446,1516,1993,2051,2100,2166,2173,2243,2261
"444",1450,1539,1541,1392,1357,1447,1570,1039,1429,853
"445",1816,1864,1924,1977,378,395,926,962,977,1051
"446",1699,1738,1767,2072,2189,2232,1971,1866,1833,1879
"447",1397,1191,465,513,203,1087,148,1662,853,140
"448",1455,119,5,49,1382,2,4,8,28,32
"449",1843,2200,2249,2138,1629,1763,1666,1749,1784,119
"450",1699,1738,1767,1833,1971,1629,1763,1866,2365,1871
"451",1699,1738,1767,2072,1629,1763,2189,2232,1971,1866
"452",1541,1450,1539,1549,1608,2,4,8,28,32
"453",1541,1392,119,5,49,1455,1549,1608,2,4
"454",119,1541,1443,466,529,1392,1377,1501,1666,1749
"455",1684,1230,888,914,1002,1190,1284,1092,1239,1257
"456",2,4,8,28,32,33,51,6,16,17
"457",189,252,268,290,300,173,218,203,332,378
"458",1820,2365,1699,1738,1767,1657,2162,2214,2303,1866
"459",1377,1501,1450,1539,485,784,809,663,687,716
"460",485,86,228,238,784,809,663,687,716,1034
"461",485,784,809,663,687,716,228,238,86,729
"462",203,148,6,16,17,18,19,20,25,27
"463",1657,1820,1377,1501,1726,1776,1782,1840,1845,1880
"464",1666,1749,1784,1843,1623,1683,1755,1541,1899,2281
"465",203,189,281,140,173,218,42,50,89,160
"466",1699,1738,1767,1820,2365,2229,2269,1876,2052,2189
"467",2,4,8,28,32,33,51,5,49,1541
"468",1993,2051,2100,2166,2173,2243,2261,2271,2802,2845
"469",1437,1565,1574,1634,1643,1796,1432,1526,1569,1639
"470",1699,1738,1767,1866,1833,1629,1763,1820,1843,1778
"471",1623,1683,1755,1876,2052,1899,923,963,1028,1047
"472",1666,1749,1784,1843,1541,1443,1627,1687,1699,1738
"473",1623,1683,1755,1876,2052,1899,923,963,1028,1047
"474",1549,1608,1541,6,16,17,18,19,20,25
"475",1238,1377,1501,1450,1539,1623,1683,1755,1876,2052
"476",1666,1749,1784,1843,1541,1627,1687,1699,1738,1767
"477",42,50,6,16,17,18,19,20,25,27
"478",2072,119,332,2189,2232,2,4,8,28,32
"479",1238,1377,1501,1450,1539,485,784,809,663,687
"480",42,50,6,16,17,18,19,20,25,27
"481",2397,485,784,809,663,687,716,729,888,914
"482",1541,1549,1608,1450,1539,1455,1392,2,4,8
"483",1541,1450,1539,1392,1549,1608,1455,1382,1357,1447
"484",485,784,809,663,687,716,729,888,914,1002
"485",853,140,1397,586,617,647,672,681,747,768
"486",578,119,332,2072,2,4,8,28,32,33
"487",1541,1392,1455,1549,1608,1450,1539,119,5,49
"488",1876,2052,1899,1740,1764,1783,1823,1830,1849,1854
"489",2,4,8,28,32,33,51,42,50,5
"490",1161,1326,1375,1423,1531,1671,2555,2605,2620,2646
"491",140,1043,1264,1344,1191,465,513,203,118,148
"492",853,140,118,875,42,50,157,203,839,148
"493",1238,140,2046,2077,2281,1,11,26,38,56
"494",1820,1699,1738,1767,2365,1876,2052,1899,1702,1657
"495",1623,1683,1755,1876,2052,1899,923,963,1028,1047
"496",1443,1867,1576,1686,1721,1757,1831,923,963,1028
"497",1699,1738,1767,2189,2232,1866,1833,1629,1763,1879
"498",140,119,118,1043,1264,1344,2354,2138,42,50
"499",1238,1666,1749,1784,1843,2200,2249,1377,1501,119
"500",578,2072,2339,332,1825,197,2189,2232,559,189
"501",189,2397,252,268,290,300,173,6,16,17
"502",140,42,50,118,119,2354,5,49,30,40
"503",140,42,50,6,16,17,18,19,20,25
"504",2,4,8,28,32,33,51,1443,1397,6
"505",2397,1238,1377,1501,485,1450,1539,784,809,663
"506",1397,586,617,647,672,681,747,768,794,830
"507",1941,1623,1683,1755,1876,2052,1899,1238,1820,1662
"508",2,4,8,28,32,33,51,1666,1749,1784
"509",1699,1738,1767,1866,2189,2232,1833,1971,1629,1763
"510",42,50,6,16,17,18,19,20,25,27
"511",2072,2189,2232,1190,1284,1879,1942,1956,1980,1986
"512",1238,1450,1539,1623,1683,1755,1876,2052,1899,140
"513",1699,1738,1767,2189,2232,1866,1629,1763,1879,1942
"514",2397,485,784,809,663,687,716,1238,729,888
"515",1820,2365,1699,1738,1767,1657,2162,2214,2303,1866
"516",6,16,17,18,19,20,25,27,31,36
"517",485,228,238,86,784,809,663,687,716,1034
"518",1541,1455,1392,1549,1608,1450,1539,1382,1218,1253
"519",1397,1191,465,513,203,140,148,1662,1043,1264
"520",1161,1326,1375,1423,1531,1671,1842,1852,1904,1911
"521",485,784,809,663,687,716,729,888,914,1002
"522",1,11,26,38,56,2397,1092,485,21,94
"523",203,6,16,17,18,19,20,25,27,31
"524",1899,1702,1843,2260,2268,2309,2312,2358,2393,2400
"525",1541,1455,1392,1450,1539,1549,1608,1382,1218,1253
"526",1816,1864,1924,1977,378,395,926,962,977,1051
"527",1623,1683,1755,1876,2052,1899,923,963,1028,1047
"528",42,50,140,5,49,376,2,4,8,28
"529",485,784,809,663,687,716,1034,1092,729,888
"530",203,189,281,690,252,268,290,300,173,89
"531",1238,1377,1501,1450,1539,119,1623,1683,1755,1876
"532",1666,1749,1784,1843,2,4,8,28,32,33
"533",1118,1181,888,914,1002,140,926,962,977,1051
"534",42,50,2,4,8,28,32,33,51,1666
"535",1377,1501,1450,1539,923,963,1028,1047,1085,1126
"536",2713,2776,2516,1842,1852,1904,1911,1953,2036,1078
"537",485,784,809,663,687,716,729,888,914,1002
"538",1820,2365,1699,1738,1767,1876,2052,1899,1702,1657
"539",1666,1749,1784,1843,1541,1443,1627,1687,1699,1738
"540",578,466,529,559,1443,1392,618,646,676,684
"541",1702,1446,1516,1726,1776,1782,1840,1845,1880,1640
"542",1820,1699,1738,1767,2365,1876,2052,1899,1702,1657
"543",140,119,118,2713,2776,42,50,2138,203,157
"544",1820,2365,1699,1738,1767,1876,2052,1657,1899,1702
"545",140,118,157,148,1043,1264,1344,119,42,50
"546",1666,1749,1784,1843,1541,1443,1627,1687,1699,1738
"547",1684,42,50,1092,1245,58,2713,2776,1230,164
"548",1455,5,49,1382,1218,1253,376,1189,42,50
"549",547,1915,1094,1153,1369,406,478,884,1072,1354
"550",578,559,1230,543,618,646,676,684,485,267
"551",1666,1749,1784,1623,1683,1755,1843,1876,2052,1899
"552",1450,1539,1357,1447,1570,1039,1429,853,1657,948
"553",923,963,1028,1047,1085,1126,1173,1229,1258,1279
"554",1541,2,4,8,28,32,33,51,1443,1549
"555",1876,2052,1899,1623,1683,1755,923,963,1028,1047
"556",406,478,574,625,689,494,875,853,1377,1501
"557",332,2072,2189,2232,189,2397,1190,1284,2377,1879
"558",1666,1749,1784,1843,1443,1623,1683,1755,1541,1876
"559",485,784,809,663,687,716,729,888,914,1002
"560",853,140,1043,1264,1344,1261,1397,1165,1225,42
"561",140,118,119,42,50,2713,2776,157,203,148
"562",1666,1749,1784,1843,2,4,8,28,32,33
"563",119,578,42,50,5,49,2,4,8,28
"564",1546,1685,465,513,399,1087,1628,1357,1447,1570
"565",829,843,887,1050,1357,1447,1570,589,611,800
"566",1455,1450,1539,1549,1608,1541,1392,1382,42,50
"567",1541,1443,1546,923,963,1028,1047,1085,1126,1173
"568",140,118,157,42,50,203,148,119,1043,1264
"569",1820,2365,1699,1738,1767,1876,2052,1899,1702,1657
"570",1397,1546,1171,735,756,778,855,1057,586,617
"571",140,1043,1264,1344,118,1191,602,674,758,795
"572",578,559,618,646,676,684,1443,2072,466,529
"573",6,16,17,18,19,20,25,27,31,36
"574",1666,1749,1784,1843,1541,1443,1876,2052,1623,1683
"575",578,2072,1825,1684,2189,2232,559,197,2339,618
"576",1541,1549,1608,1455,1392,1450,1539,5,49,2
"577",6,16,17,18,19,20,25,27,31,36
"578",1549,1608,1541,2,4,8,28,32,33,51
"579",1866,1820,2365,1876,2052,2189,2232,1702,1871,1919
"580",1623,1683,1755,1876,2052,1899,1662,1740,1764,1783
"581",5,49,2,4,8,28,32,33,51,42
"582",1118,1181,2229,2269,2365,1816,1864,1924,1977,2349
"583",42,50,119,2,4,8,28,32,33,51
"584",189,203,332,252,268,290,300,173,218,281
"585",42,50,140,30,40,6,16,17,18,19
"586",140,203,148,1191,2117,465,513,118,281,189
"587",1685,1546,1623,1683,1755,449,1628,1899,2343,2202
"588",485,784,809,663,687,716,1034,729,888,914
"589",1843,2138,1899,1627,1687,2222,2713,2776,2056,2112
"590",1541,1549,1608,2,4,8,28,32,33,51
"591",1623,1683,1755,1876,2052,1899,1238,923,963,1028
"592",1699,1738,1767,1820,1866,1833,2189,2232,2365,1629
"593",1623,1683,1755,1876,2052,1899,1238,1450,1539,1941
"594",923,963,1028,1047,1085,1126,1173,1229,1258,1279
"595",2,4,8,28,32,33,51,1666,1749,1784
"596",1820,1657,2365,1699,1738,1767,1290,1629,1763,1876
"597",578,1443,559,618,646,676,684,466,529,1576
"598",1876,2052,1899,1820,1740,1764,1783,1823,1830,1849
"599",1443,1867,578,1655,1576,1686,1721,1757,1831,2072
"600",578,2072,2189,2232,2339,1825,2397,559,618,646
"601",1450,1539,1357,1447,1570,948,1019,1304,1490,1039
"602",1685,1876,2052,1899,2397,1820,2365,1699,1738,1767
"603",332,189,2072,2189,2232,2397,101,117,129,142
"604",2,4,8,28,32,33,51,7,9,13
"605",1432,1526,1569,1639,1670,1744,1810,1702,1585,1660
"606",140,118,203,42,50,148,157,119,2334,715
"607",1699,1738,1767,1866,1833,1629,1763,1654,1871,1919
"608",140,118,42,50,157,148,119,203,2138,2713
"609",2189,2232,1866,1879,1942,1956,1980,1986,2016,2026
"610",189,203,252,268,290,300,173,218,332,1816
"611",1443,1576,1686,1721,1757,1831,332,923,963,1028
"612",1238,1623,1683,1755,1876,2052,1899,1450,1539,1666
"613",119,140,42,50,118,30,40,5,49,189
"614",2397,1118,1181,2229,2269,2365,2349,2380,2441,1265
"615",1397,2,4,8,28,32,33,51,6,16
"616",42,50,5,49,2,4,8,28,32,33
"617",332,2072,189,2189,2232,101,117,129,142,159
"618",1876,2052,1899,1740,1764,1783,1823,1830,1849,1854
"619",1541,1397,1450,1539,1549,1608,1546,6,16,17
"620",2072,2189,2232,578,1190,1284,1879,1942,1956,1980
"621",578,2072,332,2189,2232,2339,1825,559,197,2397
"622",1450,1539,1397,1546,1171,586,617,647,672,681
"623",2040,1432,1526,1569,1639,1670,1744,1810,1906,2084
"624",923,963,1028,1047,1085,1126,1173,1229,1258,1279
"625",578,559,618,646,676,684,1377,1501,485,1230
"626",6,16,17,18,19,20,25,27,31,36
"627",1455,1541,1549,1608,1392,1450,1539,1382,5,49
"628",42,50,6,16,17,18,19,20,25,27
"629",1377,1501,1450,1539,1,11,26,38,56,494
"630",1541,1549,1608,2,4,8,28,32,33,51
"631",853,1397,140,735,756,778,855,1057,586,617
"632",578,332,2072,559,2189,2232,618,646,676,684
"633",1820,1699,1738,1767,2365,1971,1657,1866,2162,2214
"634",578,2072,2189,2232,1867,332,1443,559,618,646
"635",42,50,6,16,17,18,19,20,25,27
"636",2159,2168,2197,2210,2231,2323,2357,2404,2476,2420
"637",1397,586,617,647,672,681,747,768,794,830
"638",203,189,281,690,42,50,252,268,290,300
"639",1377,1501,1450,1539,923,963,1028,1047,1085,1126
"640",1087,1397,465,513,853,1191,569,581,956,399
"641",586,617,647,672,681,747,768,794,830,837
"642",923,963,1028,1047,1085,1126,1173,1229,1258,1279
"643",578,559,618,646,676,684,1230,267,526,568
"644",1377,1501,1450,1539,923,963,1028,1047,1085,1126
"645",586,617,647,672,681,747,768,794,830,837
"646",1623,1683,1755,1876,2052,1899,1662,1740,1764,1783
"647",2,4,8,28,32,33,51,5,49,42
"648",1377,1501,1450,1539,1,11,26,38,56,370
"649",1541,1455,1549,1608,1392,1450,1539,5,49,2
"650",1238,1377,1501,1623,1683,1755,1876,2052,1899,1450
"651",2,4,8,28,32,33,51,5,49,119
"652",1643,1796,1149,1684,60,106,165,169,185,2144
"653",1541,1549,1608,2,4,8,28,32,33,51
"654",839,784,809,853,690,762,765,859,405,1816
"655",1657,1820,2365,1699,1738,1767,1290,1876,2052,1899
"656",332,2072,2189,2232,189,1443,1879,1942,1956,1980
"657",1455,1450,1539,1541,1549,1608,1392,42,50,5
"658",1685,1941,1074,1129,2397,923,963,1028,1047,1085
"659",203,42,50,140,6,16,17,18,19,20
"660",2072,2189,2232,1879,1942,1956,1980,1986,2016,2026
"661",578,42,50,197,89,160,332,189,559,485
"662",578,332,2072,197,2339,559,1825,2189,2232,618
"663",1450,1539,1397,1546,1357,1447,1570,1039,1429,948
"664",2802,2845,1993,2051,2100,2166,2173,2243,2261,2271
"665",1623,1683,1755,1876,2052,1899,923,963,1028,1047
"666",1455,1549,1608,1541,1392,5,49,1450,1539,42
"667",1238,1623,1683,1755,1,11,26,38,56,1876
"668",1541,1549,1608,1455,1392,2,4,8,28,32
"669",1450,1539,1357,1447,1570,948,1019,1304,1490,1039
"670",578,42,50,485,189,784,809,663,687,716
"671",1450,1539,1397,1546,586,617,647,672,681,747
"672",2,4,8,28,32,33,51,5,49,42
"673",1699,1738,1767,2189,2232,1866,1833,1654,1879,1942
"674",839,888,914,1002,853,784,809,405,762,765
"675",1450,1539,1357,1447,1570,1039,1429,853,1657,948
"676",1455,2,4,8,28,32,33,51,5,49
"677",1666,1749,1784,1843,1623,1683,1755,1876,2052,1541
"678",1450,1539,1546,1357,1447,1570,1039,1429,853,1657
"679",2,4,8,28,32,33,51,5,49,119
"680",1541,1455,1549,1608,1392,1450,1539,1382,5,49
"681",6,16,17,18,19,20,25,27,31,36
"682",1666,1749,1784,1843,2,4,8,28,32,33
"683",2200,2249,2138,1906,2084,2302,2056,2112,2230,2438
"684",578,559,618,646,676,684,2072,2189,2232,267
"685",2343,2202,2298,2360,2438,2349,2380,2441,1685,2148
"686",1623,1683,1755,1876,2052,1899,923,963,1028,1047
"687",578,332,559,2339,2072,1825,618,646,676,684
"688",1443,923,963,1028,1047,1085,1126,1173,1229,1258
"689",1397,1191,465,513,203,140,148,1662,1043,1264
"690",1443,2,4,8,28,32,33,51,1541,1549
"691",1541,1549,1608,2,4,8,28,32,33,51
"692",1541,1549,1608,2,4,8,28,32,33,51
"693",42,50,140,6,16,17,18,19,20,25
"694",203,690,189,586,617,647,672,681,747,768
"695",2,4,8,28,32,33,51,1666,1749,1784
"696",140,1043,1264,1344,119,118,2354,730,1072,1354
"697",119,5,49,578,2,4,8,28,32,33
"698",578,485,784,809,663,687,716,559,729,888
"699",42,50,2,4,8,28,32,33,51,5
"700",923,963,1028,1047,1085,1126,1173,1229,1258,1279
"701",1623,1683,1755,1876,2052,1899,1662,1740,1764,1783
"702",1541,1549,1608,1455,1392,2,4,8,28,32
"703",1541,1455,1549,1608,1392,1450,1539,1382,1218,1253
"704",578,197,332,559,618,646,676,684,1230,5
"705",1666,1749,1784,1843,1541,2,4,8,28,32
"706",42,50,6,16,17,18,19,20,25,27
"707",923,963,1028,1047,1085,1126,1173,1229,1258,1279
"708",203,148,6,16,17,18,19,20,25,27
"709",485,784,809,1377,1501,663,687,716,1034,729
"710",1876,2052,1899,1820,2365,1699,1738,1767,1740,1764
"711",1450,1539,586,617,647,672,681,747,768,794
"712",1397,586,617,647,672,681,747,768,794,830
"713",853,140,118,875,203,839,148,1165,1225,1397
"714",2354,2117,254,233,2713,2776,2286,2329,2172,2237
"715",140,1043,1264,1344,118,119,602,674,758,795
"716",1450,1539,1541,1455,1392,1549,1608,1357,1447,1570
"717",1820,1699,1738,1767,2365,1876,2052,1899,1702,1657
"718",1842,1852,1904,1911,1953,2036,1437,1565,1574,1634
"719",2189,2232,2072,1816,1864,1924,1977,378,395,1443
"720",2420,1603,2159,2168,2197,2210,2231,2323,2357,2404
"721",140,119,118,2354,42,50,157,203,2286,2329
"722",1816,1864,1924,1977,378,395,485,923,963,1028
"723",1643,1796,58,1684,134,2713,2776,1842,1852,1904
"724",1820,2365,1699,1738,1767,1657,2162,2214,2303,1866
"725",5,49,2,4,8,28,32,33,51,42
"726",2,4,8,28,32,33,51,1666,1749,1784
"727",1699,1738,1767,1866,1971,1833,1629,1763,1843,1432
"728",853,1450,1539,140,1397,1043,1264,1344,1122,1334
"729",2713,2776,2539,2556,2594,2080,2280,2296,2353,2355
"730",1666,1749,1784,1843,2,4,8,28,32,33
"731",1541,1549,1608,2,4,8,28,32,33,51
"732",1541,1549,1608,1455,1392,2,4,8,28,32
"733",2,4,8,28,32,33,51,1666,1749,1784
"734",1549,1608,1541,2,4,8,28,32,33,51
"735",332,2072,2189,2232,189,2397,1190,1284,2377,1879
"736",1915,2138,1851,140,829,2289,2354,873,1140,1215
"737",1876,2052,1820,1899,2365,1699,1738,1767,1657,1702
"738",1443,923,963,1028,1047,1085,1126,1173,1229,1258
"739",1437,1565,1574,1634,1643,1796,1842,1852,1904,1911
"740",1118,1181,2229,2269,2365,1265,2349,2380,2441,2072
"741",140,118,203,148,42,50,157,281,189,6
"742",2,4,8,28,32,33,51,5,49,7
"743",853,1455,1382,140,1218,1253,1119,1155,1272,1332
"744",42,50,5,49,119,2,4,8,28,32
"745",2420,2159,2168,2197,2210,2231,2323,2357,2404,2476
"746",203,189,281,405,140,252,268,290,300,173
"747",1238,1941,1450,1539,1074,1129,586,617,647,672
"748",485,1377,1501,784,809,663,687,716,1450,1539
"749",1541,2,4,8,28,32,33,51,1549,1608
"750",853,140,1450,1539,1043,1264,1344,1122,1334,1261
"751",1623,1683,1755,1876,2052,1899,1238,923,963,1028
"752",6,16,17,18,19,20,25,27,31,36
"753",923,963,1028,1047,1085,1126,1173,1229,1258,1279
"754",2189,2232,1866,1699,1738,1767,1879,1942,1956,1980
"755",578,485,1816,1864,1924,1977,784,809,378,395
"756",1685,1546,1628,2349,2380,2441,1087,2439,2446,2472
"757",1541,1549,1608,2,4,8,28,32,33,51
"758",1541,1549,1608,1455,1392,1450,1539,2,4,8
"759",1541,1443,2,4,8,28,32,33,51,119
"760",1455,1541,1392,1549,1608,1450,1539,1382,1218,1253
"761",1549,1608,1541,1450,1539,1455,1392,2,4,8
"762",1230,888,914,1002,1684,2339,1825,2189,2232,1092
"763",1443,923,963,1028,1047,1085,1126,1173,1229,1258
"764",1377,1501,1450,1539,370,385,387,408,455,923
"765",1450,1539,1357,1447,1570,1039,1429,948,1019,1304
"766",1843,1876,2052,1899,1666,1749,1784,1623,1683,1755
"767",2,4,8,28,32,33,51,42,50,6
"768",1377,1501,1450,1539,1238,923,963,1028,1047,1085
"769",1666,1749,1784,1843,1699,1738,1767,1166,1654,1443
"770",1702,1446,1516,1658,1794,1815,1551,1606,1611,1674
"771",1541,1549,1608,2,4,8,28,32,33,51
"772",2397,1,11,26,38,56,485,784,809,228
"773",1450,1539,1357,1447,1570,1039,1429,948,1019,1304
"774",586,617,647,672,681,747,768,794,830,837
"775",1450,1539,1357,1447,1570,853,1039,1429,948,1019
"776",6,16,17,18,19,20,25,27,31,36
"777",1039,1429,853,948,1019,1304,1490,140,1450,1539
"778",1161,1326,1375,1423,1531,1671,1842,1852,1904,1911
"779",1699,1738,1767,1971,1866,1833,1629,1763,1654,1843
"780",2,4,8,28,32,33,51,5,49,119
"781",2,4,8,28,32,33,51,5,49,119
"782",485,784,809,1034,663,687,716,888,914,1002
"783",1623,1683,1755,1899,1666,1749,1784,1843,1685,1662
"784",1699,1738,1767,2072,2189,2232,1432,1526,1569,1639
"785",42,50,1455,140,1043,1264,1344,1122,1334,853
"786",1699,1738,1767,1443,2189,2232,2072,1866,1843,1666
"787",1623,1683,1755,1876,2052,1899,923,963,1028,1047
"788",1450,1539,1397,1546,1357,1447,1570,1039,1429,853
"789",140,1043,1264,1344,118,119,2354,602,674,758
"790",1377,1501,1450,1539,485,784,809,1034,663,687
"791",1541,1549,1608,1397,6,16,17,18,19,20
"792",1546,1450,1539,586,617,647,672,681,747,768
"793",1699,1738,1767,1866,1833,1629,1763,1843,1820,1654
"794",578,2072,2189,2232,1825,559,618,646,676,684
"795",485,784,809,663,687,716,228,238,2397,86
"796",1876,2052,1899,1740,1764,1783,1823,1830,1849,1854
"797",1450,1539,853,1357,1447,1570,1039,1429,1657,948
"798",1450,1539,1541,1392,1455,1549,1608,1357,1447,1570
"799",1699,1738,1767,1702,1993,2051,2100,2166,2173,2243
"800",2,4,8,28,32,33,51,1666,1749,1784
"801",1623,1683,1755,1876,2052,1899,923,963,1028,1047
"802",1541,1549,1608,1397,1546,586,617,647,672,681
"803",2072,578,332,2189,2232,2339,1825,197,1684,559
"804",1450,1539,1357,1447,1570,1039,1429,853,948,1019
"805",1,11,26,38,56,3,10,12,14,15
"806",586,617,647,672,681,747,768,794,830,837
"807",42,50,6,16,17,18,19,20,25,27
"808",1450,1539,1546,1171,586,617,647,672,681,747
"809",1541,1549,1608,1455,1392,1450,1539,1382,5,49
"810",1464,1603,1244,1301,1358,1467,1470,1545,1562,1586
"811",1450,1539,1357,1447,1570,1039,1429,853,1657,1377
"812",140,42,50,119,5,49,2,4,8,28
"813",1820,2365,1699,1738,1767,1654,1876,2052,1899,1702
"814",2072,1443,2189,2232,578,923,963,1028,1047,1085
"815",1666,1749,1784,2,4,8,28,32,33,51
"816",140,119,2138,1043,1264,1344,118,2056,2112,2230
"817",1623,1683,1755,1876,2052,1899,923,963,1028,1047
"818",578,559,2072,332,618,646,676,684,1230,2189
"819",42,50,30,40,6,16,17,18,19,20
"820",1816,1864,1924,1977,378,395,2072,926,962,977
"821",485,784,809,663,687,716,729,888,914,1002
"822",1450,1539,1357,1447,1570,1039,1429,853,1657,948
"823",1549,1608,1541,1455,1450,1539,2,4,8,28
"824",1842,1852,1904,1911,1953,2036,1437,1565,1574,1634
"825",1450,1539,1455,1541,1549,1608,1392,42,50,1357
"826",1238,1377,1501,1450,1539,1623,1683,1755,1876,2052
"827",1699,1738,1767,2072,2189,2232,1654,1971,1866,1629
"828",1541,1549,1608,1455,1392,1450,1539,1382,1218,1253
"829",332,2072,578,101,117,129,142,159,171,2
"830",1699,1738,1767,2072,2189,2232,1971,1432,1526,1569
"831",597,1244,1301,1358,1467,1470,1545,1562,1586,1635
"832",119,5,49,2,4,8,28,32,33,51
"833",1876,2052,1899,1740,1764,1783,1823,1830,1849,1854
"834",1455,1549,1608,1541,1392,1450,1539,5,49,1382
"835",1820,2365,1699,1738,1767,1876,2052,1899,1702,1657
"836",1699,1738,1767,1820,1866,2365,1833,1629,1763,1876
"837",2397,1450,1539,729,1238,888,914,1002,1092,2343
"838",2,4,8,28,32,33,51,7,9,13
"839",690,405,586,617,647,672,681,747,768,794
"840",2,4,8,28,32,33,51,1443,7,9
"841",140,118,119,2713,2776,2138,42,50,157,203
"842",923,963,1028,1047,1085,1126,1173,1229,1258,1279
"843",1450,1539,1357,1447,1570,1039,1429,853,1657,948
"844",578,2072,559,618,646,676,684,2189,2232,1230
"845",1820,1699,1738,1767,2365,1654,1876,2052,1899,1702
"846",1623,1683,1755,1876,2052,2046,2077,1899,2281,3
"847",1541,1549,1608,1392,1455,1450,1539,119,2,4
"848",1699,1738,1767,1654,2189,2232,1629,1763,1166,1238
"849",42,50,5,49,2,4,8,28,32,33
"850",578,559,618,646,676,684,119,1867,1230,2
"851",189,252,268,290,300,173,218,6,16,17
"852",1443,466,529,578,1377,1501,1392,1450,1539,1576
"853",1899,1843,1740,1764,1783,1823,1830,1849,1854,1878
"854",189,252,268,290,300,149,161,174,215,173
"855",1699,1738,1767,1866,1833,1820,1629,1763,1843,2365
"856",853,494,875,923,963,1028,1047,1085,1126,1173
"857",1541,2,4,8,28,32,33,51,1549,1608
"858",1455,1549,1608,1541,1392,1450,1539,5,49,2
"859",1377,1501,1450,1539,923,963,1028,1047,1085,1126
"860",1541,1549,1608,2,4,8,28,32,33,51
"861",2397,923,963,1028,1047,1085,1126,1173,1229,1258
"862",1699,1738,1767,1866,1833,1629,1763,1820,1654,1843
"863",1643,1796,1684,1842,1852,1904,1911,1953,2036,1573
"864",1450,1539,1357,1447,1570,1039,1429,853,1657,948
"865",1161,1326,1375,1423,1531,1671,2555,2605,2620,2646
"866",1549,1608,1541,1397,1546,6,16,17,18,19
"867",42,50,1455,5,49,853,2,4,8,28
"868",1820,1657,1876,2052,1899,1290,2365,1699,1738,1767
"869",888,914,1002,1078,203,1118,1181,839,140,926
"870",1541,1549,1608,2,4,8,28,32,33,51
"871",1450,1539,1357,1447,1570,948,1019,1304,1490,1039
"872",1455,1541,1549,1608,1392,1450,1539,5,49,1382
"873",1623,1683,1755,1876,2052,1899,1238,1662,1740,1764
"874",2,4,8,28,32,33,51,5,49,119
"875",5,49,1455,42,50,2,4,8,28,32
"876",1546,1450,1539,1171,586,617,647,672,681,747
"877",1397,6,16,17,18,19,20,25,27,31
"878",1726,1776,1782,1840,1845,1880,1702,1446,1516,876
"879",203,189,690,281,405,132,143,252,268,290
"880",140,119,118,1043,1264,1344,148,157,203,1191
"881",1623,1683,1755,1876,2052,1899,1238,42,50,6
"882",1455,5,49,2,4,8,28,32,33,51
"883",839,853,784,809,405,762,765,859,586,617
"884",586,617,647,672,681,747,768,794,830,837
"885",1541,2,4,8,28,32,33,51,1443,1549
"886",1541,1549,1608,1455,2,4,8,28,32,33
"887",2,4,8,28,32,33,51,7,9,13
"888",2,4,8,28,32,33,51,1666,1749,1784
"889",690,1816,1864,1924,1977,405,378,395,586,617
"890",2,4,8,28,32,33,51,5,49,119
"891",2,4,8,28,32,33,51,6,16,17
"892",1541,1549,1608,2,4,8,28,32,33,51
"893",1432,1526,1569,1639,1670,1744,1810,1993,2051,2100
"894",140,1043,1264,1344,119,2354,118,730,1072,1354
"895",465,513,1397,399,203,6,16,17,18,19
"896",1455,1541,1549,1608,1392,1450,1539,5,49,1382
"897",42,50,376,5,49,140,2,4,8,28
"898",1623,1683,1755,1876,2052,1899,1662,1740,1764,1783
"899",1963,1290,1843,2439,2446,2472,2477,2481,1899,2542
"900",1443,1576,1686,1721,1757,1831,578,1655,923,963
"901",332,2080,2280,2296,2353,2355,2356,2410,2413,2424
"902",2397,485,1816,1864,1924,1977,228,238,86,99
"903",2,4,8,28,32,33,51,5,49,42
"904",586,617,647,672,681,747,768,794,830,837
"905",1443,1576,1686,1721,1757,1831,332,2,4,8
"906",1455,1549,1608,1541,1392,1450,1539,5,49,2
"907",1377,1501,1450,1539,923,963,1028,1047,1085,1126
"908",1623,1683,1755,1876,2052,1899,6,16,17,18
"909",119,140,118,42,50,5,49,157,2,4
"910",1541,1549,1608,1455,1392,1450,1539,2,4,8
"911",1377,1501,1450,1539,485,784,809,1034,663,687
"912",1238,1377,1501,1450,1539,923,963,1028,1047,1085
"913",119,42,50,5,49,140,2,4,8,28
"914",203,189,690,6,16,17,18,19,20,25
"915",1623,1683,1755,1876,2052,1899,1666,1749,1784,1843
"916",1702,1446,1516,1640,898,644,742,1432,1526,1569
"917",1450,1539,1397,1357,1447,1570,1546,1039,1429,948
"918",1450,1539,1357,1447,1570,1039,1429,853,1657,948
"919",2159,2168,2197,2210,2231,2323,2357,2404,2476,1843
"920",1397,853,1191,140,465,513,1087,203,148,1043
"921",1,11,26,38,56,21,94,104,82,145
"922",1842,1852,1904,1911,1953,2036,586,617,647,672
"923",1623,1683,1755,1876,2052,1899,1238,1377,1501,923
"924",140,1043,1264,1344,118,602,674,758,795,893
"925",1450,1539,1397,1546,1357,1447,1570,1039,1429,853
"926",1541,1549,1608,2,4,8,28,32,33,51
"927",1666,1749,1784,1843,2,4,8,28,32,33
"928",2072,578,332,2189,2232,2397,189,2339,1825,559
"929",1450,1539,1357,1447,1570,1039,1429,853,1657,140
"930",140,1043,1264,1344,118,602,674,758,795,893
"931",2,4,8,28,32,33,51,6,16,17
"932",332,2072,2189,2232,578,189,101,117,129,142
"933",140,42,50,1078,6,16,17,18,19,20
"934",1238,1623,1683,1755,1876,2052,1899,1377,1501,1450
"935",1541,1549,1608,2,4,8,28,32,33,51
"936",140,1043,1264,1344,119,118,730,1072,1354,547
"937",1238,1623,1683,1755,1876,2052,1377,1501,1899,1450
"938",42,50,5,49,119,2,4,8,28,32
"939",1450,1539,1357,1447,1570,948,1019,1304,1490,1039
"940",578,332,559,618,646,676,684,197,119,189
"941",1078,2713,2776,1684,2581,2592,2715,2539,2556,2594
"942",1397,6,16,17,18,19,20,25,27,31
"943",1450,1539,1357,1447,1570,1039,1429,853,1657,948
"944",1666,1749,1784,1843,1541,1443,1627,1687,1623,1683
"945",1238,1623,1683,1755,1876,2052,1899,1377,1501,1450
"946",1450,1539,1357,1447,1570,1039,1429,853,1657,948
"947",1541,1549,1608,1392,1450,1539,1455,2,4,8
"948",1541,1549,1608,2,4,8,28,32,33,51
"949",1623,1683,1755,1876,2052,1899,923,963,1028,1047
"950",42,50,1238,30,40,6,16,17,18,19
"951",1699,1738,1767,1866,1629,1763,1833,1654,1971,1657
"952",332,2072,2189,2232,189,2397,2,4,8,28
"953",1397,853,140,586,617,647,672,681,747,768
"954",3,10,12,14,15,22,24,34,62,6
"955",2138,140,1541,1623,1683,1755,1043,1264,1344,1899
"956",42,50,1,11,26,38,56,578,2397,485
"957",1666,1749,1784,1843,2,4,8,28,32,33
"958",1549,1608,1541,2,4,8,28,32,33,51
"959",1699,1738,1767,2072,2189,2232,1971,1866,1432,1526
"960",1702,1446,1516,843,887,1050,1640,898,1474,1588
"961",1455,1541,1549,1608,1392,1450,1539,5,49,1382
"962",578,559,618,646,676,684,1230,197,332,1825
"963",2,4,8,28,32,33,51,1666,1749,1784
"964",1816,1864,1924,1977,485,378,395,784,809,663
"965",1450,1539,1357,1447,1570,948,1019,1304,1490,1039
"966",586,617,647,672,681,747,768,794,830,837
"967",2339,2138,1843,2713,2776,2200,2249,2281,2346,2402
"968",1876,2052,1899,2037,1740,1764,1783,1823,1830,1849
"969",1820,2365,1699,1738,1767,1876,2052,1899,1657,1702
"970",1876,2052,1899,1657,1820,1290,1685,1740,1764,1783
"971",1450,1539,1357,1447,1570,1039,1429,853,1657,1377
"972",1392,1450,1539,1541,1549,1608,1119,1155,1272,1332
"973",1450,1539,1357,1447,1570,1039,1429,853,948,1019
"974",1,11,26,38,56,3,10,12,14,15
"975",853,140,1450,1539,1122,1334,1043,1264,1344,1397
"976",1397,586,617,647,672,681,747,768,794,830
"977",1450,1539,1357,1447,1570,1039,1429,853,1657,948
"978",2,4,8,28,32,33,51,5,49,1549
"979",2,4,8,28,32,33,51,1443,1557,1397
"980",1816,1864,1924,1977,378,395,485,923,963,1028
"981",1662,1603,1397,1464,923,963,1028,1047,1085,1126
"982",1541,1549,1608,1666,1749,1784,1397,1557,1132,1297
"983",1623,1683,1755,1876,2052,1899,1238,923,963,1028
"984",1666,1749,1784,1843,1443,1541,1627,1687,2040,2
"985",578,559,618,646,676,684,1230,485,1377,1501
"986",586,617,647,672,681,747,768,794,830,837
"987",1437,1565,1574,1634,1643,1796,1842,1852,1904,1911
"988",73,6,16,17,18,19,20,25,27,31
"989",1623,1683,1755,1876,2052,1899,1662,1685,1740,1764
"990",690,405,1816,1864,1924,1977,586,617,647,672
"991",2,4,8,28,32,33,51,1541,1549,1608
"992",578,559,618,646,676,684,1230,466,529,1377
"993",140,203,148,118,6,16,17,18,19,20
"994",1450,1539,1397,1546,1357,1447,1570,1039,1429,853
"995",578,559,618,646,676,684,1230,485,784,809
"996",1702,1446,1516,1820,1726,1776,1782,1840,1845,1880
"997",1702,1658,1794,1815,1446,1516,1699,1738,1767,1551
"998",1699,1738,1767,1866,1971,1833,1629,1763,1432,1526
"999",1623,1683,1755,1876,2052,1899,923,963,1028,1047
"1000",1541,1549,1608,2,4,8,28,32,33,51
"1001",1161,1326,1375,1423,1531,1671,1842,1852,1904,1911
"1002",853,1397,140,1043,1264,1344,1261,1165,1225,1191
"1003",1699,1738,1767,1866,1833,1629,1763,1654,1871,1919
"1004",1699,1738,1767,1658,1794,1815,1432,1526,1569,1639
"1005",1541,1549,1608,2,4,8,28,32,33,51
"1006",58,164,73,332,48,105,123,84,92,130
"1007",1443,1576,1686,1721,1757,1831,1655,923,963,1028
"1008",1699,1738,1767,1654,1866,2189,2232,1629,1763,1833
"1009",1666,1749,1784,1443,1843,2,4,8,28,32
"1010",1866,2189,2232,1778,1871,1919,1967,1991,2105,1820
"1011",140,1043,1264,1344,118,602,674,758,795,893
"1012",1623,1683,1755,1876,2052,1899,1238,1,11,26
"1013",1666,1749,1784,1843,1541,1443,1627,1687,1623,1683
"1014",2343,2202,2298,2360,2438,2349,2380,2441,1685,1546
"1015",1450,1539,1397,1546,586,617,647,672,681,747
"1016",1643,1796,1842,1852,1904,1911,1953,2036,134,1573
"1017",578,332,2072,2189,2232,559,2339,1825,618,646
"1018",1876,2052,1899,1843,1685,1699,1738,1767,1740,1764
"1019",1699,1738,1767,1820,1866,2365,1833,1629,1763,1876
"1020",1450,1539,1357,1447,1570,1039,1429,853,1657,140
"1021",1643,1796,1842,1852,1904,1911,1953,2036,1149,1573
"1022",853,1450,1539,140,1397,586,617,647,672,681
"1023",485,784,809,663,687,716,1377,1501,1816,1864
"1024",1699,1738,1767,1971,1443,1866,2072,1576,1686,1721
"1025",578,2072,332,2189,2232,2339,1825,559,618,646
"1026",1541,1549,1608,1666,1749,1784,1843,1397,1546,1450
"1027",1541,1397,1549,1608,1546,586,617,647,672,681
"1028",578,332,2072,559,618,646,676,684,189,2189
"1029",578,559,618,646,676,684,485,784,809,663
"1030",853,140,118,119,2354,875,42,50,157,203
"1031",1684,1643,1796,2713,2776,134,1327,1507,1437,1565
"1032",853,140,1397,1043,1264,1344,1261,1165,1225,118
"1033",1397,1191,465,513,203,148,1662,569,581,956
"1034",1072,1354,1851,547,140,1094,1153,1369,1915,119
"1035",1397,1546,1450,1539,6,16,17,18,19,20
"1036",1397,1191,465,513,1087,203,148,1662,853,140
"1037",1941,1685,1074,1129,2397,1238,1546,586,617,647
"1038",578,332,1443,1377,1501,197,559,466,529,618
"1039",1546,586,617,647,672,681,747,768,794,830
"1040",1377,1501,1450,1539,923,963,1028,1047,1085,1126
"1041",332,1443,189,923,963,1028,1047,1085,1126,1173
"1042",1541,2,4,8,28,32,33,51,1549,1608
"1043",923,963,1028,1047,1085,1126,1173,1229,1258,1279
"1044",1455,1382,1218,1253,376,1189,5,49,1119,1155
"1045",578,1443,1867,2072,332,2189,2232,559,618,646
"1046",2397,6,16,17,18,19,20,25,27,31
"1047",1161,1326,1375,1423,1531,1671,1244,1301,1358,1467
"1048",1541,1549,1608,2,4,8,28,32,33,51
"1049",923,963,1028,1047,1085,1126,1173,1229,1258,1279
"1050",1443,1450,1539,1377,1501,578,923,963,1028,1047
"1051",42,50,2,4,8,28,32,33,51,5
"1052",1820,1699,1738,1767,2365,1657,1726,1776,1782,1840
"1053",2,4,8,28,32,33,51,42,50,1541
"1054",1397,586,617,647,672,681,747,768,794,830
"1055",578,1867,1816,1864,1924,1977,1443,378,395,926
"1056",1397,6,16,17,18,19,20,25,27,31
"1057",1699,1738,1767,1866,1629,1763,1833,1843,1820,1654
"1058",1238,1450,1539,1377,1501,485,729,888,914,1002
"1059",853,140,1382,1043,1264,1344,1397,1218,1253,1261
"1060",1541,1549,1608,6,16,17,18,19,20,25
"1061",1443,923,963,1028,1047,1085,1126,1173,1229,1258
"1062",1004,1010,1037,1128,1202,1232,1255,1275,1291,1306
"1063",332,2072,2189,2232,578,2,4,8,28,32
"1064",1657,1290,1820,1629,1763,2229,2269,2365,1699,1738
"1065",189,2397,252,268,290,300,173,218,89,160
"1066",1450,1539,1357,1447,1570,1039,1429,853,1657,948
"1067",1820,2365,1699,1738,1767,1657,2162,2214,2303,1866
"1068",189,2397,252,268,290,300,173,149,161,174
"1069",203,6,16,17,18,19,20,25,27,31
"1070",1541,1397,1546,1666,1749,1784,1843,1549,1608,586
"1071",1843,1699,1738,1767,1666,1749,1784,2189,2232,1627
"1072",1666,1749,1784,1843,1541,1443,1623,1683,1755,1876
"1073",1450,1539,1397,1546,1357,1447,1570,1039,1429,853
"1074",2397,2343,2202,2298,2360,2438,1118,1181,2229,2269
"1075",1876,2052,1899,1740,1764,1783,1823,1830,1849,1854
"1076",140,1043,1264,1344,118,119,602,674,758,795
"1077",1450,1539,1397,1546,1357,1447,1570,1039,1429,948
"1078",42,50,140,5,49,694,119,2,4,8
"1079",1541,1549,1608,2,4,8,28,32,33,51
"1080",2138,140,2056,2112,2230,2289,1963,119,2047,2033
"1081",1541,1397,1546,586,617,647,672,681,747,768
"1082",1377,1501,485,1450,1539,784,809,663,687,716
"1083",1443,2040,2,4,8,28,32,33,51,332
"1084",578,559,618,646,676,684,1230,466,529,1377
"1085",1437,1565,1574,1634,1643,1796,1842,1852,1904,1911
"1086",1541,1549,1608,1455,2,4,8,28,32,33
"1087",1623,1683,1755,1876,2052,1899,923,963,1028,1047
"1088",6,16,17,18,19,20,25,27,31,36
"1089",1699,1738,1767,1866,1833,1629,1763,1971,1843,1820
"1090",140,1043,1264,1344,118,119,602,674,758,795
"1091",485,784,809,663,687,716,1034,729,888,914
"1092",2138,140,2713,2776,119,1906,2084,42,50,2200
"1093",2420,759,867,999,1001,1070,2538,2546,2081,1081
"1094",559,1443,466,529,578,485,923,963,1028,1047
"1095",1450,1539,1357,1447,1570,853,1039,1429,1657,948
"1096",1541,1549,1608,1455,1392,1450,1539,2,4,8
"1097",2,4,8,28,32,33,51,1666,1749,1784
"1098",1541,1549,1608,1397,1546,6,16,17,18,19
"1099",140,1043,1264,1344,118,602,674,758,795,893
"1100",2072,332,2189,2232,578,2377,1190,1284,1879,1942
"1101",1820,1699,1738,1767,2365,1657,2162,2214,2303,1866
"1102",1876,2052,1899,1685,1740,1764,1783,1823,1830,1849
"1103",1397,586,617,647,672,681,747,768,794,830
"1104",2397,2046,2077,2281,2072,1876,2052,1899,2343,2202
"1105",2072,578,2189,2232,1867,1443,559,1190,1284,618
"1106",42,50,2,4,8,28,32,33,51,6
"1107",2138,1906,2084,2056,2112,2230,2289,2033,2091,2153
"1108",923,963,1028,1047,1085,1126,1173,1229,1258,1279
"1109",1238,1623,1683,1755,1876,2052,1899,1377,1501,1450
"1110",853,140,1455,1043,1264,1344,1122,1334,1450,1539
"1111",1443,923,963,1028,1047,1085,1126,1173,1229,1258
"1112",2,4,8,28,32,33,51,1666,1749,1784
"1113",1161,1326,1375,1423,1531,1671,1244,1301,1358,1467
"1114",1820,2189,2232,2229,2269,2365,1161,1326,1375,1423
"1115",2,4,8,28,32,33,51,1666,1749,1784
"1116",6,16,17,18,19,20,25,27,31,36
"1117",42,50,6,16,17,18,19,20,25,27
"1118",1541,1549,1608,1455,1392,1450,1539,1382,1218,1253
"1119",1541,1549,1608,1666,1749,1784,1843,2,4,8
"1120",1546,465,513,1357,1447,1570,1087,399,1685,569
"1121",1377,1501,1450,1539,485,784,809,663,687,716
"1122",1993,2051,2100,2166,2173,2243,2261,2271,1658,1794
"1123",2,4,8,28,32,33,51,1541,7,9
"1124",923,963,1028,1047,1085,1126,1173,1229,1258,1279
"1125",140,42,50,1043,1264,1344,853,118,1122,1334
"1126",42,50,119,1455,853,5,49,1218,1253,466
"1127",2,4,8,28,32,33,51,5,49,7
"1128",1549,1608,1541,2,4,8,28,32,33,51
"1129",1238,1450,1539,1377,1501,1623,1683,1755,1876,2052
"1130",332,203,189,2781,281,119,2414,2468,2521,252
"1131",2539,2556,2594,366,2080,2280,2296,2353,2355,2356
"1132",1876,2052,1899,1623,1683,1755,1740,1764,1783,1823
"1133",2,4,8,28,32,33,51,1666,1749,1784
"1134",1843,1699,1738,1767,1627,1687,1654,1876,2052,1629
"1135",1876,2052,1899,1740,1764,1783,1823,1830,1849,1854
"1136",332,888,914,1002,1190,1284,203,2781,2414,2468
"1137",853,140,1382,1455,1218,1253,1043,1264,1344,1119
"1138",1443,578,1576,1686,1721,1757,1831,1655,466,529
"1139",578,332,2,4,8,28,32,33,51,197
"1140",406,478,547,884,1915,729,1357,1447,1570,140
"1141",1450,1539,1357,1447,1570,1039,1429,853,1657,948
"1142",1684,1230,332,1190,1284,2,4,8,28,32
"1143",578,332,1867,2072,559,101,117,129,142,159
"1144",1623,1683,1755,1876,2052,1899,1662,1740,1764,1783
"1145",2397,1,11,26,38,56,1092,228,238,86
"1146",42,50,5,49,2,4,8,28,32,33
"1147",1549,1608,1541,2,4,8,28,32,33,51
"1148",1662,1603,1397,1876,2052,1899,1760,1970,1861,1702
"1149",1541,1549,1608,2,4,8,28,32,33,51
"1150",2,4,8,28,32,33,51,5,49,42
"1151",1455,1541,1549,1608,1392,5,49,1450,1539,2
"1152",1450,1539,1357,1447,1570,1039,1429,853,1657,948
"1153",1450,1539,1357,1447,1570,1039,1429,853,1657,140
"1154",1450,1539,1357,1447,1570,1039,1429,853,1657,948
"1155",1541,1549,1608,2,4,8,28,32,33,51
"1156",1437,1565,1574,1634,1643,1796,1842,1852,1904,1911
"1157",578,332,2072,197,559,618,646,676,684,2339
"1158",853,140,1043,1264,1344,1261,1397,1382,1165,1225
"1159",853,1397,140,586,617,647,672,681,747,768
"1160",923,963,1028,1047,1085,1126,1173,1229,1258,1279
"1161",1702,1446,1516,1474,1588,1644,1745,1640,898,1603
"1162",1450,1539,1357,1447,1570,1039,1429,853,948,1019
"1163",1455,1549,1608,1541,1392,5,49,1450,1539,2
"1164",189,578,466,529,2377,1546,2439,2446,2472,2477
"1165",6,16,17,18,19,20,25,27,31,36
"1166",1549,1608,1541,1455,1392,1450,1539,2,4,8
"1167",1238,1377,1501,1450,1539,1,11,26,38,56
"1168",42,50,6,16,17,18,19,20,25,27
"1169",1450,1539,1357,1447,1570,1039,1429,853,1657,948
"1170",203,140,189,281,888,914,1002,332,42,50
"1171",42,50,2,4,8,28,32,33,51,6
"1172",2,4,8,28,32,33,51,42,50,119
"1173",1699,1738,1767,1654,1866,1833,1437,1565,1574,1634
"1174",1699,1738,1767,1843,2072,1654,2189,2232,1971,1866
"1175",1541,2,4,8,28,32,33,51,1549,1608
"1176",1450,1539,1397,1546,853,1357,1447,1570,1039,1429
"1177",1455,1382,1218,1253,1119,1155,1272,1332,5,49
"1178",1541,1549,1608,2,4,8,28,32,33,51
"1179",1541,1549,1608,1397,6,16,17,18,19,20
"1180",1876,2052,1899,1623,1683,1755,1740,1764,1783,1823
"1181",853,140,1397,1043,1264,1344,1261,1165,1225,829
"1182",140,1043,1264,1344,118,157,602,674,758,795
"1183",140,203,189,118,2581,281,119,2592,2715,42
"1184",1450,1539,1357,1447,1570,1039,1429,853,1657,948
"1185",2,4,8,28,32,33,51,1666,1749,1784
"1186",189,203,332,252,268,290,300,173,218,6
"1187",1549,1608,1541,1455,1392,2,4,8,28,32
"1188",1377,1501,466,529,1450,1539,1443,1392,578,494
"1189",5,49,2,4,8,28,32,33,51,119
"1190",1549,1608,1541,1455,2,4,8,28,32,33
"1191",1397,1546,586,617,647,672,681,747,768,794
"1192",1820,1699,1738,1767,2365,1657,1866,2162,2214,2303
"1193",1876,2052,1899,1623,1683,1755,923,963,1028,1047
"1194",853,1397,140,1382,1218,1253,1119,1155,1272,1332
"1195",578,332,2072,2189,2232,559,618,646,676,684
"1196",1450,1539,1357,1447,1570,1039,1429,948,1019,1304
"1197",1699,1738,1767,1866,1833,1629,1763,1820,2365,1654
"1198",332,189,578,2072,2397,2189,2232,197,89,160
"1199",1541,1392,1549,1608,1382,1666,1749,1784,1218,1253
"1200",1843,1899,2281,1627,1687,2222,1740,1764,1783,1823
"1201",2349,2380,2441,2260,2268,2309,2312,2358,2393,2400
"1202",1699,1738,1767,1843,1971,1866,1432,1526,1569,1639
"1203",578,197,332,2072,2339,559,1825,618,646,676
"1204",485,784,809,663,687,716,2397,228,238,86
"1205",2397,485,784,809,663,687,716,578,228,238
"1206",1546,1357,1447,1570,1685,465,513,399,1087,1165
"1207",578,559,618,646,676,684,1230,1867,1443,267
"1208",2397,923,963,1028,1047,1085,1126,1173,1229,1258
"1209",6,16,17,18,19,20,25,27,31,36
"1210",1699,1738,1767,1866,1833,1629,1763,1654,1843,1971
"1211",1623,1683,1755,1876,2052,1899,923,963,1028,1047
"1212",1397,735,756,778,855,1057,586,617,647,672
"1213",1450,1539,1357,1447,1570,1039,1429,853,1657,948
"1214",1541,1549,1608,1455,1392,1450,1539,2,4,8
"1215",1455,853,42,50,140,1382,1218,1253,1119,1155
"1216",578,559,618,646,676,684,485,1230,784,809
"1217",1684,1643,1796,1752,2713,2776,1078,1573,1625,1669
"1218",1455,853,42,50,1119,1155,1272,1332,140,376
"1219",2,4,8,28,32,33,51,1541,1549,1608
"1220",2397,1118,1181,2229,2269,1265,2365,2349,2380,2441
"1221",2,4,8,28,32,33,51,6,16,17
"1222",42,50,6,16,17,18,19,20,25,27
"1223",1685,2349,2380,2441,2343,2202,2298,2360,2260,2268
"1224",1238,1623,1683,1755,1876,2052,1450,1539,1899,1245
"1225",332,189,2072,2189,2232,578,2397,252,268,290
"1226",1657,1820,1290,2365,1699,1738,1767,1629,1763,1876
"1227",485,784,809,663,687,716,1034,888,914,1002
"1228",1549,1608,1541,1455,1450,1539,1392,2,4,8
"1229",2420,484,503,546,553,570,576,587,636,639
"1230",1699,1738,1767,1866,1833,1629,1763,1971,1820,1654
"1231",1397,6,16,17,18,19,20,25,27,31
"1232",140,1043,1264,1344,42,50,118,1122,1334,1191
"1233",578,559,618,646,676,684,2072,1825,2339,332
"1234",1820,1699,1738,1767,2365,1876,2052,1899,1657,1702
"1235",1,11,26,38,56,1238,3,10,12,14
"1236",140,119,2713,2776,118,42,50,332,203,2
"1237",42,50,5,49,2,4,8,28,32,33
"1238",923,963,1028,1047,1085,1126,1173,1229,1258,1279
"1239",5,49,119,2,4,8,28,32,33,51
"1240",1549,1608,1541,2,4,8,28,32,33,51
"1241",2343,2202,2298,2360,2438,2349,2380,2441,1685,2397
"1242",690,1816,1864,1924,1977,378,395,405,189,203
"1243",1699,1738,1767,1866,1833,1629,1763,1432,1526,1569
"1244",1666,1749,1784,1843,1541,1443,1627,1687,2,4
"1245",2,4,8,28,32,33,51,119,5,49
"1246",1397,586,617,647,672,681,747,768,794,830
"1247",1455,42,50,853,140,1382,376,1218,1253,1189
"1248",1699,1738,1767,1842,1852,1904,1911,1953,2036,2189
"1249",6,16,17,18,19,20,25,27,31,36
"1250",1541,6,16,17,18,19,20,25,27,31
"1251",1541,1549,1608,2,4,8,28,32,33,51
"1252",1666,1749,1784,119,1843,2200,2249,2,4,8
"1253",1238,1623,1683,1755,1876,2052,1899,1450,1539,1377
"1254",2516,2159,2168,2197,2210,2231,2323,2357,2404,2476
"1255",2,4,8,28,32,33,51,5,49,119
"1256",1684,2713,2776,2354,1327,1507,2055,2104,2485,2396
"1257",1546,586,617,647,672,681,747,768,794,830
"1258",1699,1738,1767,1971,1866,1432,1526,1569,1639,1670
"1259",1820,1657,2365,1699,1738,1767,1446,1516,1876,2052
"1260",332,2072,578,2189,2232,2339,1825,189,559,197
"1261",1623,1683,1755,1876,2052,1899,1662,1740,1764,1783
"1262",1443,1576,1686,1721,1757,1831,1655,578,466,529
"1263",1455,1450,1539,1541,1549,1608,42,50,853,1392
"1264",1455,2,4,8,28,32,33,51,5,49
"1265",1455,1382,853,1218,1253,1119,1155,1272,1332,760
"1266",1238,1685,1941,2397,1074,1129,1450,1539,1546,1245
"1267",1820,2229,2269,2365,1699,1738,1767,2349,2380,2441
"1268",1397,586,617,647,672,681,747,768,794,830
"1269",1118,1181,2229,2269,2365,2349,2380,2441,923,963
"1270",1238,923,963,1028,1047,1085,1126,1173,1229,1258
"1271",1450,1539,1357,1447,1570,948,1019,1304,1490,1039
"1272",203,189,281,690,252,268,290,300,173,218
"1273",1455,1549,1608,1541,1392,1450,1539,5,49,2
"1274",690,203,189,586,617,647,672,681,747,768
"1275",578,559,618,646,676,684,1230,2072,267,225
"1276",119,1443,466,529,1666,1749,1784,1843,2040,578
"1277",140,119,42,50,2,4,8,28,32,33
"1278",1,11,26,38,56,3,10,12,14,15
"1279",1843,1629,1763,1699,1738,1767,1432,1526,1569,1639
"1280",1876,2052,1899,1623,1683,1755,1740,1764,1783,1823
"1281",1623,1683,1755,1876,2052,1899,1238,923,963,1028
"1282",1623,1683,1755,1876,2052,1899,1238,1377,1501,923
"1283",1450,1539,1541,42,50,1397,1549,1608,1357,1447
"1284",2,4,8,28,32,33,51,7,9,13
"1285",1666,1749,1784,1843,2,4,8,28,32,33
"1286",1397,735,756,778,855,1057,586,617,647,672
"1287",923,963,1028,1047,1085,1126,1173,1229,1258,1279
"1288",485,228,238,86,784,809,663,687,716,1034
"1289",2,4,8,28,32,33,51,119,5,49
"1290",1623,1683,1755,1876,2052,1899,1662,1740,1764,1783
"1291",3,10,12,14,15,22,24,34,62,2046
"1292",2138,1906,2084,2056,2112,2230,2289,140,1963,2200
"1293",332,2072,2189,2232,189,2,4,8,28,32
"1294",1450,1539,1357,1447,1570,1039,1429,853,1657,948
"1295",1541,1549,1608,1455,2,4,8,28,32,33
"1296",6,16,17,18,19,20,25,27,31,36
"1297",1541,1549,1608,2,4,8,28,32,33,51
