"","V1","V2","V3","V4","V5","V6","V7","V8","V9","V10"
"1",189,3003,2852,2928,266,422,115,3004,190,421
"2",2852,2928,3004,3003,2776,2851,2927,495,3009,2844
"3",34,50,51,52,53,54,55,56,57,58
"4",2932,2924,2856,2920,2996,2844,2938,3015,2933,3009
"5",34,50,51,52,53,54,55,56,57,58
"6",189,266,190,115,634,34,633,708,191,57
"7",1,2,3,4,5,6,7,8,9,10
"8",189,266,190,115,34,634,1330,57,58,59
"9",1188,1262,1263,1335,1336,1337,1403,1404,1405,1406
"10",189,266,190,115,191,495,1330,1786,265,1329
"11",115,189,190,266,1330,34,1104,1103,191,57
"12",2852,2928,3004,3003,2776,495,3009,2851,2927,2844
"13",3003,3004,2852,2928,2781,495,2704,2703,2927,2855
"14",3004,2852,2928,3003,2932,2703,2856,2920,2996,2844
"15",115,180,189,190,191,256,266,418,423,428
"16",1786,2932,35,559,110,3000,723,2856,483,180
"17",1,2,3,4,5,6,7,8,9,10
"18",1630,1633,1707,2244,2617,2618,2628,2629,2693,2694
"19",2932,2856,2938,3015,2924,2703,2782,2920,2996,2617
"20",1630,1631,1633,1707,2244,2617,2618,2628,2694,2700
"21",2702,2704,2769,2782,2846,2856,2932,2934,2935,2936
"22",34,117,153,154,155,156,157,158,159,160
"23",1,2,3,4,5,6,7,8,9,10
"24",34,189,266,633,634,708,190,115,57,58
"25",37,38,39,113,114,115,180,189,190,191
"26",2920,2996,2844,2932,2917,2992,2993,3009,3003,2856
"27",2852,2928,3004,3003,2537,2917,2992,2993,2613,2702
"28",34,50,51,52,53,54,55,56,57,58
"29",3004,2852,2932,2928,2856,3003,2703,2938,3015,3010
"30",2924,2932,2856,2846,2769,2933,2617,2694,2618,2938
"31",3004,3003,2920,2996,2844,2932,2852,2928,2703,3009
"32",2932,2924,2856,2769,2933,2617,2694,2618,2846,2771
"33",2852,2928,3004,3003,2776,2851,3009,2933,495,2844
"34",2781,3003,2704,2703,2920,2996,2855,2702,2782,2927
"35",1,2,3,4,5,6,7,8,9,10
"36",1633,2617,2618,2694,2702,2770,2771,2846,2847,2854
"37",1,2,3,4,5,6,7,8,9,10
"38",1,2,3,4,5,6,7,8,9,10
"39",34,36,37,38,39,40,50,51,52,53
"40",1405,1406,1487,1555,1556,1561,1562,1630,1631,1632
"41",1,2,3,4,5,6,7,8,9,10
"42",3003,2920,2996,2932,2844,1707,2924,2917,2992,2993
"43",34,50,51,52,53,54,55,56,57,58
"44",2924,2932,2856,2933,2617,2694,2618,2771,2848,2770
"45",1262,1335,1337,1404,1405,1406,1487,1489,1555,1556
"46",189,266,190,57,58,59,60,61,62,63
"47",2852,2928,3004,3003,2776,495,2702,421,2851,2927
"48",2852,2928,3004,3003,495,421,2776,420,344,2702
"49",2852,2928,3004,3003,2776,495,2927,35,2851,2702
"50",3003,2920,2996,2781,2782,2844,2932,2703,2856,2855
"51",1,2,3,4,5,6,7,8,9,10
"52",34,115,189,190,266,495,634,1102,1103,1104
"53",2844,2920,2996,2917,2992,2993,3004,2852,3009,2928
"54",2932,2924,2920,2996,2933,2844,2618,2856,2617,2694
"55",1,2,3,4,5,6,7,8,9,10
"56",189,266,190,115,191,1330,495,1786,50,51
"57",2924,2932,2920,2996,2856,3003,2844,2933,2703,3000
"58",1,2,3,4,5,6,7,8,9,10
"59",2932,2924,2856,2933,2920,2996,2938,3015,2844,2782
"60",2917,2992,2993,2932,2844,2920,2996,3009,2611,2612
"61",34,115,180,189,190,191,256,265,266,418
"62",2846,2856,2924,2932,2933,2934,2935,2936,2937,3011
"63",2917,2992,2993,2611,2612,2686,2687,2688,2689,2761
"64",2846,2932,2856,2934,2935,2936,2937,3011,3012,3013
"65",2702,2846,2934,2935,2936,2937,3011,3012,3013,3014
"66",2932,2924,1786,559,189,495,344,420,419,35
"67",2852,2928,3004,3003,2844,2920,2996,2851,3009,2927
"68",2769,2856,2924,2932,2933,2934,2935,2936,2937,3011
"69",1,2,3,4,5,6,7,8,9,10
"70",34,634,633,708,189,57,58,59,60,61
"71",38,50,51,52,53,54,55,56,57,58
"72",34,35,50,51,52,53,54,55,56,57
"73",2852,2928,2917,2992,2993,2537,2613,2611,2612,2686
"74",344,419,420,421,495,2702,2776,2852,2921,2928
"75",1,2,3,4,5,6,7,8,9,10
"76",2856,2924,2932,2933,2934,2935,2936,2937,3011,3012
"77",1,2,3,4,5,6,7,8,9,10
"78",1630,1633,1706,1707,1786,1949,2025,2101,2244,2334
"79",34,115,189,190,266,633,634,708,57,58
"80",2932,2924,2856,2938,3015,2933,2769,3010,2857,2703
"81",2852,2928,3003,3004,2927,2851,2776,2844,2920,2996
"82",2852,2928,3004,3003,2776,2851,3009,2844,2927,2920
"83",2932,2924,2920,2996,2844,2856,2933,2938,3015,3009
"84",1633,2617,2618,2694,2702,2770,2771,2778,2846,2847
"85",1,2,3,4,5,6,7,8,9,10
"86",2852,2928,3004,3003,495,2776,2851,2927,421,3009
"87",189,266,2932,190,2856,115,2924,50,51,52
"88",1405,1555,1630,1631,1632,1633,1706,1707,1708,1786
"89",3003,3004,2928,2852,2927,2851,2920,2996,2844,2776
"90",1,2,3,4,5,6,7,8,9,10
"91",2932,2856,2924,2938,3015,2920,2996,3003,2703,2844
"92",34,36,37,38,39,40,50,51,52,53
"93",2702,2846,2934,2935,2936,2937,3011,3012,3013,3014
"94",1,2,3,4,5,6,7,8,9,10
"95",1,2,3,4,5,6,7,8,9,10
"96",3004,2852,2928,3009,2844,2920,2996,3003,2932,2703
"97",1,2,3,4,5,6,7,8,9,10
"98",2924,2932,2856,2938,3015,3010,2933,2857,2920,2996
"99",2932,2856,2924,2938,3015,2920,2996,2933,3010,2782
"100",1,2,3,4,5,6,7,8,9,10
"101",2852,2928,3004,189,3003,2702,2776,35,344,421
"102",1,2,3,4,5,6,7,8,9,10
"103",1,2,3,4,5,6,7,8,9,10
"104",1,2,3,4,5,6,7,8,9,10
"105",34,35,50,51,52,53,54,55,56,57
"106",1633,2702,2704,2705,2781,2782,2846,2854,2856,2930
"107",2932,2856,2852,2618,2617,2694,3010,2537,3009,2780
"108",1,2,3,4,5,6,7,8,9,10
"109",1405,1406,1562,1630,1631,1633,1706,1707,1708,1786
"110",34,38,39,50,51,52,53,54,55,56
"111",2932,2856,2924,2933,2934,2935,2936,2937,3011,3012
"112",378,379,380,451,452,453,454,455,456,524
"113",1,2,3,4,5,6,7,8,9,10
"114",2852,2917,2992,2993,2928,2537,2613,2614,2691,2611
"115",2852,2928,3004,2776,3003,495,344,419,420,2702
"116",1707,634,633,708,35,34,1631,705,706,707
"117",2852,2928,3004,2776,3003,3009,2631,2632,2633,2634
"118",2769,2846,2856,2924,2932,2933,2934,2935,2936,2937
"119",3004,3009,2852,2928,2844,2920,2996,2917,2992,2993
"120",1405,1406,1487,1555,1556,1561,1562,1630,1631,1632
"121",2852,2928,3004,3003,2776,495,3009,2851,2702,2927
"122",1,2,3,4,5,6,7,8,9,10
"123",2852,2928,3004,2776,3003,495,2702,344,420,3009
"124",1188,1262,1263,1335,1336,1337,1403,1404,1405,1406
"125",2852,3004,2928,189,3003,2776,421,344,420,3009
"126",3004,2852,2928,3003,2920,2996,2844,2703,2855,2776
"127",1,2,3,4,5,6,7,8,9,10
"128",34,38,50,51,52,53,54,55,56,57
"129",3003,2781,1707,2702,2920,2996,2703,2855,2809,2888
"130",2920,2996,2844,2932,3003,3004,2852,2928,3009,2703
"131",2852,2928,3003,3004,2178,2927,2851,2781,2920,2996
"132",34,50,51,52,53,54,55,56,57,58
"133",2852,2928,3004,2702,495,3003,2776,421,344,420
"134",1,2,3,4,5,6,7,8,9,10
"135",1,2,3,4,5,6,7,8,9,10
"136",1,2,3,4,5,6,7,8,9,10
"137",1,2,3,4,5,6,7,8,9,10
"138",1405,1406,1487,1555,1556,1561,1562,1630,1631,1632
"139",1,2,3,4,5,6,7,8,9,10
"140",3004,2852,2928,3003,2844,2920,2996,2776,2927,2855
"141",34,117,153,154,155,156,157,158,159,160
"142",2852,2928,3004,3003,495,2776,2702,344,420,421
"143",2844,2920,2996,2917,2992,2993,3009,3003,2932,2933
"144",2852,2928,3004,3003,2776,3009,2851,2844,2933,2917
"145",1,2,3,4,5,6,7,8,9,10
"146",1,2,3,4,5,6,7,8,9,10
"147",2844,2920,2996,2917,2992,2993,3009,3004,2852,3003
"148",420,344,419,2852,3004,2928,423,2856,495,2932
"149",2852,2928,3004,3003,2776,2702,495,3009,2851,2845
"150",34,50,51,52,53,54,55,56,57,58
"151",34,50,51,52,53,54,55,56,57,58
"152",1,2,3,4,5,6,7,8,9,10
"153",1,2,3,4,5,6,7,8,9,10
"154",3004,2852,2928,2844,3009,2920,2996,2917,2992,2993
"155",2852,2928,3003,3004,2776,495,2851,2927,344,420
"156",1,2,3,4,5,6,7,8,9,10
"157",1,2,3,4,5,6,7,8,9,10
"158",1,2,3,4,5,6,7,8,9,10
"159",1,2,3,4,5,6,7,8,9,10
"160",2852,2917,2992,2993,2928,3004,2844,3009,2920,2996
"161",1,2,3,4,5,6,7,8,9,10
"162",495,2702,2852,2928,3004,344,2776,420,419,3003
"163",1,2,3,4,5,6,7,8,9,10
"164",1,2,3,4,5,6,7,8,9,10
"165",1,2,3,4,5,6,7,8,9,10
"166",2844,2920,2996,2917,2992,2993,2932,3009,2933,2703
"167",34,115,153,154,155,156,157,158,159,160
"168",1262,1335,1337,1404,1405,1406,1487,1489,1555,1556
"169",1630,1633,1706,1707,1786,2617,2618,2628,2694,2700
"170",1,2,3,4,5,6,7,8,9,10
"171",2924,2932,2856,2933,2938,3015,2769,3010,2857,2861
"172",1,2,3,4,5,6,7,8,9,10
"173",3004,2852,2928,3003,2776,2855,3009,2844,2927,2920
"174",1,2,3,4,5,6,7,8,9,10
"175",2852,2917,2992,2993,2928,3004,3009,2844,2702,2920
"176",2924,2932,2933,2856,2934,2935,2936,2937,3011,3012
"177",189,266,190,115,191,575,576,577,578,423
"178",34,35,110,117,153,154,155,156,157,158
"179",34,36,37,38,39,112,113,114,115,189
"180",34,36,38,39,50,51,52,53,54,55
"181",34,50,51,52,53,54,55,56,57,58
"182",378,379,380,451,452,453,454,455,456,524
"183",2852,2928,3004,3009,2776,117,3010,3003,2855,495
"184",1,2,3,4,5,6,7,8,9,10
"185",1,2,3,4,5,6,7,8,9,10
"186",2852,2928,3004,2917,2992,2993,3009,2776,2844,2702
"187",2852,2928,3004,495,3003,2776,2702,344,420,419
"188",2852,2928,3004,3003,2844,2776,3009,2851,2920,2996
"189",1188,1262,1263,1335,1336,1337,1403,1404,1405,1406
"190",2852,2928,3004,2776,2702,495,3003,35,344,419
"191",1,2,3,4,5,6,7,8,9,10
"192",1,2,3,4,5,6,7,8,9,10
"193",1,2,3,4,5,6,7,8,9,10
"194",2852,2928,3004,3003,2702,2776,495,2933,2851,421
"195",1188,1262,1263,1335,1336,1337,1338,1339,1403,1404
"196",2932,2924,2856,2933,2934,2935,2936,2937,3011,3012
"197",2852,2928,3004,3003,2776,2702,495,2851,2933,421
"198",2852,2917,2992,2993,3004,2928,2844,2920,2996,3009
"199",2924,2932,2856,2933,2769,2934,2935,2936,2937,3011
"200",2769,2856,2924,2932,2933,2934,2935,2936,2937,3011
"201",2852,2928,3004,3003,2776,2702,3009,2851,495,2933
"202",1262,1335,1337,1405,1406,1487,1489,1555,1556,1561
"203",1786,189,495,266,1329,190,575,576,577,578
"204",1,2,3,4,5,6,7,8,9,10
"205",2852,2928,3003,3004,2851,2776,495,2927,2933,3009
"206",1262,1335,1337,1405,1406,1487,1488,1489,1555,1556
"207",2852,3004,2928,3003,344,420,495,419,2776,3010
"208",1,2,3,4,5,6,7,8,9,10
"209",2932,2856,2924,2938,3015,2703,2617,2694,2618,2920
"210",2932,2856,2924,2617,2694,2618,2933,1786,2769,2771
"211",2924,2932,2856,2933,2846,2934,2935,2936,2937,3011
"212",36,37,38,39,50,51,52,53,54,55
"213",2932,2856,117,344,420,3009,419,2852,3010,2618
"214",1,2,3,4,5,6,7,8,9,10
"215",495,2852,2928,3003,3004,2776,2702,421,344,2851
"216",2852,2928,2856,2932,3004,420,344,3010,2780,495
"217",2924,2920,2996,2932,2844,2856,2933,3003,2938,3015
"218",1,2,3,4,5,6,7,8,9,10
"219",2852,2928,3004,2702,2776,3003,495,3009,2917,2992
"220",2917,2992,2993,2932,2920,2996,2844,3009,2537,2613
"221",1,2,3,4,5,6,7,8,9,10
"222",34,50,51,52,53,54,55,56,57,58
"223",2852,2928,3004,3003,2917,2992,2993,2776,3009,2702
"224",1,2,3,4,5,6,7,8,9,10
"225",2924,2932,2856,2920,2996,2938,3015,2933,2844,3003
"226",2932,2856,2924,2617,2694,3010,2618,2780,2938,3015
"227",2852,2928,3003,3004,2776,2851,2927,495,3009,2844
"228",1,2,3,4,5,6,7,8,9,10
"229",3003,3004,2920,2996,2844,2852,2928,2851,2927,2855
"230",34,115,189,190,191,266,495,1104,1329,1330
"231",2852,2928,3003,3004,2851,2178,2927,2776,3009,2933
"232",2924,2932,2856,2933,2617,2694,2618,1786,2771,2848
"233",2932,2924,2856,2617,2694,2618,2771,2846,2933,2770
"234",3003,2920,2996,2844,2927,3004,2703,2855,2781,2932
"235",2932,2856,2938,3015,2920,2996,2782,2924,2933,2703
"236",1405,1406,1555,1562,1630,1631,1632,1633,1706,1707
"237",1188,1262,1263,1335,1336,1337,1404,1405,1406,1480
"238",1188,1262,1263,1335,1336,1337,1402,1403,1404,1405
"239",1,2,3,4,5,6,7,8,9,10
"240",1,2,3,4,5,6,7,8,9,10
"241",1405,1406,1487,1555,1556,1562,1630,1631,1632,1633
"242",2932,2917,2992,2993,2920,2996,2844,3009,2856,2924
"243",2917,2992,2993,2537,2932,2611,2612,2686,2687,2688
"244",34,50,51,52,53,54,55,56,57,58
"245",189,344,420,266,419,190,115,423,191,422
"246",1633,2617,2618,2694,2702,2705,2769,2770,2771,2778
"247",1,2,3,4,5,6,7,8,9,10
"248",1,2,3,4,5,6,7,8,9,10
"249",1786,2702,1707,1785,189,634,2846,2934,2935,2936
"250",1188,1262,1263,1335,1336,1337,1338,1339,1403,1404
"251",2852,2928,3004,3003,189,2776,2851,344,2927,420
"252",1,2,3,4,5,6,7,8,9,10
"253",1,2,3,4,5,6,7,8,9,10
"254",2852,2928,3004,3009,3003,2844,2917,2992,2993,2776
"255",2852,2928,3004,3003,495,2851,2776,2927,2933,2702
"256",1,2,3,4,5,6,7,8,9,10
"257",2924,2932,2856,2933,2920,2996,2938,3015,2844,2782
"258",2852,2928,3003,3004,2851,495,2927,2776,2933,3009
"259",1,2,3,4,5,6,7,8,9,10
"260",2852,2928,3003,3004,2776,2851,2927,2844,3009,2920
"261",2856,2924,2932,2846,2934,2935,2936,2937,3011,3012
"262",2852,2928,3004,3003,2844,2776,3009,2920,2996,2851
"263",1405,1406,1487,1555,1556,1562,1630,1631,1632,1633
"264",34,35,115,189,190,266,1330,57,58,59
"265",2852,2928,3004,3003,495,2776,3009,2851,421,2702
"266",2924,2932,2856,2933,2857,2617,2694,2618,2771,2938
"267",1,2,3,4,5,6,7,8,9,10
"268",115,180,189,190,256,266,495,633,634,708
"269",2932,2924,2856,2920,2996,3010,2938,3015,2844,2782
"270",1188,1262,1263,1335,1336,1337,1403,1404,1405,1406
"271",34,50,51,52,53,54,55,56,57,58
"272",34,36,37,38,39,50,51,52,53,54
"273",2852,2928,3003,3004,2776,2927,2851,495,2844,2781
"274",2852,2928,3003,3004,189,266,115,421,190,2927
"275",378,379,380,451,452,453,454,455,456,524
"276",378,379,380,451,452,453,454,455,456,524
"277",34,50,51,52,53,54,55,56,57,58
"278",2852,2928,189,3004,344,420,3003,423,419,422
"279",3003,3004,2852,2928,2920,2996,2844,2927,2851,2855
"280",344,420,495,2776,2851,2852,2927,2928,3003,3004
"281",34,35,50,51,52,53,54,55,56,57
"282",1,2,3,4,5,6,7,8,9,10
"283",2852,2928,3004,2613,2917,2992,2993,2702,2537,2614
"284",344,420,421,495,2702,2776,2781,2845,2851,2852
"285",1,2,3,4,5,6,7,8,9,10
"286",2852,2928,3004,3003,2844,2920,2996,3009,2917,2992
"287",2844,2920,2996,3004,3003,3009,2852,2932,2928,2855
"288",34,115,189,190,191,266,633,634,708,1102
"289",1633,2617,2618,2694,2702,2705,2769,2770,2771,2778
"290",378,379,380,451,452,453,454,455,456,524
"291",495,2776,2851,2852,2928,3003,3004,2927,2781,344
"292",2852,2928,3004,3003,3009,2776,2844,2851,2920,2996
"293",3003,3004,2928,2852,2920,2996,2927,2844,2178,2704
"294",378,379,380,451,452,453,454,455,456,524
"295",3003,3004,2928,2852,2178,2927,2851,2920,2996,2844
"296",2932,2856,2704,2920,2996,2782,2938,3015,3003,2703
"297",1262,1335,1405,1406,1487,1555,1556,1561,1562,1629
"298",1,2,3,4,5,6,7,8,9,10
"299",2852,2928,3003,3004,2776,495,2702,2851,2927,421
"300",34,38,50,51,52,53,54,55,56,57
"301",2856,2924,2932,2769,2704,2782,2938,3015,2846,2933
"302",2702,2704,2769,2782,2846,2856,2932,2934,2935,2936
"303",1,2,3,4,5,6,7,8,9,10
"304",1,2,3,4,5,6,7,8,9,10
"305",34,50,51,52,53,54,55,56,57,58
"306",344,421,495,2776,2852,2928,3003,3004,2851,420
"307",2852,2928,3004,2776,2702,3003,344,2917,2992,2993
"308",1,2,3,4,5,6,7,8,9,10
"309",1,2,3,4,5,6,7,8,9,10
"310",2932,2856,2924,2846,2769,2782,2933,2704,2934,2935
"311",378,379,380,451,452,453,454,455,456,524
"312",1,2,3,4,5,6,7,8,9,10
"313",2852,2928,3004,3003,2776,495,344,420,419,2927
"314",34,36,38,39,50,51,52,53,54,55
"315",1,2,3,4,5,6,7,8,9,10
"316",2852,2928,3003,3004,2776,2851,2927,495,3009,2844
"317",1633,2702,2704,2781,2782,2846,2856,2932,2934,2935
"318",495,2776,2851,2852,2928,3003,3004,2933,2927,2702
"319",2852,2928,3003,3004,2927,2776,2851,2844,2920,2996
"320",1,2,3,4,5,6,7,8,9,10
"321",1633,1707,2244,2617,2618,2693,2694,2700,2702,2703
"322",1630,1633,1706,1707,1786,2244,2553,2617,2618,2628
"323",2856,2932,2934,2935,2936,2937,3011,3012,3013,3014
"324",1,2,3,4,5,6,7,8,9,10
"325",2856,2932,2938,3015,2924,2782,2934,2935,2936,2937
"326",1633,2244,2616,2617,2618,2628,2693,2694,2700,2702
"327",1405,1406,1562,1630,1631,1633,1706,1707,1708,1722
"328",1630,1633,1707,2700,2702,2703,2704,2705,2770,2771
"329",2932,2856,2924,3003,2938,3015,2920,2996,2782,2703
"330",1,2,3,4,5,6,7,8,9,10
"331",1,2,3,4,5,6,7,8,9,10
"332",189,266,190,115,495,1786,1330,191,1102,1104
"333",2852,2928,3003,3004,2776,2851,2702,2927,495,2933
"334",3004,2852,2928,3003,2851,189,2844,2920,2996,2927
"335",2852,2928,3004,3003,2776,2851,3009,2927,495,2855
"336",2852,2928,3003,3004,2776,2851,495,2927,421,2781
"337",1,2,3,4,5,6,7,8,9,10
"338",3003,3004,2928,2852,2920,2996,2781,2927,2844,2851
"339",34,35,36,40,41,42,50,51,52,53
"340",1,2,3,4,5,6,7,8,9,10
"341",378,379,380,451,452,453,454,455,456,524
"342",115,189,190,266,191,1330,423,50,51,52
"343",2924,2932,2856,2938,3015,2920,2996,2782,2933,2769
"344",1,2,3,4,5,6,7,8,9,10
"345",2852,2928,3003,3004,2776,344,495,420,419,421
"346",1,2,3,4,5,6,7,8,9,10
"347",2852,2928,3003,3004,2776,495,2851,2927,344,421
"348",1,2,3,4,5,6,7,8,9,10
"349",38,50,51,52,53,54,55,56,57,58
"350",2932,3003,2920,2996,2924,2844,2856,3004,2703,2938
"351",2618,2702,2617,2694,2932,2770,2771,2917,2992,2993
"352",3004,2852,2928,3003,2844,2920,2996,3009,2851,2776
"353",2852,2928,3004,3003,2776,495,2702,344,421,420
"354",2852,2928,3003,3004,2776,2927,495,2851,3009,344
"355",2852,2928,3004,3003,2776,2702,3009,189,2917,2992
"356",1,2,3,4,5,6,7,8,9,10
"357",1,2,3,4,5,6,7,8,9,10
"358",2924,2932,2856,2933,2617,2694,2618,2771,2770,2848
"359",2852,2928,3004,2702,495,2776,344,420,419,3003
"360",1633,2700,2702,2704,2705,2781,2782,2846,2856,2932
"361",2924,2932,2856,2933,2617,2694,2618,2771,2780,2537
"362",34,38,39,50,51,52,53,54,55,56
"363",1,2,3,4,5,6,7,8,9,10
"364",1,2,3,4,5,6,7,8,9,10
"365",34,57,58,59,60,61,62,63,64,130
"366",189,266,190,115,3003,191,34,35,57,58
"367",2932,2856,2924,2920,2996,2938,3015,2782,2844,2703
"368",2852,2928,3003,3004,2178,2927,2851,2920,2996,2844
"369",1,2,3,4,5,6,7,8,9,10
"370",1,2,3,4,5,6,7,8,9,10
"371",1,2,3,4,5,6,7,8,9,10
"372",378,379,380,451,452,453,454,455,456,524
"373",3004,2852,2928,3003,3009,2776,2844,2920,2996,2851
"374",2852,2928,3004,495,2702,2776,3003,421,3009,344
"375",2856,2932,3003,2704,2782,2703,2938,3015,2920,2996
"376",1,2,3,4,5,6,7,8,9,10
"377",1,2,3,4,5,6,7,8,9,10
"378",2917,2992,2993,2852,2920,2996,3003,2844,2537,2613
"379",2852,2928,3004,3003,2851,2776,2844,3009,2855,2920
"380",2852,2928,3004,3003,2702,2776,344,420,495,421
"381",2852,2928,3003,3004,2776,344,2851,420,2702,2933
"382",1,2,3,4,5,6,7,8,9,10
"383",2852,2928,3003,3004,2776,2851,2927,2844,2920,2996
"384",1,2,3,4,5,6,7,8,9,10
"385",2924,2932,2933,2917,2992,2993,2856,2920,2996,2844
"386",2852,2928,3004,3003,2776,495,2702,2934,2935,2936
"387",34,50,51,52,53,54,55,56,57,58
"388",1630,1633,1706,1707,1949,2025,2101,2244,2334,2335
"389",1,2,3,4,5,6,7,8,9,10
"390",1630,1633,1707,1786,2244,2617,2618,2628,2694,2700
"391",1,2,3,4,5,6,7,8,9,10
"392",2852,2928,3004,2702,2776,495,3003,344,2934,2935
"393",1633,1707,2700,2702,2703,2704,2705,2769,2770,2771
"394",1,2,3,4,5,6,7,8,9,10
"395",1,2,3,4,5,6,7,8,9,10
"396",1,2,3,4,5,6,7,8,9,10
"397",2924,189,2932,266,190,115,1786,2856,495,2933
"398",1,2,3,4,5,6,7,8,9,10
"399",2852,2928,3003,3004,2776,344,2702,420,419,495
"400",1,2,3,4,5,6,7,8,9,10
"401",2852,2928,3004,3003,495,2776,2702,2927,344,420
"402",1,2,3,4,5,6,7,8,9,10
"403",2917,2992,2993,2920,2996,2844,3009,2932,2611,2612
"404",2924,2932,2856,2769,2933,2938,3015,3010,2617,2694
"405",2776,2852,2928,3003,3004,2851,2927,35,3009,495
"406",1188,1262,1263,1335,1336,1337,1403,1404,1405,1406
"407",1,2,3,4,5,6,7,8,9,10
"408",2852,2928,3004,189,3003,344,420,266,419,190
"409",2852,2928,3004,189,2917,2992,2993,344,420,2702
"410",2852,2928,3003,3004,2851,2776,2927,495,3009,2844
"411",2932,2924,2920,2996,2856,2844,3003,2938,3015,2933
"412",1,2,3,4,5,6,7,8,9,10
"413",2852,2928,3003,3004,2776,2927,421,495,2851,2702
"414",1,2,3,4,5,6,7,8,9,10
"415",115,189,190,266,1786,1329,495,575,576,577
"416",2932,2856,2934,2935,2936,2937,3011,3012,3013,3014
"417",1,2,3,4,5,6,7,8,9,10
"418",2852,2928,3004,3003,2178,2844,2920,2996,2855,2938
"419",189,634,633,708,34,266,153,154,155,156
"420",2920,2996,2844,2932,3003,2703,2856,2938,3015,2855
"421",1,2,3,4,5,6,7,8,9,10
"422",2852,2928,3004,3003,2776,495,421,2917,2992,2993
"423",1,2,3,4,5,6,7,8,9,10
"424",1,2,3,4,5,6,7,8,9,10
"425",1630,1633,1706,1707,1708,1786,2244,2553,2617,2618
"426",2932,2924,2917,2992,2993,2856,2920,2996,2933,2844
"427",378,379,380,451,452,453,454,455,456,524
"428",2852,2928,3003,3004,495,2776,2851,2927,421,2781
"429",1,2,3,4,5,6,7,8,9,10
"430",2852,2928,3003,3004,2613,2917,2992,2993,2614,2691
"431",1,2,3,4,5,6,7,8,9,10
"432",2852,2928,3004,189,3003,344,420,419,423,115
"433",34,36,37,38,39,40,50,51,52,53
"434",2852,2928,3004,3003,3009,2844,2776,2920,2996,2851
"435",2852,2928,3004,3003,344,2776,495,421,420,419
"436",2852,2928,3004,3003,2933,2776,2702,2851,421,495
"437",2852,2928,3003,3004,2927,2851,2776,495,2781,2844
"438",2924,2932,2856,2920,2996,2938,3015,2933,2782,2844
"439",1,2,3,4,5,6,7,8,9,10
"440",1,2,3,4,5,6,7,8,9,10
"441",378,379,380,451,452,453,454,455,456,524
"442",2852,2928,3003,3004,2776,2851,2927,2844,2920,2996
"443",378,379,380,451,452,453,454,455,456,524
"444",1,2,3,4,5,6,7,8,9,10
"445",2852,2928,3004,3003,2776,2851,421,2927,495,2933
"446",1633,2617,2618,2694,2702,2704,2705,2769,2770,2771
"447",1,2,3,4,5,6,7,8,9,10
"448",1,2,3,4,5,6,7,8,9,10
"449",2924,2932,2856,2933,2769,2846,2920,2996,2782,2938
"450",1405,1406,1562,1630,1631,1633,1706,1707,1708,1786
"451",1262,1335,1337,1404,1405,1406,1487,1489,1555,1556
"452",1,2,3,4,5,6,7,8,9,10
"453",34,50,51,52,53,54,55,56,57,58
"454",2932,2924,2920,2996,2856,2844,2938,3015,2933,2782
"455",2917,2992,2993,2932,2611,2612,2686,2687,2688,2689
"456",23,24,34,36,37,38,39,40,50,51
"457",2852,2928,3004,3003,2776,2917,2992,2993,2927,2613
"458",378,379,380,451,452,453,454,455,456,524
"459",2852,2928,3004,3003,189,2776,2844,3009,2920,2996
"460",2852,2928,3004,3003,189,2776,2917,2992,2993,2702
"461",2852,2928,3004,3003,2776,495,2702,2851,2927,3009
"462",2924,2932,2856,2933,2938,3015,2920,2996,2617,2694
"463",1633,2700,2702,2705,2781,2846,2847,2854,2930,2934
"464",2924,2932,2856,2933,2769,2938,3015,2920,2996,2617
"465",3003,189,2920,2996,2844,35,2852,2927,2781,2928
"466",1405,1406,1487,1555,1556,1561,1562,1630,1631,1632
"467",1,2,3,4,5,6,7,8,9,10
"468",378,379,380,451,452,453,454,455,456,524
"469",1630,1633,1786,2617,2618,2628,2694,2700,2702,2705
"470",378,379,380,451,452,453,454,455,456,524
"471",2920,2996,2932,3003,2844,2924,2856,2703,2938,3015
"472",3003,2856,2932,2704,2938,3015,2920,2996,2703,3004
"473",3004,2928,2852,3003,2920,2996,2844,2927,2851,2855
"474",34,50,51,52,53,54,55,56,57,58
"475",2932,2856,2924,2920,2996,2844,2938,3015,3003,2703
"476",2769,2856,2924,2932,2933,2782,2938,3015,2934,2935
"477",2852,2928,3004,3003,2844,2920,2996,2917,2992,2993
"478",2852,2928,3003,3004,2851,2927,2776,2933,495,2844
"479",2852,2928,3004,495,344,420,3003,2776,419,2702
"480",2920,2996,2844,2932,2933,2703,2855,3009,2856,2938
"481",2852,2928,3004,2702,421,495,2776,422,188,37
"482",1,2,3,4,5,6,7,8,9,10
"483",1,2,3,4,5,6,7,8,9,10
"484",2852,2928,3004,344,420,419,2702,495,2776,3003
"485",1,2,3,4,5,6,7,8,9,10
"486",2852,2928,3003,3004,2776,495,2927,2851,344,420
"487",1,2,3,4,5,6,7,8,9,10
"488",2702,2704,2769,2782,2846,2856,2924,2932,2933,2934
"489",1,2,3,4,5,6,7,8,9,10
"490",1630,1633,1706,1707,1786,2244,2617,2618,2628,2694
"491",34,115,189,190,191,265,266,418,495,1102
"492",1,2,3,4,5,6,7,8,9,10
"493",3009,117,2932,2844,3004,2920,2996,2852,2928,2917
"494",1405,1406,1487,1561,1562,1630,1631,1632,1633,1706
"495",2920,2996,2844,2932,3009,2924,2917,2992,2993,2933
"496",2852,2928,3004,189,2917,2992,2993,420,344,2537
"497",1630,1631,1633,1707,1786,2244,2617,2618,2628,2694
"498",1786,189,1329,723,495,266,190,115,575,576
"499",2856,2932,2704,2938,3015,2924,2769,2782,2178,2703
"500",495,2776,2851,2852,2927,2928,2933,3003,3004,421
"501",2852,2928,3004,3003,2776,3009,2851,2844,2933,2920
"502",115,189,190,266,633,634,708,1330,1786,34
"503",2932,2917,2992,2993,2920,2996,2844,2856,3009,2924
"504",1,2,3,4,5,6,7,8,9,10
"505",2852,2928,3003,3004,2776,344,2927,420,2851,495
"506",1,2,3,4,5,6,7,8,9,10
"507",2702,2704,2769,2782,2846,2856,2924,2932,2933,2934
"508",3004,2852,2932,2928,2856,3003,3010,2938,3015,3009
"509",1630,1633,1707,1786,1949,2025,2101,2244,2616,2617
"510",2852,2928,3004,2702,1722,1798,1874,1190,419,495
"511",2852,2928,3003,3004,495,2776,2851,2927,421,2702
"512",2932,2924,2920,2996,2917,2992,2993,2844,2933,2611
"513",1405,1406,1555,1562,1630,1631,1632,1633,1706,1707
"514",2776,2852,2928,3003,3004,2851,2927,2844,3009,2631
"515",1262,1335,1336,1337,1403,1404,1405,1406,1487,1489
"516",2932,2856,2920,2996,2938,3015,2618,3003,2617,2694
"517",2852,2928,3004,3003,2776,2917,2992,2993,2702,3009
"518",1,2,3,4,5,6,7,8,9,10
"519",1,2,3,4,5,6,7,8,9,10
"520",1633,2617,2618,2694,2702,2705,2770,2771,2778,2782
"521",2852,2928,3004,3003,2776,189,2702,2927,344,421
"522",2852,3004,2928,3003,3009,2844,2917,2992,2993,2776
"523",2932,2917,2992,2993,2920,2996,2844,2924,2611,2612
"524",1405,1406,1562,1630,1633,1706,1707,1708,1786,1949
"525",1,2,3,4,5,6,7,8,9,10
"526",2776,2852,2928,3003,3004,2702,495,2851,344,2933
"527",2852,2928,3003,3004,2178,2851,2776,2855,3009,2844
"528",23,24,34,36,37,38,39,40,41,50
"529",2852,2928,3004,3003,2776,2851,3009,2927,2844,495
"530",2852,2928,3004,2917,2992,2993,2613,2537,2614,2691
"531",2932,2856,2938,3015,2924,3010,2933,2769,2920,2996
"532",2924,2932,2856,2920,2996,2933,2844,2938,3015,2857
"533",2932,2917,2992,2993,3009,2920,2996,2844,2852,2856
"534",2932,2856,3004,3003,2938,3015,2703,2920,2996,2852
"535",634,633,708,189,34,705,706,707,778,779
"536",1630,1633,2617,2618,2694,2702,2770,2771,2778,2846
"537",2702,2852,2928,3004,344,420,495,419,2776,421
"538",1405,1406,1487,1555,1556,1561,1562,1630,1631,1632
"539",3003,2920,2996,2844,3004,2932,2938,3015,2703,2927
"540",3004,2852,2928,189,3009,3003,2851,2933,2844,2776
"541",378,379,380,451,452,453,454,455,456,524
"542",378,379,380,451,452,453,454,455,456,524
"543",2932,180,3000,35,1786,110,2924,262,256,559
"544",1188,1262,1263,1335,1336,1337,1403,1404,1405,1406
"545",34,115,153,154,155,156,157,158,159,160
"546",2932,2856,2924,3003,2920,2996,2703,2782,2938,3015
"547",2932,2920,2996,2933,2856,2844,2618,2934,2935,2936
"548",1,2,3,4,5,6,7,8,9,10
"549",189,266,190,115,1786,575,576,577,578,1329
"550",2917,2992,2993,2852,2928,2611,2612,2686,2687,2688
"551",2924,2932,2856,2920,2996,2844,2938,3015,2933,2782
"552",34,50,51,52,53,54,55,56,57,58
"553",2844,2920,2996,3009,2917,2992,2993,2933,189,2855
"554",34,35,50,51,52,53,54,55,56,57
"555",2932,2856,1707,2846,2782,2704,2924,2920,2996,2934
"556",189,266,190,115,34,35,3003,634,1786,633
"557",495,2776,2851,2852,2927,2928,3003,3004,421,344
"558",2932,2924,2856,2920,2996,3003,2938,3015,2844,2782
"559",2852,2928,3004,344,420,419,2702,2776,421,189
"560",34,50,51,52,53,54,55,56,57,58
"561",2932,2924,1786,2856,3000,2617,2694,2618,344,420
"562",2856,2924,2932,2769,2938,3015,2933,2782,3010,2920
"563",2776,2851,2852,2927,2928,3003,3004,495,2933,2781
"564",2924,2932,2856,2920,2996,2933,2844,2938,3015,2782
"565",34,35,117,153,154,155,156,157,158,159
"566",1,2,3,4,5,6,7,8,9,10
"567",115,189,190,191,266,1330,1102,34,634,1104
"568",1786,1329,495,419,575,576,577,578,420,189
"569",378,379,380,451,452,453,454,455,456,524
"570",1,2,3,4,5,6,7,8,9,10
"571",115,189,190,191,266,495,1330,1104,265,1329
"572",2852,2928,3003,3004,2917,2992,2993,189,2920,2996
"573",2932,2924,2917,2992,2993,2920,2996,2844,3009,2611
"574",2856,2924,2932,2769,2933,2920,2996,2782,2938,3015
"575",344,419,420,495,2702,2776,2852,2928,3003,3004
"576",1,2,3,4,5,6,7,8,9,10
"577",2852,2928,3004,3003,2776,3009,495,2844,2920,2996
"578",1,2,3,4,5,6,7,8,9,10
"579",1262,1335,1337,1405,1406,1487,1489,1555,1556,1561
"580",2704,3003,2856,2932,3004,2703,2178,2938,3015,2782
"581",2852,2928,3003,3004,2776,2851,495,2933,2927,3009
"582",495,2852,2928,3004,2702,2776,3003,344,420,421
"583",2924,2932,2856,2933,3000,2857,2938,3015,3010,2920
"584",2917,2992,2993,2932,3009,2844,2920,2996,2856,2938
"585",2917,2992,2993,2932,2924,2611,2612,2686,2687,2688
"586",2924,2932,2856,2933,2617,2694,2618,2769,2771,2848
"587",2932,2924,2856,2938,3015,2920,2996,2933,2844,2782
"588",495,2852,2928,3003,3004,2702,421,2776,420,344
"589",2924,2932,2856,2933,2769,2938,3015,2857,2617,2694
"590",1,2,3,4,5,6,7,8,9,10
"591",3004,2856,2932,2852,2938,3015,3003,2928,2924,2704
"592",1405,1406,1555,1562,1630,1631,1632,1633,1706,1707
"593",2924,2932,2856,2933,2769,2920,2996,2934,2935,2936
"594",189,2917,2992,2993,2932,2920,2996,2844,798,2933
"595",2844,2920,2996,2917,2992,2993,3009,2932,2631,3004
"596",378,379,380,451,452,453,454,455,456,524
"597",2852,2928,3004,3003,344,420,421,419,2776,189
"598",1707,2702,2704,2846,2856,2932,2934,2935,2936,2937
"599",2852,2928,3004,3009,3003,2844,2920,2996,189,2776
"600",2851,2852,2927,2928,3003,3004,2933,2776,495,2844
"601",1,2,3,4,5,6,7,8,9,10
"602",1633,2617,2618,2693,2694,2700,2702,2703,2704,2705
"603",2852,2928,3004,3003,2776,2933,2702,3009,2917,2992
"604",3004,2928,2852,3003,2844,2920,2996,2851,2927,3009
"605",1405,1406,1487,1555,1556,1562,1630,1631,1632,1633
"606",1,2,3,4,5,6,7,8,9,10
"607",378,379,380,451,452,453,454,455,456,524
"608",2932,2924,2856,2933,2938,3015,2920,2996,2769,2844
"609",1188,1262,1263,1335,1336,1337,1403,1404,1405,1406
"610",2852,2928,3004,3003,2702,2776,495,421,344,420
"611",633,634,708,705,706,707,778,779,780,781
"612",2924,2932,2856,2933,2617,2694,2618,2920,2996,2938
"613",1786,189,266,190,115,575,576,577,578,495
"614",2852,2928,3004,495,3003,2776,3009,344,420,3010
"615",1,2,3,4,5,6,7,8,9,10
"616",2852,3004,2928,2933,3003,2844,2920,2996,3009,2851
"617",2852,2928,3003,3004,2927,2851,2776,2781,421,495
"618",2846,2932,2934,2935,2936,2937,3011,3012,3013,3014
"619",115,189,190,191,265,266,495,1102,1104,1329
"620",2852,2928,3004,3003,2776,2851,2844,2927,2920,2996
"621",2852,2928,3004,495,2776,3003,2702,344,419,420
"622",1,2,3,4,5,6,7,8,9,10
"623",2856,2934,2935,2936,2937,3011,3012,3013,3014,2932
"624",2852,2928,3004,35,3003,189,2178,34,421,422
"625",2852,2928,3004,344,420,419,2702,423,421,422
"626",2852,2928,3003,3004,2776,2851,495,2927,3009,2702
"627",34,115,153,154,155,156,157,158,159,160
"628",1,2,3,4,5,6,7,8,9,10
"629",115,189,190,266,191,1104,34,1330,265,1786
"630",1,2,3,4,5,6,7,8,9,10
"631",1,2,3,4,5,6,7,8,9,10
"632",2852,2928,3004,3003,495,2776,421,2702,2851,344
"633",378,379,380,451,452,453,454,455,456,524
"634",2852,2928,3004,3003,2776,2851,2927,2933,3009,495
"635",2917,2992,2993,2611,2612,2686,2687,2688,2689,2761
"636",2702,2770,2771,2846,2854,2856,2930,2932,2933,2934
"637",1,2,3,4,5,6,7,8,9,10
"638",2917,2992,2993,3003,2920,2996,2844,2852,2928,2932
"639",189,266,190,115,191,575,576,577,578,1786
"640",34,36,37,38,39,40,41,50,51,52
"641",34,38,39,50,51,52,53,54,55,56
"642",1,2,3,4,5,6,7,8,9,10
"643",2852,2928,3004,3003,2776,421,189,2851,2702,2927
"644",2852,2928,3004,189,2776,3003,344,420,419,2702
"645",34,36,37,38,39,50,51,52,53,54
"646",2932,2856,2934,2935,2936,2937,3011,3012,3013,3014
"647",34,35,36,37,38,39,40,50,51,52
"648",34,50,51,52,53,54,55,56,57,58
"649",1,2,3,4,5,6,7,8,9,10
"650",2932,2920,2996,2856,2844,2703,3003,2938,3015,2782
"651",1,2,3,4,5,6,7,8,9,10
"652",2920,2996,2932,2844,2702,2703,2856,2618,2933,2855
"653",34,50,51,52,53,54,55,56,57,58
"654",2917,2992,2993,2702,189,2537,2613,2852,2928,1190
"655",1630,1631,1633,1707,1786,1949,2025,2101,2244,2617
"656",2852,2928,3004,3003,2776,2927,2917,2992,2993,189
"657",1,2,3,4,5,6,7,8,9,10
"658",2932,3004,2852,2928,2920,2996,2844,3003,3009,2856
"659",189,2852,2928,3003,266,190,115,3004,191,423
"660",3003,2781,2703,2920,2996,2855,2702,2844,2809,2888
"661",2852,2928,3004,3003,2776,3009,2851,2933,2844,2702
"662",2852,2928,3004,3003,495,2851,2776,2933,2702,421
"663",1,2,3,4,5,6,7,8,9,10
"664",1633,2617,2618,2694,2702,2705,2769,2770,2771,2778
"665",2920,2996,2844,3003,2932,3009,2933,2855,3004,2924
"666",1,2,3,4,5,6,7,8,9,10
"667",2932,2920,2996,2844,2917,2992,2993,3009,2924,2856
"668",1,2,3,4,5,6,7,8,9,10
"669",1,2,3,4,5,6,7,8,9,10
"670",2852,2928,3003,3004,2776,2933,2851,2702,495,421
"671",1,2,3,4,5,6,7,8,9,10
"672",34,36,37,38,39,40,50,51,52,53
"673",1630,1633,1707,2244,2617,2618,2694,2700,2702,2704
"674",2852,2928,2917,2992,2993,189,422,2537,2702,3004
"675",1,2,3,4,5,6,7,8,9,10
"676",1,2,3,4,5,6,7,8,9,10
"677",2856,2924,2932,2933,2934,2935,2936,2937,3011,3012
"678",34,50,51,52,53,54,55,56,57,58
"679",34,153,154,155,156,157,158,159,160,161
"680",1,2,3,4,5,6,7,8,9,10
"681",1,2,3,4,5,6,7,8,9,10
"682",3003,3004,2932,2852,2920,2996,2928,2844,2856,2938
"683",3004,2852,2928,3003,2855,2703,2704,2938,3015,2856
"684",2852,2928,3003,3004,495,2776,2851,421,2927,344
"685",2932,2856,2924,2938,3015,3010,3004,2852,3009,2703
"686",2932,2924,2920,2996,2844,2933,2856,2938,3015,3009
"687",2852,2928,3004,2702,2776,495,3003,344,421,2851
"688",189,2852,3003,2928,3004,421,2844,2920,2996,266
"689",1,2,3,4,5,6,7,8,9,10
"690",34,35,50,51,52,53,54,55,56,57
"691",1,2,3,4,5,6,7,8,9,10
"692",1,2,3,4,5,6,7,8,9,10
"693",2852,2928,3003,3004,2917,2992,2993,2613,2537,2614
"694",2852,2928,3003,3004,2917,2992,2993,2537,2613,2614
"695",2932,2924,2856,2920,2996,2938,3015,2844,3010,2933
"696",189,190,266,115,495,1330,1102,191,180,256
"697",2852,2928,3004,3003,2933,2844,2920,2996,2851,3009
"698",2852,2928,3004,2702,422,421,423,189,2776,3003
"699",2917,2992,2993,3003,2920,2996,2844,2852,2928,3009
"700",3003,2920,2996,2844,2852,2928,2917,2992,2993,3009
"701",2924,2932,2933,2920,2996,2856,2844,2857,2782,2938
"702",1,2,3,4,5,6,7,8,9,10
"703",1,2,3,4,5,6,7,8,9,10
"704",2852,2928,3004,3003,2776,2702,2917,2992,2993,3009
"705",2924,2932,2856,2933,2846,2920,2996,2782,2769,2934
"706",2917,2992,2993,2611,2612,2686,2687,2688,2689,2761
"707",2932,2920,2996,2844,3004,3003,3009,2924,2852,2703
"708",2924,2932,2920,2996,2917,2992,2993,2844,2933,2856
"709",2852,2928,3004,3003,2776,2702,2933,2851,421,3009
"710",1630,1631,1633,1706,1707,1949,2025,2101,2244,2617
"711",34,50,51,52,53,54,55,56,57,58
"712",34,50,51,52,53,54,55,56,57,58
"713",34,36,37,38,39,40,50,51,52,53
"714",2924,2932,2856,2933,1786,2617,2694,2618,2920,2996
"715",1786,2924,2932,189,1102,634,1785,633,708,34
"716",34,36,37,38,39,50,51,52,53,54
"717",1630,1633,1706,1707,1786,1949,2025,2101,2244,2617
"718",1630,1633,1706,1707,1786,2244,2553,2617,2618,2628
"719",2852,2928,3004,3003,420,344,2702,2776,421,189
"720",2932,2924,2856,2933,2846,2617,2694,2771,2618,2934
"721",189,266,190,115,180,1102,256,495,1330,1786
"722",2852,2928,3004,3003,2776,495,2851,2927,2702,3009
"723",2932,2920,2996,2933,2844,2846,2924,2856,2702,2618
"724",1262,1335,1336,1337,1403,1404,1405,1406,1487,1489
"725",1,2,3,4,5,6,7,8,9,10
"726",3004,2920,2996,2844,3003,2852,2928,2932,3009,2938
"727",1405,1406,1555,1562,1630,1631,1632,1633,1706,1707
"728",1,2,3,4,5,6,7,8,9,10
"729",2924,2932,2856,2933,2617,2694,2618,2771,2920,2996
"730",3004,2920,2996,2844,2932,3003,2852,2928,3009,2938
"731",1,2,3,4,5,6,7,8,9,10
"732",1,2,3,4,5,6,7,8,9,10
"733",2924,2932,2920,2996,2844,2933,2856,2917,2992,2993
"734",1,2,3,4,5,6,7,8,9,10
"735",2852,2928,3004,3003,495,2776,2702,2851,344,421
"736",189,266,190,115,1786,191,34,1104,1330,1862
"737",1633,2617,2618,2694,2702,2704,2705,2769,2770,2771
"738",3004,2852,2928,189,3003,421,344,2851,2776,420
"739",2702,2770,2771,2846,2847,2854,2930,2934,2935,2936
"740",2852,2928,3004,3003,495,2776,344,420,419,2927
"741",2932,2856,2938,3015,2924,3010,2703,2861,2617,2694
"742",3003,2920,2996,3004,2844,2852,2928,2932,2703,2855
"743",23,24,34,36,37,38,39,40,41,50
"744",2852,2928,3004,2917,2992,2993,3009,2844,3003,2776
"745",2702,2846,2934,2935,2936,2937,3011,3012,3013,3014
"746",3003,189,2852,2928,2920,2996,3004,2927,2844,421
"747",2617,2618,2694,2702,2769,2770,2771,2782,2846,2856
"748",2852,2928,3004,2702,344,420,419,2776,189,423
"749",1,2,3,4,5,6,7,8,9,10
"750",1,2,3,4,5,6,7,8,9,10
"751",2924,2932,2920,2996,2844,2856,2933,2938,3015,3009
"752",3004,2852,2928,3009,2932,2844,2920,2996,3010,2855
"753",2852,2928,3004,3003,2776,3009,2844,2920,2996,2855
"754",1405,1406,1487,1555,1556,1561,1562,1630,1631,1632
"755",2852,2928,3004,2917,2992,2993,2776,3009,2702,2631
"756",2932,2924,2856,420,2537,344,2852,2617,2694,2618
"757",1,2,3,4,5,6,7,8,9,10
"758",1,2,3,4,5,6,7,8,9,10
"759",29,34,109,110,153,154,155,156,157,158
"760",34,50,51,52,53,54,55,56,57,58
"761",34,50,51,52,53,54,55,56,57,58
"762",1190,1722,1798,1874,1266,1342,1418,1494,1570,1646
"763",2852,2928,3004,495,2702,421,2776,344,420,2626
"764",189,266,190,115,191,422,1102,423,634,633
"765",34,36,37,38,39,50,51,52,53,54
"766",2846,2856,2924,2932,2933,2769,2934,2935,2936,2937
"767",2852,2928,3004,3009,3003,2933,2851,2844,2776,188
"768",2852,2928,3004,189,2776,3009,3003,2855,2844,35
"769",2856,2924,2932,2933,2846,2920,2996,2934,2935,2936
"770",1405,1406,1487,1555,1556,1562,1630,1631,1632,1633
"771",1,2,3,4,5,6,7,8,9,10
"772",2852,2928,3004,3003,2776,495,2851,2927,3009,2855
"773",32,34,36,37,38,39,50,51,52,53
"774",2932,2924,2856,2933,2617,2694,2618,2771,2770,2848
"775",1,2,3,4,5,6,7,8,9,10
"776",2917,2992,2993,2924,2932,2611,2612,2686,2687,2688
"777",1,2,3,4,5,6,7,8,9,10
"778",1405,1406,1487,1555,1556,1561,1562,1630,1631,1632
"779",1633,1707,2617,2618,2694,2700,2702,2704,2705,2769
"780",1,2,3,4,5,6,7,8,9,10
"781",2844,2917,2992,2993,2920,2996,3009,2852,3004,2928
"782",2852,3004,2928,117,419,420,3009,2702,344,189
"783",2932,2924,2856,2769,2933,3010,2857,2938,3015,2618
"784",1630,1633,1707,2244,2617,2618,2694,2700,2702,2704
"785",1,2,3,4,5,6,7,8,9,10
"786",2702,2769,2782,2846,2856,2924,2932,2933,2934,2935
"787",2920,2996,3003,2844,2933,2855,2851,2917,2992,2993
"788",1,2,3,4,5,6,7,8,9,10
"789",34,115,153,154,155,156,157,158,159,160
"790",3004,2852,2928,3009,2776,2844,3010,2920,2996,2851
"791",1,2,3,4,5,6,7,8,9,10
"792",34,117,153,154,155,156,157,158,159,160
"793",378,379,380,451,452,453,454,455,456,524
"794",2852,2928,3004,3003,2776,2844,2920,2996,2927,2851
"795",2852,2928,3003,3004,2851,2776,2933,495,421,2927
"796",2932,2934,2935,2936,2937,3011,3012,3013,3014,2846
"797",1,2,3,4,5,6,7,8,9,10
"798",34,115,180,189,190,256,262,266,418,428
"799",378,379,380,451,452,453,454,455,456,524
"800",2924,2932,2856,2933,2920,2996,2782,2769,2938,3015
"801",3004,2852,2928,3009,2776,35,3010,2844,3003,2855
"802",1,2,3,4,5,6,7,8,9,10
"803",2852,2928,3004,3003,495,2776,2851,3009,2844,2927
"804",1,2,3,4,5,6,7,8,9,10
"805",2852,2928,3004,3003,2776,495,3009,344,2855,419
"806",2844,2920,2996,2917,2992,2993,2932,3009,2933,189
"807",2852,2928,3004,2776,3009,3003,2844,2631,2632,2633
"808",1,2,3,4,5,6,7,8,9,10
"809",1,2,3,4,5,6,7,8,9,10
"810",2704,2769,2782,2846,2856,2924,2932,2933,2934,2935
"811",34,36,37,38,39,40,50,51,52,53
"812",2917,2992,2993,2932,2537,2611,2612,2686,2687,2688
"813",1633,2700,2702,2704,2705,2769,2770,2771,2778,2781
"814",2852,2928,3004,2702,421,495,422,423,2776,35
"815",2932,2920,2996,2844,2856,2703,2933,2938,3015,3009
"816",1786,1862,495,575,576,577,578,266,1329,189
"817",2856,2924,2932,2933,2920,2996,2934,2935,2936,2937
"818",2852,2928,3004,3003,2917,2992,2993,2776,3009,2844
"819",2852,2928,3004,2917,2992,2993,3009,2776,2631,2844
"820",2852,2928,3004,3009,2776,2917,2992,2993,3003,2844
"821",2852,2928,3004,3003,2776,3009,2917,2992,2993,344
"822",1,2,3,4,5,6,7,8,9,10
"823",34,50,51,52,53,54,55,56,57,58
"824",1630,1633,1707,2244,2617,2618,2694,2700,2702,2705
"825",1,2,3,4,5,6,7,8,9,10
"826",2924,2932,2920,2996,2844,2933,2856,2857,3009,2782
"827",1630,1633,1707,1949,2025,2101,2244,2617,2618,2628
"828",1,2,3,4,5,6,7,8,9,10
"829",2852,2928,3003,3004,2933,2851,2927,2776,3009,2844
"830",1630,1633,1706,1707,2244,2617,2618,2628,2694,2700
"831",420,344,3003,419,189,2702,2537,2703,2613,2920
"832",2852,2928,3004,3003,2776,2917,2992,2993,3009,2702
"833",2932,2856,2934,2935,2936,2937,3011,3012,3013,3014
"834",34,50,51,52,53,54,55,56,57,58
"835",1262,1335,1336,1337,1403,1404,1405,1406,1487,1489
"836",1188,1262,1263,1335,1336,1337,1403,1404,1405,1406
"837",2852,2928,3004,3003,2776,495,3009,2851,2855,2702
"838",2920,2996,2932,2844,2917,2992,2993,2924,3009,2933
"839",2537,2852,2613,2917,2992,2993,2614,2691,2928,2611
"840",34,153,154,155,156,157,158,159,160,161
"841",2924,2932,2856,2933,2769,2857,2938,3015,2617,2694
"842",2917,2992,2993,189,2844,3009,2611,2612,2686,2687
"843",1,2,3,4,5,6,7,8,9,10
"844",2852,2928,3004,3003,2702,2917,2992,2993,2776,3009
"845",1633,1786,2244,2617,2618,2693,2694,2700,2702,2703
"846",3004,2852,2928,3003,2844,3009,2920,2996,2776,2851
"847",1,2,3,4,5,6,7,8,9,10
"848",1630,1633,2617,2618,2694,2702,2705,2770,2771,2778
"849",2852,2928,3004,3003,2776,2851,2927,2844,2920,2996
"850",2852,2928,3004,189,3003,2917,2992,2993,2776,3009
"851",2852,2928,3004,3003,2776,3009,2851,2844,2933,2631
"852",2852,2928,3004,189,2702,421,3003,423,422,420
"853",2702,2705,2769,2770,2771,2782,2846,2856,2861,2924
"854",2852,3004,2928,3003,2920,2996,2844,2776,3009,2927
"855",1262,1335,1337,1404,1405,1406,1487,1489,1555,1556
"856",34,35,50,51,52,53,54,55,56,57
"857",1,2,3,4,5,6,7,8,9,10
"858",1,2,3,4,5,6,7,8,9,10
"859",189,3004,2852,2928,266,190,419,420,115,344
"860",1,2,3,4,5,6,7,8,9,10
"861",2932,2938,3015,2856,3009,2844,2920,2996,3010,2703
"862",1188,1262,1263,1335,1336,1337,1403,1404,1405,1406
"863",2702,2846,2934,2935,2936,2937,3011,3012,3013,3014
"864",1,2,3,4,5,6,7,8,9,10
"865",1630,1631,1633,1706,1707,1786,2244,2617,2618,2628
"866",1,2,3,4,5,6,7,8,9,10
"867",1,2,3,4,5,6,7,8,9,10
"868",1630,1631,1633,1706,1707,1786,1949,2025,2101,2244
"869",1190,1722,1798,1874,2932,1266,1342,1418,1494,2917
"870",1,2,3,4,5,6,7,8,9,10
"871",34,57,58,59,60,61,62,63,64,130
"872",34,38,50,51,52,53,54,55,56,57
"873",2932,2856,2924,2938,3015,2782,2703,2920,2996,3003
"874",1,2,3,4,5,6,7,8,9,10
"875",1,2,3,4,5,6,7,8,9,10
"876",34,50,51,52,53,54,55,56,57,58
"877",23,24,34,36,37,38,39,40,41,42
"878",1630,1633,1707,1786,1949,2025,2101,2244,2617,2618
"879",2852,2928,3004,3003,2776,344,420,421,419,2927
"880",2924,2932,1786,2933,2856,1707,634,1785,34,2934
"881",2932,2920,2996,2844,2924,2917,2992,2993,3009,2933
"882",1,2,3,4,5,6,7,8,9,10
"883",2932,2856,2618,2617,2694,2771,2770,2923,2537,2917
"884",2852,2928,3004,189,423,422,344,420,419,421
"885",1,2,3,4,5,6,7,8,9,10
"886",1,2,3,4,5,6,7,8,9,10
"887",2852,2928,3003,3004,2851,2844,2927,2920,2996,2933
"888",2924,2920,2996,2932,2844,2856,2938,3015,2933,2782
"889",2852,2917,2992,2993,3004,2928,2611,2612,2686,2687
"890",1,2,3,4,5,6,7,8,9,10
"891",2917,2992,2993,3009,2932,2844,2920,2996,2933,2857
"892",1,2,3,4,5,6,7,8,9,10
"893",1630,1631,1633,1706,1707,1786,1949,2025,2101,2244
"894",34,36,37,38,39,40,50,51,52,53
"895",34,50,51,52,53,54,55,56,57,58
"896",1,2,3,4,5,6,7,8,9,10
"897",1,2,3,4,5,6,7,8,9,10
"898",2932,2934,2935,2936,2937,3011,3012,3013,3014,2856
"899",1630,1633,2617,2618,2694,2700,2702,2704,2705,2769
"900",189,2920,2996,2844,3003,2852,3004,2928,3009,2855
"901",2932,2924,2856,2933,2920,2996,2938,3015,2782,2617
"902",2852,2928,3004,495,2702,2776,3003,421,3009,188
"903",2852,2928,3004,3003,2776,2851,2927,3009,2844,495
"904",2617,2618,2694,2702,2770,2771,2846,2856,2932,2933
"905",34,36,37,38,39,40,41,50,51,52
"906",1,2,3,4,5,6,7,8,9,10
"907",189,1786,634,34,633,708,1785,406,482,153
"908",2932,2924,2856,2920,2996,2844,2782,2938,3015,2933
"909",1786,2932,189,575,576,577,578,723,495,1102
"910",1,2,3,4,5,6,7,8,9,10
"911",3004,2852,2928,3003,2776,3009,2851,2844,2855,2927
"912",2852,3003,2928,3004,2920,2996,2844,2776,3009,2855
"913",3003,2852,2920,2996,2928,2844,2917,2992,2993,3004
"914",2932,2924,2917,2992,2993,2920,2996,2844,2856,3009
"915",2856,2924,2932,2938,3015,2769,2933,2782,2934,2935
"916",1630,1633,1707,1786,1949,2025,2101,2244,2617,2618
"917",34,38,50,51,52,53,54,55,56,57
"918",634,633,708,34,705,706,707,778,779,780
"919",1633,2617,2618,2694,2702,2705,2769,2770,2771,2778
"920",1,2,3,4,5,6,7,8,9,10
"921",2852,2928,3004,3003,2851,3009,2844,2920,2996,2776
"922",2702,2846,2856,2932,2934,2935,2936,2937,3011,3012
"923",2852,2928,3004,3003,2851,2776,3009,495,421,344
"924",1786,495,1329,559,2932,419,117,1862,420,266
"925",1,2,3,4,5,6,7,8,9,10
"926",34,50,51,52,53,54,55,56,57,58
"927",2932,2924,2856,2933,2938,3015,2920,2996,2703,2782
"928",495,2776,2852,2928,3003,3004,344,2702,420,419
"929",1,2,3,4,5,6,7,8,9,10
"930",34,50,51,52,53,54,55,56,57,58
"931",3004,2852,2928,3003,2844,3009,2920,2996,2851,2776
"932",2852,2928,3004,3003,2776,344,420,419,3009,495
"933",2932,2856,3009,2924,2933,3010,2618,2617,2694,2938
"934",3004,3003,2852,2928,2920,2996,2844,2927,2851,2855
"935",1,2,3,4,5,6,7,8,9,10
"936",34,50,51,52,53,54,55,56,57,58
"937",2932,2924,2856,2920,2996,2844,2933,2782,2938,3015
"938",2852,2928,3004,3003,2776,495,2851,3009,2927,2702
"939",1,2,3,4,5,6,7,8,9,10
"940",2852,2928,3003,3004,2851,2776,2927,421,344,495
"941",2702,2846,2934,2935,2936,2937,3011,3012,3013,3014
"942",34,35,36,37,38,39,40,50,51,52
"943",1,2,3,4,5,6,7,8,9,10
"944",2178,3004,3003,2928,2704,2920,2996,2844,2852,2851
"945",2924,2932,2856,2920,2996,2938,3015,2933,2844,2782
"946",1,2,3,4,5,6,7,8,9,10
"947",1,2,3,4,5,6,7,8,9,10
"948",1,2,3,4,5,6,7,8,9,10
"949",2924,2932,2856,2933,2938,3015,2769,2920,2996,2844
"950",2920,2996,2844,2932,3004,3003,2852,3009,2924,2928
"951",1405,1406,1487,1555,1556,1562,1630,1631,1632,1633
"952",2852,2928,3003,3004,2851,2927,2776,2933,2781,495
"953",1,2,3,4,5,6,7,8,9,10
"954",3004,2844,2920,2996,2852,2928,3009,2917,2992,2993
"955",2932,1786,2856,2769,2617,2694,2618,2924,3010,2938
"956",2852,2928,3004,3003,495,2776,2702,2851,3009,2933
"957",2920,2996,2932,2844,3003,3004,3009,2703,2938,3015
"958",1,2,3,4,5,6,7,8,9,10
"959",1630,1633,1707,2244,2617,2618,2628,2629,2693,2694
"960",1262,1335,1336,1337,1403,1404,1405,1406,1411,1412
"961",1,2,3,4,5,6,7,8,9,10
"962",2852,2928,3004,2917,2992,2993,2776,3003,3009,2631
"963",3003,3004,2920,2996,2844,2852,2928,2927,2855,2851
"964",2852,2928,3004,495,2702,2776,344,421,3003,420
"965",1,2,3,4,5,6,7,8,9,10
"966",2924,2932,2856,2933,189,266,2938,3015,2857,190
"967",2924,2932,2856,2933,3000,2857,2769,2617,2694,2618
"968",2924,2932,2856,2933,3000,2920,2996,2857,2844,2782
"969",1262,1335,1405,1406,1487,1489,1555,1556,1561,1562
"970",1633,2617,2618,2694,2702,2705,2770,2771,2778,2782
"971",34,50,51,52,53,54,55,56,57,58
"972",1,2,3,4,5,6,7,8,9,10
"973",1,2,3,4,5,6,7,8,9,10
"974",2852,2928,3004,2917,2992,2993,3009,2844,2920,2996
"975",1,2,3,4,5,6,7,8,9,10
"976",1,2,3,4,5,6,7,8,9,10
"977",1,2,3,4,5,6,7,8,9,10
"978",1,2,3,4,5,6,7,8,9,10
"979",1,2,3,4,5,6,7,8,9,10
"980",2852,2928,3004,3003,2776,421,2851,2927,189,2702
"981",2932,2846,2856,2924,2934,2935,2936,2937,3011,3012
"982",1,2,3,4,5,6,7,8,9,10
"983",2924,2932,2856,2938,3015,2920,2996,2933,2782,2844
"984",2932,2924,2856,2920,2996,2938,3015,2782,2844,2704
"985",2852,2928,3004,3003,189,2776,2702,421,3009,344
"986",34,35,36,37,38,39,40,50,51,52
"987",1633,2617,2618,2694,2702,2705,2770,2771,2778,2782
"988",2932,2856,2920,2996,2618,2617,2694,2933,2771,2770
"989",2924,2932,2856,2933,2938,3015,2920,2996,2782,3010
"990",420,344,2852,419,189,2928,423,421,422,2537
"991",1,2,3,4,5,6,7,8,9,10
"992",2852,2928,3004,3003,189,2776,2844,2851,2920,2996
"993",2924,2932,2920,2996,2844,2856,2933,2938,3015,3003
"994",1,2,3,4,5,6,7,8,9,10
"995",2852,2928,3004,3003,2776,2702,495,344,420,421
"996",1630,1633,1706,1707,1786,1949,2025,2101,2244,2617
"997",1188,1262,1263,1335,1336,1337,1403,1404,1405,1406
"998",1630,1633,1707,2244,2617,2618,2628,2693,2694,2700
"999",2852,2928,3004,3003,2776,3009,2855,2844,2851,2920
"1000",34,38,50,51,52,53,54,55,56,57
"1001",1405,1406,1555,1562,1630,1631,1632,1633,1706,1707
"1002",1,2,3,4,5,6,7,8,9,10
"1003",378,379,380,451,452,453,454,455,456,524
"1004",1262,1335,1337,1405,1406,1487,1489,1555,1556,1561
"1005",34,50,51,52,53,54,55,56,57,58
"1006",2702,2920,2996,2932,2618,2770,2617,2694,2844,2771
"1007",189,266,190,115,191,1330,34,57,58,59
"1008",1633,1707,2617,2618,2694,2702,2704,2705,2769,2770
"1009",3003,3004,2178,2920,2996,2704,2844,2928,2781,2855
"1010",1262,1335,1337,1405,1406,1487,1489,1555,1556,1561
"1011",115,189,190,191,265,266,418,495,575,576
"1012",3004,2844,2852,2920,2996,2928,3003,3009,2932,2855
"1013",2932,2924,2856,2920,2996,2938,3015,2844,3004,3003
"1014",2932,2856,2920,2996,2924,2844,2938,3015,3003,2703
"1015",1,2,3,4,5,6,7,8,9,10
"1016",2702,2846,2847,2854,2930,2934,2935,2936,2937,3011
"1017",2851,2852,2928,3003,3004,2927,2776,2933,495,3009
"1018",1633,1707,2700,2702,2704,2705,2769,2770,2771,2782
"1019",378,379,380,451,452,453,454,455,456,524
"1020",34,115,180,189,190,191,256,265,266,418
"1021",1633,2702,2705,2770,2771,2846,2847,2854,2923,2930
"1022",34,38,50,51,52,53,54,55,56,57
"1023",2852,2928,3004,3003,2776,2851,421,3009,2927,189
"1024",1633,2617,2618,2694,2702,2703,2704,2705,2769,2770
"1025",495,2776,2851,2852,2927,2928,3003,3004,2781,421
"1026",1,2,3,4,5,6,7,8,9,10
"1027",1,2,3,4,5,6,7,8,9,10
"1028",421,495,2776,2781,2851,2852,2927,2928,3003,3004
"1029",2852,2928,3003,3004,2776,495,421,2927,2851,344
"1030",1,2,3,4,5,6,7,8,9,10
"1031",2702,2846,2854,2930,2934,2935,2936,2937,3011,3012
"1032",23,24,32,34,36,37,38,39,40,43
"1033",1,2,3,4,5,6,7,8,9,10
"1034",115,189,190,266,495,575,576,577,578,1329
"1035",1,2,3,4,5,6,7,8,9,10
"1036",1,2,3,4,5,6,7,8,9,10
"1037",2924,2932,2856,2933,2934,2935,2936,2937,3011,3012
"1038",2852,2928,3004,2776,3009,3003,189,2917,2992,2993
"1039",189,190,266,633,634,708,1785,1786,115,34
"1040",2852,2928,189,3004,419,420,344,117,268,192
"1041",189,3004,2928,2852,266,190,115,191,344,420
"1042",1,2,3,4,5,6,7,8,9,10
"1043",2920,2996,2924,2932,2844,3003,2856,2938,3015,2782
"1044",1,2,3,4,5,6,7,8,9,10
"1045",2852,2928,3004,3003,2776,189,2917,2992,2993,421
"1046",2852,2928,3004,3003,2844,2917,2992,2993,2920,2996
"1047",2934,2935,2936,2937,3011,3012,3013,3014,1786,2702
"1048",34,38,50,51,52,53,54,55,56,57
"1049",2932,2856,2924,2938,3015,2782,3010,2920,2996,2933
"1050",2932,2844,2920,2996,2933,2618,2617,2694,2924,2856
"1051",2932,2917,2992,2993,2920,2996,2844,2856,2618,2617
"1052",1633,2700,2702,2703,2704,2705,2781,2782,2809,2846
"1053",34,38,50,51,52,53,54,55,56,57
"1054",1,2,3,4,5,6,7,8,9,10
"1055",2852,2928,3004,189,2776,2702,3009,2917,2992,2993
"1056",1,2,3,4,5,6,7,8,9,10
"1057",378,379,380,451,452,453,454,455,456,524
"1058",2852,2928,3004,495,2702,344,420,419,2776,421
"1059",1,2,3,4,5,6,7,8,9,10
"1060",34,115,153,154,155,156,157,158,159,160
"1061",189,266,190,115,191,344,420,419,38,2917
"1062",189,266,190,1330,115,57,58,59,60,61
"1063",2852,2928,3004,3003,495,2776,421,2851,344,2927
"1064",1633,2702,2705,2770,2846,2847,2854,2930,2934,2935
"1065",2852,2928,3004,3003,2917,2992,2993,2776,2844,2920
"1066",1,2,3,4,5,6,7,8,9,10
"1067",378,379,380,451,452,453,454,455,456,524
"1068",2852,2928,3004,2776,3003,495,2851,2702,117,3009
"1069",2852,2844,2920,2996,3004,3009,2928,2932,3003,2703
"1070",1,2,3,4,5,6,7,8,9,10
"1071",2702,2769,2782,2846,2856,2861,2920,2924,2932,2933
"1072",495,2178,2704,2776,2781,2851,2852,2855,2927,2928
"1073",1,2,3,4,5,6,7,8,9,10
"1074",2852,2928,3003,3004,2178,2776,2851,2927,2781,2855
"1075",2924,2932,2856,2938,3015,2782,2920,2996,3010,2933
"1076",189,266,180,1102,256,190,115,1330,1255,1103
"1077",1,2,3,4,5,6,7,8,9,10
"1078",1,2,3,4,5,6,7,8,9,10
"1079",1,2,3,4,5,6,7,8,9,10
"1080",2924,2932,2856,2933,2857,2938,3015,2769,2920,2996
"1081",1,2,3,4,5,6,7,8,9,10
"1082",2852,3004,2928,3003,2776,421,495,2702,2851,344
"1083",2856,2178,2932,2704,2782,2938,3015,2920,2996,2924
"1084",2852,2928,3004,3003,421,2776,2702,422,495,189
"1085",1630,1633,1707,2617,2618,2694,2702,2705,2770,2771
"1086",1,2,3,4,5,6,7,8,9,10
"1087",2852,2928,3004,3003,2776,2178,2855,3009,2851,3010
"1088",2852,3004,2928,3003,2776,3009,2844,2920,2996,2851
"1089",378,379,380,451,452,453,454,455,456,524
"1090",34,115,180,189,190,191,256,265,266,418
"1091",2852,2928,3004,3003,2702,2776,421,2851,2933,495
"1092",2924,2932,2856,2769,2933,2938,3015,2857,3010,2782
"1093",1630,1633,1707,2617,2618,2694,2700,2702,2704,2705
"1094",34,38,50,51,52,53,54,55,56,57
"1095",1,2,3,4,5,6,7,8,9,10
"1096",1,2,3,4,5,6,7,8,9,10
"1097",3003,3004,2928,2852,2920,2996,2844,2178,2927,2855
"1098",1,2,3,4,5,6,7,8,9,10
"1099",115,180,189,190,191,256,265,266,418,428
"1100",2852,2928,3003,3004,2851,2927,2776,495,2933,2781
"1101",1405,1406,1487,1555,1556,1561,1562,1630,1631,1632
"1102",1633,2617,2618,2694,2700,2702,2703,2704,2705,2769
"1103",1,2,3,4,5,6,7,8,9,10
"1104",3003,2781,2920,2996,2927,2844,2855,2703,2809,2888
"1105",2852,2928,3003,3004,2776,2927,2851,495,2702,421
"1106",3003,3004,2852,2928,2920,2996,2844,2851,2855,2927
"1107",2769,2856,2932,2934,2935,2936,2937,3011,3012,3013
"1108",189,34,35,634,266,57,58,59,60,61
"1109",2924,2932,2856,2938,3015,2933,2769,2782,2920,2996
"1110",1,2,3,4,5,6,7,8,9,10
"1111",2852,2928,3004,3003,2776,2851,3009,495,2927,421
"1112",2924,2932,2856,2920,2996,2933,2844,2938,3015,2782
"1113",1405,1406,1487,1555,1556,1561,1562,1630,1631,1632
"1114",1405,1406,1562,1630,1633,1706,1707,1708,1786,1949
"1115",2924,2932,2856,2920,2996,3003,2844,2938,3015,2703
"1116",3004,2928,2852,3003,2844,3009,2920,2996,2776,2851
"1117",2917,2992,2993,3003,2920,2996,2844,2537,2702,2613
"1118",1,2,3,4,5,6,7,8,9,10
"1119",1,2,3,4,5,6,7,8,9,10
"1120",34,57,58,59,60,61,62,63,64,115
"1121",2852,2928,3004,3003,421,2776,495,2851,2702,3009
"1122",378,379,380,451,452,453,454,455,456,524
"1123",1,2,3,4,5,6,7,8,9,10
"1124",3004,2852,2928,189,3003,421,422,266,115,423
"1125",1,2,3,4,5,6,7,8,9,10
"1126",34,35,42,43,44,45,46,47,50,51
"1127",3004,3003,2920,2996,2844,2852,2928,2851,3009,2933
"1128",1,2,3,4,5,6,7,8,9,10
"1129",2924,2932,2856,2933,2920,2996,2938,3015,2769,2782
"1130",2917,2992,2993,2844,2920,2996,3009,2932,2852,2611
"1131",2932,2924,2856,2933,2846,2617,2694,2618,2771,2934
"1132",2924,2932,2856,2933,2920,2996,2846,2934,2935,2936
"1133",2932,2924,2920,2996,2844,2856,2938,3015,2933,2782
"1134",2924,2932,2856,2933,2934,2935,2936,2937,3011,3012
"1135",2924,2932,2856,2933,2617,2694,2618,2846,2920,2996
"1136",2917,2992,2993,2844,3009,2920,2996,2611,2612,2686
"1137",1,2,3,4,5,6,7,8,9,10
"1138",189,3004,2852,2844,2920,2996,2928,3003,3009,2855
"1139",2852,2928,3004,3003,2776,2851,3009,495,421,2702
"1140",115,189,190,266,575,576,577,578,1329,495
"1141",1,2,3,4,5,6,7,8,9,10
"1142",2917,2992,2993,2844,2920,2996,2932,2611,2612,2686
"1143",2852,2928,3004,3003,2776,2851,421,495,2927,3009
"1144",2924,2932,2856,2938,3015,2933,2920,2996,3010,2782
"1145",2852,2928,3004,3003,2776,2851,495,2927,421,2933
"1146",34,35,50,51,52,53,54,55,56,57
"1147",1,2,3,4,5,6,7,8,9,10
"1148",2769,2846,2856,2924,2932,2933,2934,2935,2936,2937
"1149",1,2,3,4,5,6,7,8,9,10
"1150",2852,2928,3004,3003,2776,2851,3009,2927,2844,495
"1151",1,2,3,4,5,6,7,8,9,10
"1152",1,2,3,4,5,6,7,8,9,10
"1153",1,2,3,4,5,6,7,8,9,10
"1154",1,2,3,4,5,6,7,8,9,10
"1155",1,2,3,4,5,6,7,8,9,10
"1156",1630,1633,1707,2244,2617,2618,2628,2694,2700,2702
"1157",2852,2928,3003,3004,2851,2776,495,2927,2933,3009
"1158",1,2,3,4,5,6,7,8,9,10
"1159",1,2,3,4,5,6,7,8,9,10
"1160",3003,2781,2855,2703,2856,2938,3015,2920,2996,2782
"1161",1262,1405,1406,1487,1555,1556,1561,1562,1630,1631
"1162",1,2,3,4,5,6,7,8,9,10
"1163",1,2,3,4,5,6,7,8,9,10
"1164",189,2852,2928,344,420,3004,419,423,422,421
"1165",34,36,37,38,39,40,50,51,52,53
"1166",1,2,3,4,5,6,7,8,9,10
"1167",3004,2852,2928,3003,2844,2920,2996,3009,2776,2855
"1168",2932,2920,2996,2844,2933,2856,2917,2992,2993,2924
"1169",1,2,3,4,5,6,7,8,9,10
"1170",2917,2992,2993,2844,2852,2920,2996,3009,2928,3004
"1171",2920,2996,2932,2917,2992,2993,2844,2924,2933,3009
"1172",3004,2852,2928,3009,2844,3003,2920,2996,3010,2855
"1173",1630,1633,1706,1707,1786,1949,2025,2101,2244,2617
"1174",1633,2617,2618,2694,2702,2704,2705,2769,2770,2771
"1175",1,2,3,4,5,6,7,8,9,10
"1176",1,2,3,4,5,6,7,8,9,10
"1177",1,2,3,4,5,6,7,8,9,10
"1178",34,50,51,52,53,54,55,56,57,58
"1179",34,36,38,40,41,50,51,52,53,54
"1180",2856,2932,2934,2935,2936,2937,3011,3012,3013,3014
"1181",1,2,3,4,5,6,7,8,9,10
"1182",1786,189,266,2932,190,115,495,2856,1329,1862
"1183",2917,2992,2993,2613,2611,2612,2686,2687,2688,2689
"1184",34,50,51,52,53,54,55,56,57,58
"1185",2924,2932,2856,2920,2996,2933,2844,2938,3015,2857
"1186",3003,2852,2703,2932,2928,2920,2996,2855,2856,2702
"1187",23,24,34,36,37,38,39,50,51,52
"1188",34,189,266,633,634,708,153,154,155,156
"1189",1,2,3,4,5,6,7,8,9,10
"1190",1,2,3,4,5,6,7,8,9,10
"1191",1,2,3,4,5,6,7,8,9,10
"1192",378,379,380,451,452,453,454,455,456,524
"1193",2932,2856,2924,2704,2938,3015,2703,2769,2782,3003
"1194",34,36,37,38,39,40,50,51,52,53
"1195",2852,2928,3004,3003,2776,495,2702,421,2851,344
"1196",34,50,51,52,53,54,55,56,57,58
"1197",1262,1335,1336,1337,1403,1404,1405,1406,1484,1487
"1198",2852,2928,3004,3003,2776,2851,495,2702,3009,2927
"1199",34,50,51,52,53,54,55,56,57,58
"1200",2769,2856,2924,2932,2933,2617,2694,2618,2938,3015
"1201",1630,1633,1707,1786,1949,2025,2101,2244,2617,2618
"1202",1630,1631,1633,1707,1786,1949,2025,2101,2244,2334
"1203",2852,2928,3004,3003,2851,2776,2927,3009,2933,495
"1204",2852,2928,3004,3003,2776,2851,2927,3009,2844,495
"1205",3004,2928,2852,3003,2844,2920,2996,2776,3009,2917
"1206",633,634,708,1707,705,706,707,778,779,780
"1207",3003,2852,2928,3004,2920,2996,2844,2851,2933,3009
"1208",2852,2928,3004,3003,2776,2851,495,2927,421,3009
"1209",2852,3004,2928,117,3009,2702,2776,419,3010,1722
"1210",1555,1556,1630,1631,1632,1633,1706,1707,1708,1786
"1211",2844,2920,2996,3004,3003,3009,2928,2852,2855,2632
"1212",1,2,3,4,5,6,7,8,9,10
"1213",1,2,3,4,5,6,7,8,9,10
"1214",1,2,3,4,5,6,7,8,9,10
"1215",1,2,3,4,5,6,7,8,9,10
"1216",2852,2928,3004,2702,2776,3003,495,344,421,2845
"1217",2932,2856,2618,2617,2694,2771,2770,2933,2920,2996
"1218",34,50,51,52,53,54,55,56,57,58
"1219",34,57,58,59,60,61,62,63,64,115
"1220",2852,2928,3004,2776,3009,3003,495,2702,2851,117
"1221",34,35,50,51,52,53,54,55,56,57
"1222",3004,2852,2928,3003,2844,3009,2920,2996,2851,2776
"1223",2856,2938,3015,2934,2935,2936,2937,3011,3012,3013
"1224",2932,2924,2856,2933,2920,2996,2844,3009,2857,2917
"1225",495,2852,2928,3004,344,420,419,2702,2776,421
"1226",1405,1406,1487,1555,1556,1561,1562,1630,1631,1632
"1227",2852,2928,3004,3003,2776,2702,189,3009,421,2851
"1228",23,24,34,36,37,38,39,50,51,52
"1229",2856,2924,2932,2933,2934,2935,2936,2937,3011,3012
"1230",1262,1335,1337,1404,1405,1406,1487,1489,1555,1556
"1231",1,2,3,4,5,6,7,8,9,10
"1232",23,24,34,36,37,38,39,40,50,51
"1233",2852,2928,3004,3003,2702,495,2776,421,344,420
"1234",1405,1406,1562,1630,1631,1632,1633,1706,1707,1722
"1235",3004,2852,2928,2844,3003,2920,2996,3009,2851,2776
"1236",2917,2992,2993,2852,2928,3004,3009,2844,2920,2996
"1237",34,50,51,52,53,54,55,56,57,58
"1238",34,35,36,40,41,50,51,52,53,54
"1239",34,50,51,52,53,54,55,56,57,58
"1240",1,2,3,4,5,6,7,8,9,10
"1241",2932,2856,2938,3015,3010,3004,3009,2861,2782,2844
"1242",2917,2992,2993,2613,2611,2612,2686,2687,2688,2689
"1243",378,379,380,451,452,453,454,455,456,524
"1244",3003,2920,2996,2844,2781,2855,2703,2927,2704,2782
"1245",2932,2618,2617,2694,2702,2770,2771,2856,2923,2847
"1246",34,36,38,39,40,50,51,52,53,54
"1247",115,180,189,190,266,495,633,634,708,1102
"1248",1405,1406,1487,1555,1561,1562,1630,1631,1632,1633
"1249",2920,2996,2844,2917,2992,2993,2924,2932,3009,2933
"1250",1,2,3,4,5,6,7,8,9,10
"1251",1,2,3,4,5,6,7,8,9,10
"1252",2920,2996,2844,3004,3003,2932,3009,2852,2938,3015
"1253",2924,2932,2856,2933,2769,2782,1707,2857,2938,3015
"1254",2932,2924,2856,2933,2920,2996,2844,2938,3015,2934
"1255",2852,2928,3004,3003,2851,2927,2776,2844,2920,2996
"1256",1633,2617,2618,2694,2702,2770,2771,2778,2846,2847
"1257",34,50,51,52,53,54,55,56,57,58
"1258",1630,1633,1707,2617,2618,2694,2700,2702,2705,2769
"1259",1335,1405,1406,1487,1555,1556,1561,1562,1630,1631
"1260",2852,2928,3004,3003,495,2776,2702,2851,344,421
"1261",2932,2856,2769,2924,2938,3015,2782,2933,2704,2934
"1262",189,3004,2852,2928,266,190,115,113,3009,420
"1263",1,2,3,4,5,6,7,8,9,10
"1264",1,2,3,4,5,6,7,8,9,10
"1265",1,2,3,4,5,6,7,8,9,10
"1266",2852,2928,3004,3003,495,2776,3009,2927,2844,3010
"1267",1633,2702,2770,2771,2782,2846,2856,2924,2932,2933
"1268",1,2,3,4,5,6,7,8,9,10
"1269",495,2852,2928,3004,3003,420,2776,344,421,2702
"1270",3004,2852,2928,3009,3010,2932,2938,3015,2856,2920
"1271",1,2,3,4,5,6,7,8,9,10
"1272",2852,2928,3004,3003,2776,495,344,420,2927,3009
"1273",1,2,3,4,5,6,7,8,9,10
"1274",2917,2992,2993,2932,2852,2920,2996,2537,2611,2612
"1275",3004,2852,2928,3003,2851,2933,2844,3009,2920,2996
"1276",2852,2928,3004,2178,3003,2855,2938,3015,3010,2844
"1277",1,2,3,4,5,6,7,8,9,10
"1278",3004,2852,2928,3003,2844,2920,2996,2851,3009,2927
"1279",2702,2704,2769,2782,2846,2856,2924,2932,2933,2934
"1280",2769,2856,2924,2932,2933,2938,3015,2857,3010,2782
"1281",2178,2852,2928,3003,3004,2927,2844,2920,2996,2851
"1282",2924,2932,2856,2920,2996,2844,2938,3015,2933,2782
"1283",1,2,3,4,5,6,7,8,9,10
"1284",2852,2928,3003,3004,2851,2178,2927,2844,2920,2996
"1285",2924,2932,2920,2996,2844,2856,2933,2782,3003,2938
"1286",1,2,3,4,5,6,7,8,9,10
"1287",189,1786,2781,266,2702,190,2934,2935,2936,2937
"1288",3004,2852,2928,3003,2776,2851,3009,421,495,2927
"1289",2852,2928,3004,3003,2851,2776,2927,3009,2844,2920
"1290",2924,2932,2856,2933,2769,2938,3015,2934,2935,2936
"1291",2852,2928,3004,3003,2776,2851,495,3009,2927,2855
"1292",2924,2932,2769,2856,2933,2938,3015,3010,2857,3000
"1293",2852,2928,3004,3003,495,2776,2851,3009,421,2927
"1294",34,50,51,52,53,54,55,56,57,58
"1295",1,2,3,4,5,6,7,8,9,10
"1296",2932,2920,2996,2844,2924,2856,3009,2938,3015,3003
"1297",34,36,37,38,39,50,51,52,53,54
