"","V1","V2","V3","V4","V5","V6","V7","V8","V9","V10"
"1",2347,252,258,290,300,1100,161,285,332,396
"2",2745,2604,2726,2294,2937,2980,2459,2495,2533,2544
"3",3040,908,395,413,447,458,459,488,527,544
"4",2763,2829,2454,2518,2576,2716,2413,2464,2694,2786
"5",173,189,208,218,219,222,247,262,268,297
"6",3040,875,214,229,276,370,385,387,408,479
"7",224,715,172,155,1780,1940,1983,366,233,299
"8",2286,2329,1943,1660,1891,1957,2354,2044,634,2109
"9",2734,2753,2783,2788,2802,2845,2859,2827,2205,1842
"10",1101,1206,1125,1511,1733,1405,1609,1826,1617,462
"11",3040,148,158,183,252,258,290,300,14,15
"12",2351,2437,2451,2305,2398,2448,2720,2167,2407,2246
"13",1924,1960,2298,2360,2726,2074,2962,2991,2999,3004
"14",3020,3022,3024,3029,2916,2925,2986,3005,3010,2929
"15",2391,2044,1125,1511,1101,2299,2241,1943,1206,1026
"16",2819,1402,1494,1700,2079,2778,2804,2665,2619,2311
"17",5,49,92,168,269,1780,1940,1983,131,196
"18",2162,2214,2229,2268,2269,2303,2309,2312,2711,2755
"19",2252,2307,2363,2351,2437,2205,2246,2124,2720,2669
"20",3034,3009,2840,2854,2870,2895,3029,2537,2561,2616
"21",2629,2298,2360,2236,2281,1876,1878,1959,2215,2077
"22",928,1022,1060,1107,1144,1720,1187,1923,1949,1976
"23",144,226,118,140,157,317,345,85,114,233
"24",332,396,2109,1336,1408,1555,1659,1730,1771,1785
"25",1101,1206,2391,2334,1780,1940,1983,1405,1609,1826
"26",2763,2829,2651,2790,2702,2910,2943,2945,2984,2661
"27",2897,2954,3021,3031,3033,3020,3022,3024,2910,2434
"28",375,411,469,173,189,208,218,219,222,247
"29",2705,2724,3029,2844,3009,2686,2741,2749,2764,3034
"30",2252,2307,2363,2072,2565,2571,2574,1842,1852,1904
"31",2205,2160,2252,2307,2363,2124,2259,2301,2144,2151
"32",2778,2443,2819,2915,2831,2641,2705,2724,2804,2919
"33",2351,2437,2398,2448,2301,2347,2246,2003,2083,2137
"34",1876,1878,1959,2298,2360,2236,2281,2077,2122,2602
"35",2391,1101,2334,2241,2044,1206,1125,1511,2331,2299
"36",2831,2454,2518,2576,2716,2705,2724,2443,2778,2413
"37",2391,2044,1125,1511,2241,2299,2331,1943,1660,1026
"38",1891,1957,1641,1336,1408,1555,1659,1730,1771,1785
"39",195,270,21,82,118,140,157,317,345,1923
"40",3009,2882,2848,3034,2958,2834,2886,2928,2943,2945
"41",2235,2317,2324,2328,2408,2094,2193,2226,2326,1247
"42",2259,2937,2980,2151,2198,2306,2398,2448,2347,2403
"43",84,138,192,199,316,1810,30,42,50,40
"44",2772,2804,2372,2619,2919,2957,2961,2661,2751,2889
"45",2162,2214,2229,2268,2269,2303,2309,2312,1941,2260
"46",1336,1408,1555,1659,1730,1771,1785,1847,1863,1365
"47",1864,1883,1958,1977,2014,2021,1892,1954,1951,2001
"48",2301,2351,2437,2398,2448,3035,3039,2167,2781,2661
"49",2398,2448,2944,2745,2167,2351,2437,2604,2301,2850
"50",1416,1880,1924,1960,1457,1548,1593,1691,2074,1831
"51",2331,1499,2238,2391,2334,1494,1700,2079,2216,2322
"52",2391,2334,1101,1206,1933,2140,2241,2114,1499,2238
"53",2739,2305,2369,2722,2629,2850,2887,2909,2952,2978
"54",2443,2454,2518,2576,2716,2641,2763,2829,2405,2910
"55",2331,2299,1780,1940,1983,1499,2238,131,196,1405
"56",1101,1405,1609,1826,1013,1036,1055,1098,1124,1151
"57",2629,2215,2211,1876,1878,1959,2274,2236,2281,2298
"58",155,254,118,140,157,317,345,144,226,84
"59",2776,2205,2252,2307,2363,2655,2723,2735,2668,2713
"60",2385,2703,2820,2651,2897,2954,3021,3031,3033,2786
"61",233,299,85,114,195,270,21,82,118,140
"62",3034,2840,2854,2870,2895,3029,2896,2734,2912,2941
"63",2385,2703,2820,2897,2954,3021,3031,3033,2651,3020
"64",2655,2723,2735,2776,2669,2668,2713,2670,2781,2788
"65",2443,2491,2584,2727,2744,2770,2796,2806,2841,2948
"66",2619,2334,2251,2665,2575,2674,2625,1601,1716,1793
"67",2211,1975,2052,2090,2835,2855,2298,2360,2236,2281
"68",2804,2686,2741,2749,2831,2705,2724,2819,2778,2844
"69",144,226,118,140,157,317,345,1344,148,158
"70",1328,1495,1533,1692,1822,1903,1921,1987,2030,2133
"71",195,270,252,258,290,300,40,135,200,337
"72",173,189,208,218,219,222,247,262,268,297
"73",2786,2763,2829,2385,2703,2820,2651,2897,2954,3021
"74",2347,2398,2448,1892,1954,2351,2437,1864,1883,1958
"75",155,454,95,134,150,198,254,84,138,192
"76",2843,2643,2675,2814,2596,2748,2821,3027,2766,2767
"77",1247,1298,1319,1406,1498,1616,1707,1798,2015,2120
"78",2788,2802,2845,2859,2301,2205,2823,2849,2862,2072
"79",908,1102,438,598,608,701,718,821,890,989
"80",2504,3029,2819,2686,2741,2749,2778,2831,2705,2724
"81",2629,2745,2074,2726,1924,1960,2835,2855,2604,2513
"82",2629,2739,2403,2252,2307,2363,2835,2855,2398,2448
"83",2372,2691,2629,2405,2763,2829,2843,2910,2443,2768
"84",2454,2518,2576,2716,2831,2705,2724,3034,2443,2413
"85",118,140,157,317,345,144,226,1344,148,158
"86",2629,2745,2513,2580,2791,2812,2838,2372,2604,2610
"87",2763,2829,2786,2785,2690,2900,2413,2464,2694,2702
"88",2711,2755,2793,2162,2214,2229,2268,2269,2303,2309
"89",2351,2437,2246,2398,2448,2305,2758,2504,2252,2307
"90",84,138,192,199,316,98,130,164,1810,4
"91",2763,2829,2454,2518,2576,2716,2702,2943,2945,2984
"92",1101,1206,2334,1780,1940,1983,2391,2299,1405,1609
"93",2827,2797,2810,2792,2602,2618,2627,2733,2720,3014
"94",2299,2331,1891,1957,1641,95,134,150,198,172
"95",1344,148,158,183,44,45,122,137,181,118
"96",2691,2629,2610,2745,2294,2513,2580,2791,2812,2838
"97",1344,118,140,157,317,345,148,158,183,144
"98",2843,2643,2675,2814,2596,2748,2821,2679,3027,2766
"99",2252,2307,2363,2669,2205,2670,2160,2124,2144,2151
"100",118,140,157,317,345,1344,144,226,147,202
"101",1864,1883,1958,1977,2014,2021,1892,1954,1951,2001
"102",98,130,164,172,131,196,187,84,138,192
"103",118,140,157,317,345,144,226,1344,147,202
"104",366,126,203,281,282,298,95,134,150,198
"105",147,202,233,299,908,214,229,276,118,140
"106",2602,2618,2627,2733,2162,2214,2229,2268,2269,2303
"107",2763,2829,2702,2786,2943,2945,2984,2785,2736,2705
"108",155,454,254,2334,40,135,200,337,84,138
"109",2734,2788,2802,2845,2859,2753,2783,2896,2252,2307
"110",144,226,118,140,157,317,345,1344,56,65
"111",2298,2360,2236,2281,1876,1878,1959,2077,2122,2211
"112",2711,2755,2793,2797,2810,2162,2214,2229,2268,2269
"113",155,84,138,192,199,316,454,257,335,95
"114",2385,2703,2820,2651,2778,2897,2954,3021,3031,3033
"115",1924,1960,1864,1883,1958,1977,2014,2021,1892,1954
"116",3040,1760,1849,1861,1906,1962,1970,2084,2161,1344
"117",2629,2745,2513,2580,2791,2812,2838,2372,2610,2604
"118",2643,2843,2675,2814,2679,2596,2958,2748,2821,2714
"119",2403,2252,2307,2363,2398,2448,2451,2167,2739,2144
"120",2788,2802,2845,2859,2823,2849,2862,1842,1852,1904
"121",2398,2448,2167,2850,2887,2909,2952,2790,2451,2351
"122",366,2299,126,2391,95,134,150,198,2331,1336
"123",2451,2351,2437,1924,1960,2398,2448,2074,2167,2407
"124",2162,2214,2229,2268,2269,2303,2309,2312,2734,1842
"125",2670,2669,2668,2713,2776,2504,2257,2295,2313,2352
"126",2763,2829,2702,2943,2945,2984,2785,2786,2305,2900
"127",155,84,138,192,199,316,95,134,150,198
"128",2180,195,270,21,82,1923,1949,1976,2005,2089
"129",2398,2448,2074,2507,2554,2557,2801,2805,2833,2914
"130",2629,2211,2745,2513,2580,2791,2812,2838,2610,2604
"131",2252,2307,2363,2205,2211,2160,2655,2723,2735,2669
"132",2180,1101,2391,2334,1206,1203,1335,1413,1563,1571
"133",2398,2448,2745,2351,2437,2459,2495,2533,2544,2604
"134",155,84,138,192,199,316,95,134,150,198
"135",2391,2334,2331,2241,1499,2238,1933,2140,2114,1101
"136",155,454,1770,1979,84,138,192,199,316,254
"137",2299,2331,2391,95,134,150,198,1336,1408,1555
"138",2882,2958,3009,3027,2911,2881,2885,2946,2959,2847
"139",2299,131,196,1780,1940,1983,5,49,92,168
"140",2720,2451,3014,3018,2167,2298,2360,2351,2437,2305
"141",118,140,157,317,345,144,226,147,202,1344
"142",2252,2307,2363,2351,2437,2205,2259,2160,2144,2151
"143",2372,2629,2325,2691,2366,2631,2467,2662,2721,2730
"144",2504,2630,2860,2878,2880,2894,2252,2307,2363,2443
"145",2299,2331,1891,1957,1641,2061,28,33,61,107
"146",2299,1780,1940,1983,1405,1609,1826,131,196,187
"147",2403,2252,2307,2363,2205,2451,2160,2167,2259,2351
"148",2852,2848,2868,2828,2842,2690,2958,2919,2957,2961
"149",2398,2448,1924,1960,2074,1864,1883,1958,1977,2014
"150",118,140,157,317,345,144,226,233,299,85
"151",1101,1206,2391,2334,1780,1940,1983,1405,1609,1826
"152",148,158,183,44,45,122,137,181,2094,2193
"153",195,270,1344,44,45,122,137,181,2235,2317
"154",2372,2629,2325,2366,2631,2745,2467,2662,2721,2730
"155",2351,2437,2347,2301,2003,2083,2137,2165,2217,2219
"156",118,140,157,317,345,144,226,148,158,183
"157",1344,118,140,157,317,345,144,226,602,674
"158",1780,1940,1983,2299,1405,1609,1826,187,1618,172
"159",155,84,138,192,199,316,95,134,150,198
"160",2459,2495,2533,2544,2937,2980,2418,2458,2501,2873
"161",155,95,134,150,198,172,454,84,138,192
"162",1864,1883,1958,1977,2014,2021,1892,1954,1951,2001
"163",118,140,157,317,345,144,226,148,158,183
"164",172,98,130,164,1336,1408,1555,1659,1730,1771
"165",1344,195,270,21,82,118,140,157,317,345
"166",2763,2829,2443,2786,2454,2518,2576,2716,2385,2703
"167",172,98,130,164,1336,1408,1555,1659,1730,1771
"168",2162,2214,2229,2268,2269,2303,2309,2312,2260,2349
"169",3034,3009,2915,2840,2854,2870,2895,3029,2848,2896
"170",155,84,138,192,199,316,257,335,454,95
"171",2778,2919,2957,2961,2868,2772,2804,2661,2751,2771
"172",2299,2391,2044,1125,1511,1891,1957,1101,2331,55
"173",2351,2437,2252,2307,2363,2205,2160,2144,2151,2198
"174",2235,2317,2324,2328,2408,465,569,956,399,542
"175",2385,2703,2820,2651,2897,2954,3021,3031,3033,2778
"176",2843,2643,2675,2814,2958,2298,2360,2807,2889,2892
"177",908,600,666,854,598,608,701,718,821,890
"178",2387,2442,1692,1822,1903,1921,1987,2030,2133,2228
"179",2299,2331,1891,1957,1641,172,28,33,61,107
"180",1101,1206,1780,1940,1983,1405,1609,1826,2299,1733
"181",1101,1206,1780,1940,1983,1405,1609,1826,2299,1733
"182",2162,2214,2229,2268,2269,2303,2309,2312,2260,2349
"183",2398,2448,2305,2726,2745,1924,1960,2451,2708,2074
"184",2299,172,1780,1940,1983,1405,1609,1826,2331,594
"185",715,5,49,92,168,269,155,401,820,2142
"186",2691,2629,2398,2448,2745,2513,2580,2791,2812,2838
"187",2629,2691,2745,2513,2580,2791,2812,2838,2372,2610
"188",2606,2252,2307,2363,2504,2776,2668,2713,2633,2666
"189",2788,2802,2845,2859,2734,2823,2849,2862,1842,1852
"190",2398,2448,2451,2351,2437,1924,1960,2167,2850,2887
"191",118,140,157,317,345,144,226,1344,147,202
"192",2299,2331,2391,2061,1891,1957,921,1091,1294,1295
"193",144,226,118,140,157,317,345,1344,56,65
"194",2003,2083,2137,2165,2217,2219,2255,2262,2266,2297
"195",2205,2827,2734,2124,2160,2788,2802,2845,2859,2252
"196",2720,2655,2723,2735,2669,2236,2281,2298,2360,1876
"197",2745,2604,1924,1960,2294,2507,2554,2557,2801,2805
"198",2763,2829,2702,2943,2945,2984,2305,2978,2785,2900
"199",2831,2705,2724,2778,2686,2741,2749,2844,2819,2804
"200",2298,2360,2843,2643,2675,2814,2679,2162,2214,2229
"201",1864,1883,1958,1977,2014,2021,1892,1954,1951,2001
"202",2788,2802,2845,2859,2301,2823,2849,2862,2205,1842
"203",1494,1700,2079,1402,2575,2607,2619,2311,1499,2238
"204",118,140,157,317,345,144,226,1344,147,202
"205",2398,2448,2301,2351,2437,2167,2252,2307,2363,2781
"206",3009,3027,2834,2886,2928,2943,2945,2984,3034,2863
"207",2629,2604,2745,2610,2648,2513,2580,2791,2812,2838
"208",2391,1101,2299,1206,2044,2334,2331,1125,1511,2241
"209",2252,2307,2363,2205,2144,2124,2151,2198,2306,2160
"210",2819,2778,2804,2686,2741,2749,2915,2443,2844,2760
"211",2831,2705,2724,2686,2741,2749,2778,2819,2804,2844
"212",2391,2331,2334,1499,2238,1101,2299,1780,1940,1983
"213",2443,2454,2518,2576,2716,2641,2504,2413,2464,2694
"214",2391,2334,1499,2238,2331,1101,1206,1933,2140,1780
"215",2351,2437,2398,2448,2347,2301,2916,2925,2986,3005
"216",2643,2843,2958,2675,2814,3027,2679,2596,2852,2881
"217",2763,2829,2702,2943,2945,2984,2785,2454,2518,2576
"218",84,138,192,199,316,4,8,51,52,66
"219",2398,2448,2351,2437,2347,2301,2167,2003,2083,2137
"220",2910,2763,2829,2405,2702,2475,2943,2945,2984,2443
"221",148,158,183,14,15,22,24,29,34,39
"222",2109,2108,2195,2277,1288,1814,2023,2085,131,196
"223",2252,2307,2363,2351,2437,2398,2448,2144,2151,2198
"224",1810,1336,1408,1555,1659,1730,1771,1785,1847,1863
"225",2205,2252,2307,2363,2160,2124,2669,2670,2144,2151
"226",2778,2772,2705,2724,2868,2919,2957,2961,2661,2751
"227",2351,2437,2246,2758,2857,2867,2901,2908,2923,2931
"228",155,1770,1979,1813,2233,1382,1455,84,138,192
"229",1457,1548,1593,1691,1416,1880,1886,2679,963,1028
"230",1191,1397,1344,465,569,956,399,542,856,1220
"231",2252,2307,2363,2144,2151,2198,2306,2351,2437,2257
"232",1206,1101,2690,1125,1511,2340,2355,2410,2615,2391
"233",2454,2518,2576,2716,2413,2464,2694,2786,2831,2763
"234",2298,2360,1876,1878,1959,2236,2281,2211,1975,2052
"235",2776,2668,2713,2655,2723,2735,2781,2301,2452,2603
"236",2958,3027,2881,2885,2946,2959,2947,3001,2889,2892
"237",2162,2214,2229,2268,2269,2303,2309,2312,2788,2802
"238",2896,2734,2753,2783,2879,2788,2802,2845,2859,2840
"239",366,148,158,183,126,1191,1397,465,569,956
"240",2391,2331,2299,1780,1940,1983,1101,1499,2238,1405
"241",2162,2214,2229,2268,2269,2303,2309,2312,2260,2349
"242",2443,2641,2454,2518,2576,2716,2405,2910,2504,2763
"243",2763,2829,2702,2305,2943,2945,2984,2978,2369,2722
"244",118,140,157,317,345,144,226,1344,233,299
"245",2347,1416,1880,1576,1457,1548,1593,1691,2003,2083
"246",2686,2741,2749,2840,2854,2870,2895,2804,2649,2655
"247",195,270,21,82,118,140,157,317,345,144
"248",155,95,134,150,198,84,138,192,199,316
"249",1810,1432,1526,1569,1639,1744,1670,1673,1766,1873
"250",2734,2205,2827,2124,2160,2252,2307,2363,2753,2783
"251",1864,1883,1958,1977,2014,2021,1892,1954,1951,2001
"252",155,84,138,192,199,316,172,257,335,454
"253",118,140,157,317,345,144,226,233,299,85
"254",2504,2776,2606,2205,2301,2668,2713,2252,2307,2363
"255",1924,1960,2726,2074,2750,2789,2795,2836,2899,2930
"256",84,138,192,199,316,98,130,164,155,30
"257",2298,2360,2540,2581,2236,2281,2074,2629,1876,1878
"258",2606,2776,2252,2307,2363,2668,2713,2301,2504,2205
"259",40,135,200,337,155,84,138,192,199,316
"260",2629,2835,2855,2745,1924,1960,2513,2580,2791,2812
"261",2655,2723,2735,2776,2788,2802,2845,2859,2668,2713
"262",2629,2691,2745,2513,2580,2791,2812,2838,2372,2610
"263",2734,2827,2753,2783,2160,2788,2802,2845,2859,2205
"264",147,202,908,233,299,214,229,276,118,140
"265",2252,2307,2363,2351,2437,2205,2144,2151,2198,2306
"266",2763,2829,2790,2539,2702,2943,2945,2984,2454,2518
"267",40,135,200,337,5,49,92,168,269,90
"268",1780,1940,1983,1405,1609,1826,2299,1101,2354,1499
"269",3027,2958,2863,2891,2906,2975,3008,2843,2893,2881
"270",2788,2802,2845,2859,2823,2849,2862,2734,1842,1852
"271",2391,2331,2241,2334,2216,1109,1592,1597,1621,1714
"272",147,202,56,65,70,93,104,124,167,186
"273",2252,2307,2363,2776,2606,2668,2713,2301,2398,2448
"274",1457,1548,1593,1691,2647,2696,1892,1954,2726,2320
"275",2162,2214,2229,2268,2269,2303,2309,2312,2260,2349
"276",2162,2214,2229,2268,2269,2303,2309,2312,2711,2755
"277",2334,1813,2233,2114,2431,2502,2331,1499,2238,1935
"278",2347,2938,2259,1100,3020,3022,3024,322,416,380
"279",2937,2980,2726,2975,3008,2305,2750,2789,2795,2836
"280",2252,2307,2363,2351,2437,2144,2151,2198,2306,2257
"281",908,1336,1408,1555,1659,1730,1771,1785,1847,1863
"282",155,84,138,192,199,316,454,30,42,50
"283",3020,3022,3024,2978,2246,2916,2925,2986,3005,3010
"284",2351,2437,2301,2347,2451,2167,2252,2307,2363,2003
"285",2227,1923,1949,1976,2005,2089,2110,2201,2208,908
"286",2347,2003,2083,2137,2165,2217,2219,2255,2262,2266
"287",2629,2211,2745,2513,2580,2791,2812,2838,2372,2610
"288",4,8,51,52,66,74,76,77,78,97
"289",3009,3027,2834,2886,2928,3034,2943,2945,2984,2900
"290",2162,2214,2229,2268,2269,2303,2309,2312,2260,2349
"291",2726,2835,2855,2211,2629,1924,1960,2942,2712,2750
"292",2835,2855,1924,1960,2726,2629,2403,2211,2074,2252
"293",2205,2252,2307,2363,2655,2723,2735,2160,2301,2124
"294",2734,2896,2879,2205,2840,2854,2870,2895,2788,2802
"295",2144,2151,2198,2306,2124,2252,2307,2363,2259,2211
"296",2215,1876,1878,1959,2222,2236,2281,2298,2360,2211
"297",2602,2618,2627,2733,2162,2214,2229,2268,2269,2303
"298",118,140,157,317,345,144,226,1344,1923,1949
"299",1924,1960,2074,2507,2554,2557,2801,2805,2833,2914
"300",147,202,56,65,70,93,104,124,167,186
"301",2655,2723,2735,2776,2668,2713,2788,2802,2845,2859
"302",1876,1878,1959,2298,2360,2236,2281,2077,2122,1830
"303",1336,1408,1555,1659,1730,1771,1785,1847,1863,48
"304",1780,1940,1983,2299,187,1405,1609,1826,2334,2331
"305",4,8,51,52,66,74,76,77,78,97
"306",2351,2437,2398,2448,2347,2758,2246,2451,2305,2252
"307",2351,2437,2398,2448,2451,2347,2167,2305,1924,1960
"308",2391,2334,2331,1499,2238,2322,2341,2425,2426,2487
"309",155,84,138,192,199,316,454,257,335,95
"310",2669,2670,2205,2160,2655,2723,2735,2124,2827,2252
"311",1842,1852,1904,1911,1953,1956,1986,2016,2026,2036
"312",2391,2241,2334,2331,2044,1101,1125,1511,1206,2299
"313",1924,1960,2507,2554,2557,2801,2805,2833,2914,2918
"314",14,15,22,24,29,34,39,69,148,158
"315",1923,1949,1976,2005,2089,2110,2201,2208,928,1022
"316",2167,2351,2437,2252,2307,2363,2301,2850,2887,2909
"317",2788,2802,2845,2859,2301,2655,2723,2735,2072,2252
"318",2398,2448,2167,2944,2301,2745,2781,2604,2213,2351
"319",2252,2307,2363,2606,2776,2668,2713,2301,2504,2633
"320",118,140,157,317,345,147,202,1344,148,158
"321",2160,2205,2827,2252,2307,2363,2734,2124,2788,2802
"322",3009,2943,2945,2984,2834,2886,2928,3034,3027,2900
"323",2831,2705,2724,2686,2741,2749,3034,2454,2518,2576
"324",21,82,195,270,1923,1949,1976,2005,2089,2110
"325",2252,2307,2363,2655,2723,2735,2211,2720,2670,2669
"326",2788,2802,2845,2859,2301,2823,2849,2862,1842,1852
"327",2162,2214,2229,2268,2269,2303,2309,2312,2602,2618
"328",2167,2602,2618,2627,2733,2162,2214,2229,2268,2269
"329",2211,2629,1975,2052,2090,2215,2610,2604,2726,2648
"330",2391,2241,2334,366,2331,1344,465,569,956,1220
"331",84,138,192,199,316,4,8,51,52,66
"332",1101,1206,2391,2334,1733,2180,2044,715,1125,1511
"333",2745,2604,1924,1960,2294,2507,2554,2557,2801,2805
"334",1864,1883,1958,1977,2014,2021,1951,2001,2066,2068
"335",2835,2855,2726,1924,1960,2629,2403,2252,2307,2363
"336",2351,2437,2252,2307,2363,2398,2448,2451,2246,2144
"337",155,84,138,192,199,316,172,5,49,92
"338",2298,2360,2074,2167,2726,2351,2437,2060,2301,1924
"339",928,1022,1060,1107,1144,1720,1923,1949,1976,2005
"340",2299,366,2331,1336,1408,1555,1659,1730,1771,1785
"341",2734,2788,2802,2845,2859,2753,2783,2205,2823,2849
"342",147,202,148,158,183,1344,118,140,157,317
"343",1876,1878,1959,2298,2360,2236,2281,2077,2122,2215
"344",148,158,183,366,126,14,15,22,24,29
"345",2351,2437,2347,2398,2448,3020,3022,3024,2246,2758
"346",1641,1336,1408,1555,1659,1730,1771,1785,1847,1863
"347",2398,2448,2351,2437,2167,2301,2347,2451,2720,2213
"348",148,158,183,44,45,122,137,181,2094,2193
"349",1125,1511,1101,1026,1210,1791,1934,1733,1617,921
"350",2252,2307,2363,2205,2144,2160,2151,2198,2306,2351
"351",2443,2504,2641,2454,2518,2576,2716,2375,2385,2703
"352",2691,2629,2403,2835,2855,2211,1924,1960,2252,2307
"353",2351,2437,2246,2758,2305,2857,2867,2901,2908,2923
"354",3035,3039,2301,2398,2448,2781,2661,2751,2351,2437
"355",2459,2495,2533,2544,2937,2980,2507,2554,2557,2801
"356",366,126,148,158,183,16,20,31,36,37
"357",84,138,192,199,316,155,30,42,50,260
"358",2763,2829,2702,2943,2945,2984,2454,2518,2576,2716
"359",2459,2495,2533,2544,2482,2398,2448,2937,2980,2507
"360",2167,2252,2307,2363,2398,2448,2301,2739,2403,2213
"361",2763,2829,2702,2943,2945,2984,2975,3008,2454,2518
"362",2235,2317,2324,2328,2408,2223,1328,1495,1533,1247
"363",2391,2331,2241,2299,2044,1125,1511,2216,1109,1592
"364",2391,2334,2331,1499,2238,1101,2241,1933,2140,1206
"365",2223,2235,2317,2324,2328,2408,1328,1495,1533,2391
"366",2161,1760,1849,1861,1906,1962,1970,2084,2215,1801
"367",2298,2360,1876,1878,1959,2236,2281,2077,2122,2215
"368",2211,1975,2052,2090,2074,2629,2298,2360,2236,2281
"369",2223,1328,1495,1533,2391,2235,2317,2324,2328,2408
"370",1336,1408,1555,1659,1730,1771,1785,1847,1863,1810
"371",2391,2241,2331,2044,1125,1511,2299,1419,2025,2125
"372",2162,2214,2229,2268,2269,2303,2309,2312,2260,2349
"373",2252,2307,2363,2403,2398,2448,2144,2151,2198,2306
"374",3035,3039,2661,2751,3020,3022,3024,2876,2985,2995
"375",2252,2307,2363,2205,2160,2144,2151,2198,2306,2351
"376",2299,2331,1780,1940,1983,1405,1609,1826,1891,1957
"377",2391,2241,2331,2044,1125,1511,1419,2025,2125,2299
"378",2763,2829,2305,2702,2978,2786,2910,2943,2945,2984
"379",2629,2691,2745,2513,2580,2791,2812,2838,2372,2610
"380",2726,2937,2980,2745,2750,2789,2795,2836,2899,2930
"381",2606,2252,2307,2363,2504,2776,2398,2448,2301,2629
"382",1101,2391,2334,1206,1933,2140,1733,2241,2044,2180
"383",2776,2668,2713,2301,2781,2606,2252,2307,2363,2655
"384",172,1336,1408,1555,1659,1730,1771,1785,1847,1863
"385",2504,2443,2661,2751,2641,2742,2606,3035,3039,2630
"386",2745,2604,2294,2507,2554,2557,2801,2805,2833,2914
"387",195,270,21,82,1923,1949,1976,2005,2089,2110
"388",2602,2618,2627,2733,2162,2214,2229,2268,2269,2303
"389",1101,1780,1940,1983,1405,1609,1826,2299,1206,2354
"390",2685,2797,2810,2834,2886,2928,2764,2882,2679,2202
"391",144,226,118,140,157,317,345,1344,21,82
"392",2459,2495,2533,2544,2745,2937,2980,2604,2644,2752
"393",2205,2827,2160,2734,2124,2252,2307,2363,2720,2669
"394",2334,1780,1940,1983,2299,1405,1609,1826,594,2331
"395",2299,2331,1891,1957,1780,1940,1983,1641,131,196
"396",1336,1408,1555,1659,1730,1771,1785,1847,1863,1810
"397",1206,2498,2532,2579,1101,2340,2615,2549,2334,2391
"398",1344,148,158,183,118,140,157,317,345,465
"399",2661,2751,3035,3039,2742,2695,3007,3013,3023,2876
"400",118,140,157,317,345,144,226,1344,148,158
"401",2347,2351,2437,2003,2083,2137,2165,2217,2219,2255
"402",2299,1891,1957,2331,1641,2061,1336,1408,1555,1659
"403",2606,3035,3039,2504,2661,2751,2633,2666,2629,2567
"404",2819,2804,2778,2686,2741,2749,2844,2760,2915,2649
"405",2403,2451,2726,2739,2305,2252,2307,2363,2850,2887
"406",3009,3034,2840,2854,2870,2895,2834,2886,2928,3029
"407",1344,118,140,157,317,345,144,226,195,270
"408",2690,2651,2763,2829,2178,2785,2702,2900,2943,2945
"409",2347,2938,2259,2937,2980,2978,1864,1883,1958,1977
"410",2252,2307,2363,2403,2351,2437,2451,2144,2151,2198
"411",2205,2252,2307,2363,2160,2124,2144,2151,2198,2306
"412",2299,2391,2044,2331,1125,1511,1101,2061,1891,1957
"413",2351,2437,2246,2758,2305,2857,2867,2901,2908,2923
"414",1344,118,140,157,317,345,144,226,602,674
"415",2575,2607,1494,1700,2079,2334,1499,2238,2619,2331
"416",2763,2829,2454,2518,2576,2716,2702,2943,2945,2984
"417",2299,1891,1957,1641,2331,28,33,61,107,201
"418",2669,2205,2252,2307,2363,2670,2160,2655,2723,2735
"419",2391,2334,1101,1206,2331,2241,1499,2238,1933,2140
"420",2236,2281,2629,2077,2122,2825,2851,2274,2602,2618
"421",95,134,150,198,366,126,4,8,51,52
"422",2305,2763,2829,2978,2702,2943,2945,2984,2785,2974
"423",2391,2334,1933,2140,1499,2238,2241,2331,1101,2114
"424",2299,2331,2391,1891,1957,1641,2061,2044,921,1091
"425",3034,3009,2840,2854,2870,2895,3029,2537,2561,2616
"426",2372,2629,2325,2366,2631,2467,2662,2721,2730,2817
"427",2788,2802,2845,2859,2823,2849,2862,1842,1852,1904
"428",2351,2437,2246,2347,2252,2307,2363,2758,2451,2786
"429",118,140,157,317,345,144,226,1344,233,299
"430",2763,2829,2702,2943,2945,2984,2305,2785,2978,2900
"431",1770,1979,1382,1668,1846,1874,2057,1455,1541,1557
"432",2347,2213,1864,1883,1958,1977,2014,2021,1892,1954
"433",366,126,2391,17,25,64,100,120,6,18
"434",2305,2167,2726,2451,2850,2887,2909,2952,2398,2448
"435",2351,2437,2246,2758,2347,2305,2857,2867,2901,2908
"436",2398,2448,2167,2944,2629,2745,2301,2604,2213,2252
"437",2351,2437,2167,2451,2720,2305,2398,2448,2301,2347
"438",2403,2211,2252,2307,2363,1975,2052,2090,2236,2281
"439",454,254,1770,1979,119,1382,155,84,138,192
"440",2334,2391,2180,1101,1206,1933,2140,2241,1223,1404
"441",1842,1852,1904,1911,1953,1956,1986,2016,2026,2036
"442",2629,2745,2513,2580,2791,2812,2838,2372,2610,2604
"443",2734,2797,2810,2788,2802,2845,2859,2753,2783,2823
"444",254,118,140,157,317,345,119,1344,147,202
"445",1924,1960,1892,1954,1864,1883,1958,1977,2014,2021
"446",2827,2301,2823,2849,2862,2072,2788,2802,2845,2859
"447",2391,2044,2241,1125,1511,2299,2331,1943,1660,1026
"448",155,84,138,192,199,316,454,254,172,95
"449",2776,2668,2713,2655,2723,2735,2781,2788,2802,2845
"450",2827,2351,2437,2301,2072,2753,2783,2003,2083,2137
"451",2788,2802,2845,2859,2301,2823,2849,2862,2072,2565
"452",1336,1408,1555,1659,1730,1771,1785,1847,1863,366
"453",84,138,192,199,316,1810,98,130,164,155
"454",2776,2668,2713,2301,2655,2723,2735,2781,2205,2804
"455",2385,2703,2820,2651,2897,2954,3021,3031,3033,2778
"456",2299,2331,1891,1957,1641,2061,2391,2,7,9
"457",2305,2978,2763,2829,2850,2887,2909,2952,2790,2974
"458",2162,2214,2229,2268,2269,2303,2309,2312,2602,2618
"459",1864,1883,1958,1977,2014,2021,1951,2001,2066,2068
"460",2745,2937,2980,2459,2495,2533,2544,2604,2294,2644
"461",2745,2604,1924,1960,2074,2294,2507,2554,2557,2801
"462",2763,2829,2702,2943,2945,2984,2454,2518,2576,2716
"463",1951,2001,2066,2068,2106,2128,2131,2143,2169,2177
"464",2831,2705,2724,2778,2804,2919,2957,2961,2686,2741
"465",2651,2690,2707,2763,2829,2585,2294,2320,2910,1113
"466",3009,3034,2834,2886,2928,3029,2943,2945,2984,2369
"467",98,130,164,84,138,192,199,316,172,131
"468",2734,2788,2802,2845,2859,2753,2783,2797,2810,2823
"469",3034,3009,2537,2561,2616,2622,2635,2645,2654,2673
"470",2734,2753,2783,2788,2802,2845,2859,2205,2827,2669
"471",1975,2052,2090,2211,1876,1878,1959,2298,2360,2077
"472",2655,2723,2735,2669,2205,2222,2252,2307,2363,2670
"473",2211,2629,2691,2835,2855,1416,1880,2403,1924,1960
"474",126,366,16,20,31,36,37,41,43,47
"475",2629,2745,2513,2580,2791,2812,2838,2372,2211,2604
"476",2669,2655,2723,2735,2670,2734,2788,2802,2845,2859
"477",2398,2448,2629,2403,2167,2739,2252,2307,2363,2944
"478",2205,2252,2307,2363,2160,2124,2301,2351,2437,2504
"479",2507,2554,2557,2801,2805,2833,2914,2918,2960,2972
"480",2504,3020,3022,3024,2630,2860,2878,2880,2894,2978
"481",2459,2495,2533,2544,2745,2305,2644,2752,2604,2937
"482",155,172,95,134,150,198,2299,224,1780,1940
"483",155,2334,454,2299,172,1813,2233,1770,1979,1780
"484",2398,2448,1924,1960,2507,2554,2557,2801,2805,2833
"485",1344,118,140,157,317,345,144,226,148,158
"486",2504,2351,2437,2205,2252,2307,2363,2246,2398,2448
"487",155,84,138,192,199,316,454,254,5,49
"488",2298,2360,2236,2281,1876,1878,1959,2211,2215,2077
"489",40,135,200,337,84,138,192,199,316,5
"490",3027,3009,2958,3034,2863,2891,2906,2834,2886,2928
"491",2391,2241,2334,1344,2331,1043,1264,1191,1397,1933
"492",2334,2391,1933,2140,2241,2114,1101,1499,2238,2331
"493",2629,2372,2745,2513,2580,2791,2812,2838,2325,2366
"494",2602,2618,2627,2733,2162,2214,2229,2268,2269,2303
"495",2211,2252,2307,2363,1975,2052,2090,2403,2298,2360
"496",2347,2938,2259,1100,380,1972,2003,2083,2137,2165
"497",2788,2802,2845,2859,2734,1967,1980,1842,1852,1904
"498",2575,1494,1700,2079,2607,1499,2238,2331,1402,2619
"499",2776,2668,2713,2655,2723,2735,2781,2222,1763,2422
"500",2398,2448,2301,2167,2781,2351,2437,2944,2745,2003
"501",2398,2448,2451,2351,2437,2167,2305,2347,2407,2213
"502",1780,1940,1983,2299,1405,1609,1826,1101,1206,2354
"503",2443,2405,2454,2518,2576,2716,2641,2702,2504,2372
"504",4,8,51,52,66,74,76,77,78,97
"505",2745,2604,2074,2294,2507,2554,2557,2801,2805,2833
"506",148,158,183,1344,465,569,956,1220,1474,1588
"507",2162,2214,2229,2268,2269,2303,2309,2312,1876,1878
"508",2252,2307,2363,2144,2151,2198,2306,2351,2437,2257
"509",2788,2802,2845,2859,2734,2205,2823,2849,2862,2160
"510",2305,2369,2722,2691,2504,2739,2629,2482,2974,2398
"511",2351,2437,2347,2451,2252,2307,2363,2398,2448,2857
"512",2372,2629,2325,2366,2631,2467,2662,2721,2730,2817
"513",3034,2840,2854,2870,2895,2896,2734,2912,2941,3029
"514",2745,2604,2294,2507,2554,2557,2801,2805,2833,2914
"515",2958,2911,3027,2881,2885,2946,2959,2847,2260,2349
"516",2763,2829,2305,2369,2722,2978,2702,2454,2518,2576
"517",2745,2604,2459,2495,2533,2544,2937,2980,2294,2507
"518",155,90,1813,2233,2334,5,49,92,168,269
"519",2391,2241,2331,2044,1125,1511,2299,2334,1419,2025
"520",3009,3034,2834,2886,2928,3027,2943,2945,2984,2840
"521",1864,1883,1958,1977,2014,2021,1892,1954,1951,2001
"522",2629,2745,2691,2604,2294,2513,2580,2791,2812,2838
"523",2763,2829,2702,2943,2945,2984,2454,2518,2576,2716
"524",2734,2797,2810,2753,2783,2788,2802,2845,2859,2711
"525",155,1770,1979,454,1382,84,138,192,199,316
"526",1924,1960,2074,1864,1883,1958,1977,2014,2021,1892
"527",2252,2307,2363,2403,2211,2351,2437,2144,2151,2198
"528",1780,1940,1983,2299,187,1405,1609,1826,1101,2354
"529",2398,2448,2459,2495,2533,2544,1924,1960,2074,2451
"530",2763,2829,2910,2702,2785,2943,2945,2984,2900,2305
"531",2211,2629,2776,2668,2713,1975,2052,2090,2606,2745
"532",2669,2205,2124,2670,2252,2307,2363,2160,2827,2734
"533",2763,2829,2910,2702,2943,2945,2984,2785,2975,3008
"534",2776,2668,2713,2655,2723,2735,2781,2211,2252,2307
"535",908,1102,598,608,701,718,821,890,989,3040
"536",2454,2518,2576,2716,2443,2413,2464,2694,2786,2641
"537",2398,2448,1924,1960,2459,2495,2533,2544,2074,2507
"538",2958,2881,2885,2946,2959,3027,2947,2904,2926,3001
"539",2252,2307,2363,2205,2160,2124,2144,2151,2198,2306
"540",2003,2083,2137,2165,2217,2219,2255,2262,2266,2297
"541",2162,2214,2229,2268,2269,2303,2309,2312,2792,2711
"542",2792,2602,2618,2627,2733,2162,2214,2229,2268,2269
"543",2819,2804,2778,2686,2741,2749,2844,2760,2649,2915
"544",2792,2162,2214,2229,2268,2269,2303,2309,2312,2602
"545",1101,2180,1206,2391,2334,1733,2044,715,1125,1511
"546",2669,2670,2205,2160,2827,2252,2307,2363,2655,2723
"547",2443,2504,2641,2454,2518,2576,2716,2375,2385,2703
"548",155,84,138,192,199,316,95,134,150,198
"549",2114,1813,2233,1499,2238,2251,1601,1716,1793,1897
"550",3035,3039,631,2876,2985,2995,3002,2003,2083,2137
"551",2252,2307,2363,2211,2144,2151,2198,2306,2351,2437
"552",118,140,157,317,345,144,226,1344,147,202
"553",2347,2213,1416,1880,1457,1548,1593,1691,2978,2938
"554",1641,1891,1957,1336,1408,1555,1659,1730,1771,1785
"555",2211,2074,1975,2052,2090,2298,2360,2236,2281,1876
"556",3040,908,413,447,458,459,488,527,544,574
"557",2351,2437,2347,2301,2246,2758,2451,2252,2307,2363
"558",2252,2307,2363,2205,2160,2144,2151,2198,2306,2351
"559",1892,1954,1864,1883,1958,1977,2014,2021,1951,2001
"560",1101,1206,1780,1940,1983,1405,1609,1826,2299,2354
"561",2690,2665,2375,2707,2651,2340,2498,2532,2579,2556
"562",2655,2723,2735,2776,2668,2713,2301,2222,2788,2802
"563",2606,2776,2301,2398,2448,2252,2307,2363,2504,2781
"564",2843,2643,2748,2821,2596,2675,2814,3027,2766,2767
"565",2114,1094,1153,1369,1247,1298,1319,1406,1498,1616
"566",40,135,200,337,5,49,92,168,269,90
"567",1336,1408,1555,1659,1730,1771,1785,1847,1863,332
"568",2625,2609,2267,2498,2532,2579,2556,2594,2596,2619
"569",2162,2214,2229,2268,2269,2303,2309,2312,2602,2618
"570",148,158,183,399,542,856,465,569,956,1441
"571",2391,1101,2180,1206,2334,2044,1125,1511,2241,1733
"572",2347,2003,2083,2137,2165,2217,2219,2255,2262,2266
"573",2763,2829,2702,2943,2945,2984,2454,2518,2576,2716
"574",2669,2655,2723,2735,2670,2720,2205,2827,2734,2124
"575",3035,3039,2661,2751,2876,2985,2995,3002,3007,3013
"576",155,5,49,92,168,269,90,84,138,192
"577",2739,2850,2887,2909,2952,2790,2539,2305,2369,2722
"578",95,134,150,198,126,366,2,7,9,13
"579",3034,2848,3009,2840,2854,2870,2895,2788,2802,2845
"580",2211,1876,1878,1959,2236,2281,2298,2360,2077,2122
"581",2776,2252,2307,2363,2606,2668,2713,2504,2301,2655
"582",1924,1960,2074,1864,1883,1958,1977,2014,2021,2750
"583",2778,2831,2705,2724,2915,2819,2443,2804,2641,2919
"584",2910,2385,2703,2820,3020,3022,3024,2651,2897,2954
"585",2443,2641,2405,2910,2454,2518,2576,2716,2504,2375
"586",2615,2355,2410,2117,2625,2375,2299,2651,2340,2690
"587",2843,2643,2675,2814,2596,2748,2821,2679,3027,2958
"588",1864,1883,1958,1977,2014,2021,1892,1954,1951,2001
"589",2778,2804,2819,2831,2705,2724,2686,2741,2749,2915
"590",2299,1891,1957,1641,131,196,28,33,61,107
"591",2211,1876,1878,1959,2629,2298,2360,2236,2281,1975
"592",3009,3034,3029,2834,2886,2928,2848,2537,2561,2616
"593",2211,2298,2360,1975,2052,2090,2236,2281,1876,1878
"594",2347,1416,1880,2213,1457,1548,1593,1691,2259,1125
"595",2252,2307,2363,2658,2246,2550,2590,2611,2638,2650
"596",2162,2214,2229,2268,2269,2303,2309,2312,2260,2349
"597",2003,2083,2137,2165,2217,2219,2255,2262,2266,2297
"598",2211,2162,2214,2229,2268,2269,2303,2309,2312,1416
"599",2347,2259,2003,2083,2137,2165,2217,2219,2255,2262
"600",2398,2448,2351,2437,2246,2301,2745,2916,2925,2986
"601",144,226,118,140,157,317,345,21,82,195
"602",2298,2360,2162,2214,2229,2268,2269,2303,2309,2312
"603",2301,2351,2437,2167,2699,2710,2737,2774,2779,2815
"604",2504,2252,2307,2363,2205,2658,2246,2550,2590,2611
"605",2205,2252,2307,2363,2827,2734,2124,2160,2403,2797
"606",1101,1206,2391,2044,1125,1511,2334,2299,1733,2180
"607",2823,2849,2862,2788,2802,2845,2859,1842,1852,1904
"608",2760,2778,2844,2772,2819,2689,2764,2690,2831,3009
"609",2848,2788,2802,2845,2859,2990,3034,2840,2854,2870
"610",2305,2763,2829,2978,2702,2943,2945,2984,2785,2974
"611",2299,2109,332,396,1445,1575,921,1091,1294,1295
"612",2372,2661,2751,2804,2742,2629,2567,2601,2876,2985
"613",1323,1305,1402,1494,1700,2079,2311,720,2286,2329
"614",2708,2869,2924,2934,2951,2971,2712,2861,2898,2839
"615",2331,2391,2299,2216,2241,1109,1592,1597,1621,1714
"616",2776,2606,2504,2668,2713,2301,2252,2307,2363,2205
"617",2351,2437,2347,2301,2246,2205,2758,2160,2167,2720
"618",2298,2360,2236,2281,1876,1878,1959,2077,2122,2202
"619",2391,366,2044,2241,126,2299,2331,1125,1511,55
"620",2351,2437,2398,2448,2451,2347,2301,2252,2307,2363
"621",3035,3039,2661,2751,2301,2398,2448,2351,2437,2167
"622",1344,148,158,183,118,140,157,317,345,144
"623",2252,2307,2363,2403,2151,2198,2306,2351,2437,2257
"624",2227,2314,2321,2382,1777,2094,2193,2226,2326,413
"625",2347,2938,2259,322,416,3020,3022,3024,1116,1100
"626",2739,2403,2167,2252,2307,2363,2398,2448,2850,2887
"627",172,155,98,130,164,1770,1979,224,84,138
"628",30,42,50,40,135,200,337,16,20,31
"629",56,65,70,93,104,124,167,186,147,202
"630",5,49,92,168,269,1891,1957,131,196,1641
"631",144,226,118,140,157,317,345,1344,148,158
"632",2301,2398,2448,2351,2437,2167,2003,2083,2137,2165
"633",2602,2618,2627,2733,2162,2214,2229,2268,2269,2303
"634",2347,2351,2437,3020,3022,3024,2246,3029,2857,2867
"635",2763,2829,2504,2443,2305,2454,2518,2576,2716,2978
"636",2831,2705,2724,3034,3009,2625,2454,2518,2576,2716
"637",2299,2142,40,135,200,337,2334,366,2,7
"638",2763,2829,2910,2702,2943,2945,2984,2305,2978,2785
"639",908,214,229,276,147,202,56,65,70,93
"640",2391,1328,1495,1533,2223,1125,1511,2241,2044,1497
"641",148,158,183,233,299,14,15,22,24,29
"642",14,15,22,24,29,34,39,69,148,158
"643",2347,2003,2083,2137,2165,2217,2219,2255,2262,2266
"644",1416,1880,1457,1548,1593,1691,1864,1883,1958,1977
"645",1220,1474,1588,1745,3040,465,569,956,1191,1397
"646",1876,1878,1959,2298,2360,2236,2281,2077,2122,1830
"647",84,138,192,199,316,4,8,51,52,66
"648",56,65,70,93,104,124,167,186,147,202
"649",172,155,98,130,164,84,138,192,199,316
"650",2629,2211,2745,2513,2580,2791,2812,2838,2372,1416
"651",84,138,192,199,316,5,49,92,168,269
"652",2633,2666,2504,2606,3035,3039,3029,2804,2739,2550
"653",2299,1336,1408,1555,1659,1730,1771,1785,1847,1863
"654",2347,2651,2897,2954,3021,3031,3033,652,2938,3020
"655",2162,2214,2229,2268,2269,2303,2309,2312,2602,2618
"656",2246,3029,2978,2758,2857,2867,2901,2908,2923,2931
"657",155,84,138,192,199,316,454,257,335,95
"658",2726,2712,2843,2298,2360,2679,2643,2750,2789,2795
"659",2651,2690,2375,2340,2355,2410,2763,2829,2707,2585
"660",2252,2307,2363,2351,2437,3029,2205,2151,2198,2306
"661",2398,2448,2301,2167,2944,2745,2351,2437,2781,2003
"662",2301,2398,2448,2167,2781,2351,2437,2003,2083,2137
"663",118,140,157,317,345,144,226,148,158,183
"664",3034,3009,2537,2561,2616,2622,2635,2645,2654,2673
"665",1975,2052,2090,2211,2074,2298,2360,2236,2281,1876
"666",155,84,138,192,199,316,1770,1979,257,335
"667",2691,2629,2937,2980,2745,2513,2580,2791,2812,2838
"668",172,155,98,130,164,131,196,187,84,138
"669",144,226,118,140,157,317,345,1344,148,158
"670",2398,2448,2167,2944,2301,2745,2351,2437,2604,1924
"671",148,158,183,44,45,122,137,181,195,270
"672",84,138,192,199,316,4,8,51,52,66
"673",1842,1852,1904,1911,1953,1956,1986,2016,2026,2036
"674",2910,2897,2954,3021,3031,3033,2943,2945,2984,2475
"675",195,270,21,82,1923,1949,1976,2005,2089,2110
"676",155,172,5,49,92,168,269,84,138,192
"677",2669,2655,2723,2735,2670,2222,2734,2788,2802,2845
"678",2235,2317,2324,2328,2408,1247,1298,1319,1406,1498
"679",98,130,164,1336,1408,1555,1659,1730,1771,1785
"680",172,155,2299,1780,1940,1983,131,196,98,130
"681",6,18,19,27,115,1336,1408,1555,1659,1730
"682",2252,2307,2363,2205,2658,2144,2246,2151,2198,2306
"683",2629,2211,1975,2052,2090,2215,2610,1876,1878,1959
"684",2003,2083,2137,2165,2217,2219,2255,2262,2266,2297
"685",2748,2821,3027,2843,2766,2767,2787,3009,2764,2675
"686",2937,2980,2835,2855,2691,2629,2726,2843,2750,2789
"687",2398,2448,2301,2167,2351,2437,2781,2944,2745,2003
"688",2347,1972,2003,2083,2137,2165,2217,2219,2255,2262
"689",2391,2241,2331,2216,2044,2334,1419,2025,2125,2299
"690",1641,1810,896,1613,1677,1747,1818,1891,1957,1336
"691",1336,1408,1555,1659,1730,1771,1785,1847,1863,95
"692",1336,1408,1555,1659,1730,1771,1785,1847,1863,2299
"693",2910,2763,2829,2702,2443,2943,2945,2984,2385,2703
"694",2763,2829,2943,2945,2984,2702,2978,2305,2900,2785
"695",2655,2723,2735,2252,2307,2363,2205,2669,2776,2160
"696",2354,1780,1940,1983,1405,1609,1826,2299,1101,2286
"697",2301,3035,3039,2003,2083,2137,2165,2217,2219,2255
"698",2213,2003,2083,2137,2165,2217,2219,2255,2262,2266
"699",2778,2504,3020,3022,3024,2385,2703,2820,2443,2651
"700",2978,2369,2722,2550,2590,2611,2638,2650,2653,2664
"701",2298,2360,2236,2281,1876,1878,1959,1975,2052,2090
"702",172,98,130,164,1336,1408,1555,1659,1730,1771
"703",155,172,5,49,92,168,269,90,40,135
"704",2301,2003,2083,2137,2165,2217,2219,2255,2262,2266
"705",2669,2670,2205,2655,2723,2735,2160,2734,2124,2252
"706",2742,2504,2661,2751,2804,3035,3039,2587,2443,2790
"707",2726,2843,2750,2789,2795,2836,2899,2930,2949,2956
"708",2763,2829,2702,2454,2518,2576,2716,2943,2945,2984
"709",1864,1883,1958,1977,2014,2021,1951,2001,2066,2068
"710",2162,2214,2229,2268,2269,2303,2309,2312,2298,2360
"711",44,45,122,137,181,233,299,195,270,85
"712",148,158,183,366,126,44,45,122,137,181
"713",2391,2334,1101,2331,2299,2241,2044,1499,2238,1206
"714",2375,2651,2340,2354,2355,2410,2498,2532,2579,2658
"715",2354,1101,1206,2286,2329,2172,2237,2244,2318,1780
"716",1780,1940,1983,1405,1609,1826,2334,2299,2354,187
"717",2602,2618,2627,2733,2792,2162,2214,2229,2268,2269
"718",2840,2854,2870,2895,3034,2896,2912,2941,2734,3009
"719",2347,2978,2953,2989,2994,3011,2938,2950,2943,2945
"720",2763,2829,2625,2454,2518,2576,2716,2702,3009,2943
"721",2354,1780,1940,1983,2286,2329,2172,2237,2244,2318
"722",1924,1960,2074,1864,1883,1958,1977,2014,2021,1892
"723",2454,2518,2576,2716,2672,2682,2784,2809,2443,2413
"724",2162,2214,2229,2268,2269,2303,2309,2312,2958,2911
"725",84,138,192,199,316,98,130,164,155,172
"726",2252,2307,2363,2205,2160,2144,2124,2151,2198,2306
"727",2734,2205,2827,2124,2160,2252,2307,2363,2788,2802
"728",1344,118,140,157,317,345,144,226,1043,1264
"729",2454,2518,2576,2716,2831,2705,2724,2763,2829,2413
"730",2776,2655,2723,2735,2668,2713,2781,2788,2802,2845
"731",172,2299,1336,1408,1555,1659,1730,1771,1785,1847
"732",2299,172,1891,1957,1641,1780,1940,1983,131,196
"733",2504,2672,2205,2630,2860,2878,2880,2894,2658,2246
"734",95,134,150,198,126,366,2299,155,1336,1408
"735",2351,2437,2347,2246,2451,2252,2307,2363,2720,2758
"736",2334,715,1344,1617,1923,1949,1976,2005,2089,2110
"737",2162,2214,2229,2268,2269,2303,2309,2312,2298,2360
"738",2347,2003,2083,2137,2165,2217,2219,2255,2262,2266
"739",3034,2840,2854,2870,2895,2686,2741,2749,2831,2705
"740",2937,2980,2750,2789,2795,2836,2899,2930,2949,2956
"741",2690,2625,2375,2651,2340,2355,2410,2267,2325,2615
"742",2205,2160,2124,2252,2307,2363,2669,2776,2670,2655
"743",2331,1499,2238,2391,2334,2322,2341,2425,2426,2487
"744",2606,2252,2307,2363,2504,2776,2629,2398,2448,2301
"745",2831,2705,2724,2454,2518,2576,2716,2625,3009,3034
"746",2651,2690,2707,2609,2763,2829,2585,2347,2910,2625
"747",2162,2214,2229,2268,2269,2303,2309,2312,2958,2260
"748",1864,1883,1958,1977,2014,2021,1892,1954,1951,2001
"749",1810,1336,1408,1555,1659,1730,1771,1785,1847,1863
"750",118,140,157,317,345,1344,144,226,147,202
"751",1876,1878,1959,2298,2360,2236,2281,2211,1975,2052
"752",2252,2307,2363,2403,2144,2151,2198,2306,2351,2437
"753",2347,1892,1954,1951,2001,2066,2068,2106,2128,2131
"754",3034,2840,2854,2870,2895,2848,3029,3009,2896,2734
"755",2347,2213,2003,2083,2137,2165,2217,2219,2255,2262
"756",2705,2724,3009,2625,3034,2844,2764,2690,2607,2686
"757",84,138,192,199,316,155,98,130,164,5
"758",1770,1979,1382,1455,1668,1846,1874,2057,1673,1766
"759",1336,1408,1555,1659,1730,1771,1785,1847,1863,1810
"760",155,172,84,138,192,199,316,454,5,49
"761",155,95,134,150,198,5,49,92,168,269
"762",2385,2703,2820,2651,2897,2954,3021,3031,3033,2778
"763",2347,2003,2083,2137,2165,2217,2219,2255,2262,2266
"764",214,229,276,113,179,908,86,103,136,139
"765",118,140,157,317,345,144,226,1344,148,158
"766",2655,2723,2735,2669,2222,2298,2360,2720,2236,2281
"767",2252,2307,2363,2351,2437,2504,2398,2448,2205,2259
"768",1416,1880,1457,1548,1593,1691,1951,2001,2066,2068
"769",2669,2734,2670,2205,2827,2655,2723,2735,2788,2802
"770",1842,1852,1904,1911,1953,1956,1986,2016,2026,2036
"771",172,1810,155,1336,1408,1555,1659,1730,1771,1785
"772",2398,2448,2745,2074,2604,1924,1960,2691,2629,2726
"773",1344,118,140,157,317,345,144,226,147,202
"774",2943,2945,2984,3009,2900,2763,2829,2978,2625,2939
"775",1344,118,140,157,317,345,144,226,195,270
"776",2454,2518,2576,2716,2443,2413,2464,2694,2763,2829
"777",195,270,21,82,118,140,157,317,345,144
"778",2958,3027,3001,2889,2892,2936,2881,2885,2946,2959
"779",2827,2734,2205,2879,2788,2802,2845,2859,2753,2783
"780",84,138,192,199,316,1810,98,130,164,4
"781",2776,2668,2713,2655,2723,2735,2301,2781,2205,2804
"782",2398,2448,1924,1960,1864,1883,1958,1977,2014,2021
"783",2625,2690,2778,2705,2724,2831,3009,2764,2607,2844
"784",2205,2160,2827,2734,2124,2252,2307,2363,2788,2802
"785",2391,2334,1499,2238,2331,1101,1494,1700,2079,1780
"786",2788,2802,2845,2859,2655,2723,2735,2823,2849,2862
"787",2211,1975,2052,2090,2629,2298,2360,2236,2281,2074
"788",118,140,157,317,345,1344,148,158,183,147
"789",1101,1780,1940,1983,1405,1609,1826,2299,1206,2354
"790",1951,2001,2066,2068,2106,2128,2131,2143,2169,2177
"791",366,126,16,20,31,36,37,41,43,47
"792",2391,2331,2241,2299,2334,2216,1109,1592,1597,1621
"793",2734,2788,2802,2845,2859,2753,2783,2823,2849,2862
"794",2301,2003,2083,2137,2165,2217,2219,2255,2262,2266
"795",2745,2604,1924,1960,2294,2507,2554,2557,2801,2805
"796",3027,2843,2596,2643,2975,3008,2748,2821,2825,2851
"797",118,140,157,317,345,144,226,195,270,1344
"798",2334,1813,2233,155,1601,1716,1793,1897,1907,2431
"799",2734,2788,2802,2845,2859,2753,2783,2797,2810,2823
"800",2669,2205,2655,2723,2735,2670,2160,2827,2124,2252
"801",2211,1975,2052,2090,2835,2855,1416,1880,2074,2629
"802",366,126,95,134,150,198,1336,1408,1555,1659
"803",2351,2437,2398,2448,2301,3020,3022,3024,2246,2827
"804",1344,118,140,157,317,345,144,226,195,270
"805",2629,2745,2513,2580,2791,2812,2838,2372,2610,2604
"806",2347,2213,1125,1511,1416,1880,1457,1548,1593,1691
"807",2398,2448,2403,2252,2307,2363,2451,2351,2437,2305
"808",2094,2193,2226,2326,2235,2317,2324,2328,2408,1497
"809",155,84,138,192,199,316,95,134,150,198
"810",1876,1878,1959,2298,2360,2222,2236,2281,2077,2122
"811",908,214,229,276,602,674,758,795,893,965
"812",2443,2778,2385,2703,2820,2651,2897,2954,3021,3031
"813",2162,2214,2229,2268,2269,2303,2309,2312,2260,2349
"814",2347,1972,2003,2083,2137,2165,2217,2219,2255,2262
"815",2205,2252,2307,2363,2160,2124,2776,2504,2301,2144
"816",2665,2607,2619,2625,2575,2707,2690,2340,2375,2676
"817",2298,2360,1876,1878,1959,2236,2281,2211,2077,2122
"818",2351,2437,2301,2347,2398,2448,2916,2925,2986,3005
"819",2629,2398,2448,2606,2776,2252,2307,2363,2504,2668
"820",2167,2347,2351,2437,2301,2213,2451,2398,2448,2003
"821",2745,2604,1924,1960,2074,2294,2507,2554,2557,2801
"822",195,270,21,82,1923,1949,1976,2005,2089,2110
"823",172,155,95,134,150,198,1810,98,130,164
"824",3009,3034,3027,2834,2886,2928,2840,2854,2870,2895
"825",155,84,138,192,199,316,5,49,92,168
"826",2629,1975,2052,2090,2074,2298,2360,2236,2281,2745
"827",2788,2802,2845,2859,2205,2827,2160,2734,2301,2124
"828",155,172,2299,1618,1780,1940,1983,1405,1609,1826
"829",2351,2437,2347,2246,2301,2398,2448,2758,2252,2307
"830",2205,2827,2160,2734,2124,2252,2307,2363,2753,2783
"831",2745,2604,2726,2294,2629,2507,2554,2557,2801,2805
"832",2252,2307,2363,2504,2205,2351,2437,2776,2301,2398
"833",2298,2360,2236,2281,1876,1878,1959,2077,2122,2202
"834",5,49,92,168,269,40,135,200,337,90
"835",2797,2810,2734,2162,2214,2229,2268,2269,2303,2309
"836",2734,2788,2802,2845,2859,2797,2810,2205,2827,2753
"837",2644,2752,2366,2883,2988,2992,3017,2975,3008,2418
"838",2504,2658,2246,2550,2590,2611,2638,2650,2653,2664
"839",2943,2945,2984,2900,2978,3009,2939,2975,3008,2953
"840",1891,1957,1641,28,33,61,107,201,271,151
"841",2819,2778,2760,2804,2844,2915,2686,2741,2749,2443
"842",2347,2213,2003,2083,2137,2165,2217,2219,2255,2262
"843",118,140,157,317,345,144,226,1344,148,158
"844",2351,2437,2301,2347,2398,2448,3020,3022,3024,2205
"845",2162,2214,2229,2268,2269,2303,2309,2312,2260,2349
"846",2629,2835,2855,2726,2691,2745,2937,2980,2513,2580
"847",1770,1979,1382,155,172,1455,84,138,192,199
"848",3001,2921,2958,3027,1842,1852,1904,1911,1953,1956
"849",2776,2606,2301,2252,2307,2363,2668,2713,2504,2205
"850",2347,2259,2003,2083,2137,2165,2217,2219,2255,2262
"851",2398,2448,2451,2351,2437,2305,2167,2850,2887,2909
"852",2003,2083,2137,2165,2217,2219,2255,2262,2266,2297
"853",2804,2844,2776,2655,2723,2735,2772,2668,2713,2819
"854",2305,2978,2451,2167,2351,2437,2763,2829,2398,2448
"855",2734,2840,2854,2870,2895,2753,2783,2788,2802,2845
"856",908,147,202,56,65,70,93,104,124,167
"857",1810,1336,1408,1555,1659,1730,1771,1785,1847,1863
"858",155,84,138,192,199,316,95,134,150,198
"859",1457,1548,1593,1691,1416,1880,963,1028,1047,1085
"860",2299,2331,95,134,150,198,1891,1957,1641,2061
"861",2726,2745,2298,2360,2750,2789,2795,2836,2899,2930
"862",2734,2753,2783,2827,2788,2802,2845,2859,1842,1852
"863",2454,2518,2576,2716,2443,2831,2705,2724,2686,2741
"864",118,140,157,317,345,144,226,1344,147,202
"865",3009,3027,2958,2834,2886,2928,2863,2891,2906,3034
"866",126,366,95,134,150,198,2391,16,20,31
"867",155,84,138,192,199,316,30,42,50,1770
"868",2602,2618,2627,2733,2162,2214,2229,2268,2269,2303
"869",2910,2385,2703,2820,2763,2829,2651,2661,2751,2897
"870",2299,1891,1957,1641,2331,28,33,61,107,201
"871",144,226,118,140,157,317,345,56,65,70
"872",131,196,187,1780,1940,1983,1405,1609,1826,2299
"873",2211,1975,2052,2090,2372,2629,2298,2360,2236,2281
"874",131,196,98,130,164,5,49,92,168,269
"875",84,138,192,199,316,98,130,164,155,172
"876",2223,1328,1495,1533,2235,2317,2324,2328,2408,2391
"877",2391,1125,1511,2044,2241,2299,2331,1101,2334,1943
"878",2162,2214,2229,2268,2269,2303,2309,2312,2602,2618
"879",2763,2829,2790,2702,2943,2945,2984,2785,2900,2786
"880",2354,1206,2299,2331,2391,1780,1940,1983,2117,1405
"881",2504,2691,2305,2369,2722,2629,2978,2443,2454,2518
"882",155,84,138,192,199,316,5,49,92,168
"883",1206,2910,594,2900,2897,2954,3021,3031,3033,462
"884",2347,1125,1511,1026,1210,1791,1934,2900,2943,2945
"885",1336,1408,1555,1659,1730,1771,1785,1847,1863,1810
"886",95,134,150,198,155,2299,2331,172,366,1668
"887",2252,2307,2363,2205,2160,2124,2144,2504,2151,2198
"888",2776,2668,2713,2301,2655,2723,2735,2205,2211,2781
"889",2943,2945,2984,2978,2900,3009,2763,2829,2939,2974
"890",1810,1336,1408,1555,1659,1730,1771,1785,1847,1863
"891",2252,2307,2363,2504,2658,2246,2454,2518,2576,2716
"892",2299,2331,95,134,150,198,2391,1891,1957,1641
"893",2734,2753,2783,2788,2802,2845,2859,2827,2205,2896
"894",1780,1940,1983,1405,1609,1826,2299,2354,2055,1101
"895",1125,1511,1101,1617,921,1091,1294,1295,1386,1418
"896",155,172,5,49,92,168,269,90,40,135
"897",1780,1940,1983,2299,1405,1609,1826,187,2354,131
"898",2843,2643,2825,2851,2790,2675,2814,2539,2693,2763
"899",2919,2957,2961,2848,2788,2802,2845,2859,2990,2882
"900",2347,2003,2083,2137,2165,2217,2219,2255,2262,2266
"901",2454,2518,2576,2716,2413,2464,2694,2786,2763,2829
"902",2398,2448,1924,1960,2745,2074,2604,2459,2495,2533
"903",2205,2160,2252,2307,2363,2124,2351,2437,2504,2144
"904",2454,2518,2576,2716,2763,2829,2943,2945,2984,2702
"905",2299,1891,1957,1641,2331,1445,1575,2061,1865,2221
"906",155,84,138,192,199,316,95,134,150,198
"907",173,189,208,218,219,222,247,262,268,297
"908",2720,2298,2360,2236,2281,1876,1878,1959,2669,2655
"909",1323,1305,2665,1402,1214,1228,1320,1321,1207,1494
"910",155,5,49,92,168,269,40,135,200,337
"911",1864,1883,1958,1977,2014,2021,1892,1954,1951,2001
"912",2167,2301,2252,2307,2363,2398,2448,2213,3035,3039
"913",2504,2443,2641,2385,2703,2820,2375,2778,2630,2860
"914",2763,2829,2702,2943,2945,2984,2785,2305,2900,2978
"915",1876,1878,1959,2298,2360,2236,2281,2077,2122,2562
"916",2797,2810,2734,2753,2783,2827,2788,2802,2845,2859
"917",195,270,21,82,44,45,122,137,181,40
"918",928,1022,1060,1107,1144,1720,1203,1335,1413,1563
"919",2686,2741,2749,2831,2705,2724,2649,2804,2819,2669
"920",2391,2241,2331,2334,1419,2025,2125,2044,2223,2216
"921",2629,2745,2513,2580,2791,2812,2838,2372,2610,2604
"922",2454,2518,2576,2716,2763,2829,2413,2464,2694,2443
"923",2629,2211,1975,2052,2090,2745,2513,2580,2791,2812
"924",2625,2690,2596,2619,2575,2607,2391,2334,2609,2591
"925",1344,118,140,157,317,345,144,226,148,158
"926",2299,2,7,9,13,32,35,54,57,102
"927",2252,2307,2363,2205,2160,2144,2151,2198,2306,2124
"928",2398,2448,2351,2437,2720,2301,2167,2827,2246,2451
"929",118,140,157,317,345,144,226,1344,147,202
"930",1101,1206,2391,2334,2180,1733,2044,715,1125,1511
"931",2252,2307,2363,2351,2437,2144,2151,2198,2306,2257
"932",2301,2351,2437,3035,3039,2246,2661,2751,2167,2758
"933",2763,2829,2790,2539,2372,2443,2405,2454,2518,2576
"934",2629,2211,1975,2052,2090,2745,2513,2580,2791,2812
"935",2299,2331,1891,1957,1641,2061,921,1091,1294,1295
"936",1780,1940,1983,1405,1609,1826,2299,1499,2238,2331
"937",2629,2211,1975,2052,2090,2745,2513,2580,2791,2812
"938",2776,2301,2781,2668,2713,2398,2448,2606,2167,2629
"939",144,226,118,140,157,317,345,1344,56,65
"940",2351,2437,2398,2448,2347,2301,2246,2758,2252,2307
"941",2443,2405,2910,2763,2829,2372,2641,2454,2518,2576
"942",2391,2142,2044,17,25,64,100,120,46,1125
"943",1344,118,140,157,317,345,144,226,602,674
"944",2252,2307,2363,2205,2160,2655,2723,2735,2211,2669
"945",2298,2360,2236,2281,1876,1878,1959,2077,2122,2540
"946",1344,602,674,758,795,893,965,1923,1949,1976
"947",1891,1957,2299,1641,1909,131,196,1618,1780,1940
"948",95,134,150,198,366,4,8,51,52,66
"949",2236,2281,2298,2360,1876,1878,1959,2077,2122,2602
"950",2167,2398,2448,2629,2776,2668,2713,1975,2052,2090
"951",2823,2849,2862,2788,2802,2845,2859,2813,2877,2439
"952",2351,2437,2347,2246,2758,2252,2307,2363,2451,2301
"953",118,140,157,317,345,144,226,1344,148,158
"954",2403,2252,2307,2363,2451,2144,2151,2198,2306,2351
"955",2625,2607,2690,2596,2665,2778,2707,2643,2619,2575
"956",2745,2604,2629,2398,2448,2294,2944,2507,2554,2557
"957",2606,3035,3039,2776,2742,2504,2804,2301,2633,2666
"958",172,1336,1408,1555,1659,1730,1771,1785,1847,1863
"959",2205,2827,2734,2252,2307,2363,2124,2160,2879,3029
"960",2162,2214,2229,2268,2269,2303,2309,2312,2797,2810
"961",155,84,138,192,199,316,5,49,92,168
"962",3035,3039,2876,2985,2995,3002,3007,3013,3023,2661
"963",2252,2307,2363,2205,2160,2144,2151,2198,2306,2124
"964",1924,1960,2398,2448,2074,1864,1883,1958,1977,2014
"965",144,226,118,140,157,317,345,85,114,233
"966",2763,2829,2702,2405,2943,2945,2984,2910,2454,2518
"967",2778,2504,2819,2915,2443,2831,2804,2641,2705,2724
"968",2685,2669,2720,2298,2360,2236,2281,2655,2723,2735
"969",2162,2214,2229,2268,2269,2303,2309,2312,2602,2618
"970",2889,2892,2936,2958,2843,2643,2883,2988,2992,3017
"971",118,140,157,317,345,147,202,233,299,144
"972",1382,730,1252,1455,376,2334,1813,2233,1601,1716
"973",118,140,157,317,345,144,226,1344,155,40
"974",2691,2629,2745,2513,2580,2791,2812,2838,2372,2604
"975",1344,144,226,118,140,157,317,345,1122,1334
"976",148,158,183,14,15,22,24,29,34,39
"977",118,140,157,317,345,144,226,1344,148,158
"978",5,49,92,168,269,84,138,192,199,316
"979",2299,2331,1891,1957,1641,1336,1408,1555,1659,1730
"980",1864,1883,1958,1977,2014,2021,1892,1954,1951,2001
"981",1876,1878,1959,2298,2360,2236,2281,2077,2122,2222
"982",2299,1891,1957,1641,2331,2061,921,1091,1294,1295
"983",1876,1878,1959,2298,2360,2236,2281,2077,2122,1975
"984",2655,2723,2735,2669,2670,2205,2252,2307,2363,2788
"985",2003,2083,2137,2165,2217,2219,2255,2262,2266,2297
"986",2094,2193,2226,2326,2235,2317,2324,2328,2408,2142
"987",3034,3009,3029,2537,2561,2616,2622,2635,2645,2654
"988",2763,2829,2454,2518,2576,2716,2702,2943,2945,2984
"989",2835,2855,2843,2937,2980,2726,2643,2947,2629,2595
"990",2347,2910,2943,2945,2984,2900,2978,3009,2475,2939
"991",84,138,192,199,316,4,8,51,52,66
"992",2003,2083,2137,2165,2217,2219,2255,2262,2266,2297
"993",2763,2829,2454,2518,2576,2716,2702,2413,2464,2694
"994",1344,602,674,758,795,893,965,1094,1153,1369
"995",2347,2003,2083,2137,2165,2217,2219,2255,2262,2266
"996",2162,2214,2229,2268,2269,2303,2309,2312,2792,2797
"997",2734,2788,2802,2845,2859,1842,1852,1904,1911,1953
"998",2788,2802,2845,2859,2205,2160,2734,2827,2124,2252
"999",2211,1975,2052,2090,2298,2360,2236,2281,1876,1878
"1000",155,84,138,192,199,316,1810,172,1336,1408
"1001",3009,3034,3027,2834,2886,2928,2943,2945,2984,2958
"1002",2391,2334,2241,2331,1933,2140,1101,2114,1419,2025
"1003",2788,2802,2845,2859,2823,2849,2862,2734,2753,2783
"1004",2734,2788,2802,2845,2859,1842,1852,1904,1911,1953
"1005",2331,1336,1408,1555,1659,1730,1771,1785,1847,1863
"1006",2504,2630,2860,2878,2880,2894,2443,3020,3022,3024
"1007",1641,1445,1575,1336,1408,1555,1659,1730,1771,1785
"1008",2788,2802,2845,2859,2734,2823,2849,2862,1842,1852
"1009",2669,2670,2205,2655,2723,2735,2160,2124,2252,2307
"1010",3034,2840,2854,2870,2895,3029,2848,2896,2734,2912
"1011",2391,2334,1101,2180,1206,1933,2140,2241,2114,1499
"1012",2629,2211,2745,2513,2580,2791,2812,2838,2372,2835
"1013",2252,2307,2363,2205,2160,2124,2144,2151,2198,2306
"1014",2748,2821,2766,2767,2787,2714,2773,2782,2846,2863
"1015",148,158,183,1344,118,140,157,317,345,2235
"1016",2831,2454,2518,2576,2716,2705,2724,2413,2464,2694
"1017",2351,2437,2301,2398,2448,2003,2083,2137,2165,2217
"1018",2298,2360,1876,1878,1959,2236,2281,2655,2723,2735
"1019",2162,2214,2229,2268,2269,2303,2309,2312,2734,2788
"1020",118,140,157,317,345,1344,144,226,195,270
"1021",2454,2518,2576,2716,2943,2945,2984,2537,2561,2616
"1022",118,140,157,317,345,144,226,1344,148,158
"1023",1951,2001,2066,2068,2106,2128,2131,2143,2169,2177
"1024",2205,2827,2734,2124,2252,2307,2363,2160,2753,2783
"1025",2301,2351,2437,2003,2083,2137,2165,2217,2219,2255
"1026",2331,1673,1766,1873,1422,1600,1626,1711,1789,1817
"1027",366,1336,1408,1555,1659,1730,1771,1785,1847,1863
"1028",2301,2167,2003,2083,2137,2165,2217,2219,2255,2262
"1029",2347,2003,2083,2137,2165,2217,2219,2255,2262,2266
"1030",1101,2391,2334,1206,1780,1940,1983,1405,1609,1826
"1031",2778,2831,2705,2724,2819,2915,2686,2741,2749,2443
"1032",2391,2331,2334,2241,1499,2238,2216,1933,2140,1109
"1033",2391,2044,1125,1511,2299,2241,2331,1943,1660,1026
"1034",1499,2238,1494,1700,2079,1813,2233,2031,2136,2114
"1035",366,126,2391,16,20,31,36,37,41,43
"1036",2391,2241,2044,1125,1511,2331,2299,1943,1660,1419
"1037",2298,2360,2162,2214,2229,2268,2269,2303,2309,2312
"1038",2003,2083,2137,2165,2217,2219,2255,2262,2266,2297
"1039",2094,2193,2226,2326,1497,2235,2317,2324,2328,2408
"1040",2213,2003,2083,2137,2165,2217,2219,2255,2262,2266
"1041",332,396,252,258,290,300,375,411,469,550
"1042",1336,1408,1555,1659,1730,1771,1785,1847,1863,95
"1043",2298,2360,2236,2281,1876,1878,1959,1975,2052,2090
"1044",155,84,138,192,199,316,454,257,335,95
"1045",2347,2003,2083,2137,2165,2217,2219,2255,2262,2266
"1046",2305,2978,3035,3039,2246,2850,2887,2909,2952,2763
"1047",2300,2188,2643,1692,1822,1903,1921,1987,2030,2133
"1048",1336,1408,1555,1659,1730,1771,1785,1847,1863,1810
"1049",2074,2162,2214,2229,2268,2269,2303,2309,2312,2602
"1050",2347,2003,2083,2137,2165,2217,2219,2255,2262,2266
"1051",2443,2504,2641,2454,2518,2576,2716,2375,2385,2703
"1052",2792,2602,2618,2627,2733,2162,2214,2229,2268,2269
"1053",2331,1494,1700,2079,187,1891,1957,1422,1600,1626
"1054",1344,1191,1397,148,158,183,1043,1264,118,140
"1055",2347,2003,2083,2137,2165,2217,2219,2255,2262,2266
"1056",2391,2241,2044,1125,1511,55,59,67,72,83
"1057",2788,2802,2845,2859,1842,1852,1904,1911,1953,1956
"1058",1892,1954,1864,1883,1958,1977,2014,2021,1951,2001
"1059",2331,2391,1499,2238,1780,1940,1983,2299,2334,1405
"1060",366,126,95,134,150,198,16,20,31,36
"1061",2347,2938,1445,1575,921,1091,1294,1295,1386,1418
"1062",1405,1609,1826,1499,2238,1101,921,1091,1294,1295
"1063",2351,2437,2246,2347,2252,2307,2363,2758,3020,3022
"1064",2889,2892,2936,3027,2958,2828,2842,2883,2988,2992
"1065",2305,2978,2763,2829,2944,2850,2887,2909,2952,2482
"1066",602,674,758,795,893,965,1344,465,569,956
"1067",2882,2162,2214,2229,2268,2269,2303,2309,2312,2911
"1068",2305,2850,2887,2909,2952,2790,2726,2974,3014,3018
"1069",2790,2763,2829,2702,2539,2785,2943,2945,2984,2305
"1070",1336,1408,1555,1659,1730,1771,1785,1847,1863,366
"1071",2655,2723,2735,2788,2802,2845,2859,2222,2669,2823
"1072",2252,2307,2363,2257,2295,2313,2352,2205,2160,2403
"1073",1344,602,674,758,795,893,965,465,569,956
"1074",2726,2750,2789,2795,2836,2899,2930,2949,2956,2964
"1075",1876,1878,1959,2298,2360,2236,2281,2077,2122,2602
"1076",2354,1101,1206,1780,1940,1983,1405,1609,1826,2299
"1077",118,140,157,317,345,144,226,1344,233,299
"1078",1405,1609,1826,2299,1101,1618,1499,2238,2331,2109
"1079",1673,1766,1873,1668,1846,1874,2057,1541,1557,1336
"1080",2778,2819,2831,2705,2724,2915,2443,2686,2741,2749
"1081",2299,2331,2391,1891,1957,1641,2061,2044,921,1091
"1082",1951,2001,2066,2068,2106,2128,2131,2143,2169,2177
"1083",2669,2655,2723,2735,2670,2205,2827,2160,2124,2734
"1084",2003,2083,2137,2165,2217,2219,2255,2262,2266,2297
"1085",3034,3009,3029,2848,2537,2561,2616,2622,2635,2645
"1086",155,84,138,192,199,316,5,49,92,168
"1087",2298,2360,2211,1876,1878,1959,2236,2281,2077,2122
"1088",2403,2252,2307,2363,2305,2369,2722,2451,2739,2398
"1089",2734,2788,2802,2845,2859,2205,2827,2252,2307,2363
"1090",1101,2391,2334,1206,1780,1940,1983,1405,1609,1826
"1091",1864,1883,1958,1977,2014,2021,1951,2001,2066,2068
"1092",2778,2831,2844,2705,2724,2804,2819,2772,3009,2764
"1093",3009,2834,2886,2928,3027,2863,2891,2906,2748,2821
"1094",322,416,1100,1083,1178,1519,1288,1814,2023,2085
"1095",118,140,157,317,345,1344,144,226,148,158
"1096",155,84,138,192,199,316,95,134,150,198
"1097",2205,2669,2124,2160,2252,2307,2363,2670,2655,2723
"1098",366,126,95,134,150,198,16,20,31,36
"1099",1101,1206,2180,2391,2334,1733,2044,715,1780,1940
"1100",2351,2437,2246,2347,2398,2448,2252,2307,2363,2758
"1101",2882,2958,3009,3027,2260,2349,2358,2365,2380,2393
"1102",2298,2360,1876,1878,1959,2236,2281,2077,2122,2602
"1103",148,158,183,118,140,157,317,345,144,226
"1104",2726,2074,1924,1960,2298,2360,2835,2855,2211,2629
"1105",2098,2003,2083,2137,2165,2217,2219,2255,2262,2266
"1106",2252,2307,2363,2205,2160,2398,2448,2144,2124,2151
"1107",2844,2804,2819,2686,2741,2749,2760,2831,2778,2772
"1108",908,413,447,458,459,488,527,544,574,625
"1109",2629,2211,2745,2513,2580,2791,2812,2838,2372,1975
"1110",118,140,157,317,345,144,226,1344,147,202
"1111",2347,2003,2083,2137,2165,2217,2219,2255,2262,2266
"1112",2776,2301,2205,2655,2723,2735,2668,2713,2252,2307
"1113",3027,2958,2863,2891,2906,3009,2881,2885,2946,2959
"1114",3009,3034,2834,2886,2928,3027,2943,2945,2984,2840
"1115",2205,2124,2160,2669,2252,2307,2363,2670,2655,2723
"1116",2351,2437,2398,2448,2252,2307,2363,2451,2403,2305
"1117",2504,2443,3020,3022,3024,2641,2454,2518,2576,2716
"1118",155,2334,1813,2233,90,1601,1716,1793,1897,1907
"1119",2299,2331,1891,1957,1641,1336,1408,1555,1659,1730
"1120",2223,1328,1495,1533,2235,2317,2324,2328,2408,2391
"1121",1864,1883,1958,1977,2014,2021,1892,1954,1951,2001
"1122",2734,2753,2783,2788,2802,2845,2859,2827,2669,2823
"1123",1336,1408,1555,1659,1730,1771,1785,1847,1863,48
"1124",1457,1548,1593,1691,252,258,290,300,359,606
"1125",1101,1206,1780,1940,1983,2299,1405,1609,1826,2391
"1126",40,135,200,337,84,138,192,199,316,155
"1127",2205,2252,2307,2363,2776,2124,2655,2723,2735,2160
"1128",2331,2299,2391,1891,1957,1641,2216,28,33,61
"1129",2298,2360,2236,2281,2629,2540,2581,1876,1878,1959
"1130",2385,2703,2820,2651,2897,2954,3021,3031,3033,3020
"1131",2763,2829,2454,2518,2576,2716,2413,2464,2694,2702
"1132",2720,2403,2298,2360,2236,2281,2252,2307,2363,2685
"1133",2211,2252,2307,2363,2776,2606,2668,2713,2301,2655
"1134",2686,2741,2749,2831,2705,2724,2819,3034,2778,2649
"1135",2372,2843,2768,2975,3008,2643,3027,2691,2596,2467
"1136",2385,2703,2820,2651,2897,2954,3021,3031,3033,2778
"1137",1499,2238,2331,2391,2334,2322,2341,2425,2426,2487
"1138",2347,2003,2083,2137,2165,2217,2219,2255,2262,2266
"1139",2351,2437,2347,2301,2205,2398,2448,2160,2252,2307
"1140",2114,1307,1499,2238,1933,2140,2251,1101,1813,2233
"1141",195,270,21,82,1923,1949,1976,2005,2089,2110
"1142",2385,2703,2820,2651,2897,2954,3021,3031,3033,2661
"1143",2347,2259,2003,2083,2137,2165,2217,2219,2255,2262
"1144",2298,2360,2236,2281,1876,1878,1959,1975,2052,2090
"1145",2745,2604,1924,1960,2629,2726,2074,2294,2507,2554
"1146",84,138,192,199,316,30,42,50,98,130
"1147",95,134,150,198,4,8,51,52,66,74
"1148",1876,1878,1959,2298,2360,2077,2122,2236,2281,1830
"1149",2299,2331,1891,1957,1641,28,33,61,107,201
"1150",2252,2307,2363,2205,2160,2351,2437,2504,2398,2448
"1151",155,172,84,138,192,199,316,5,49,92
"1152",195,270,21,82,44,45,122,137,181,1247
"1153",1344,118,140,157,317,345,144,226,148,158
"1154",1344,118,140,157,317,345,144,226,148,158
"1155",172,1336,1408,1555,1659,1730,1771,1785,1847,1863
"1156",3034,2840,2854,2870,2895,3009,2896,3029,2734,2912
"1157",2301,2351,2437,2398,2448,2167,2781,2003,2083,2137
"1158",2391,2334,1499,2238,2331,2322,2341,2425,2426,2487
"1159",1344,1043,1264,1122,1334,1247,1298,1319,1406,1498
"1160",2298,2360,2962,2991,2999,3004,2602,2618,2627,2733
"1161",2162,2214,2229,2268,2269,2303,2309,2312,2260,2349
"1162",118,140,157,317,345,144,226,1344,147,202
"1163",155,84,138,192,199,316,1770,1979,1455,1382
"1164",2607,2615,2665,2480,2676,2761,2933,2938,2589,2059
"1165",16,20,31,36,37,41,43,47,73,108
"1166",2299,187,2331,131,196,1780,1940,1983,1405,1609
"1167",2629,2745,2604,2513,2580,2791,2812,2838,2372,2610
"1168",2443,2661,2751,2504,2641,2454,2518,2576,2716,2587
"1169",118,140,157,317,345,144,226,233,299,224
"1170",2910,2763,2829,2385,2703,2820,2778,2702,2651,2897
"1171",2443,2504,2454,2518,2576,2716,2641,2661,2751,2375
"1172",2776,2252,2307,2363,2668,2713,2301,2655,2723,2735
"1173",2788,2802,2845,2859,2823,2849,2862,1842,1852,1904
"1174",2788,2802,2845,2859,2655,2723,2735,2205,2827,2734
"1175",2331,2299,2216,2391,95,134,150,198,1109,1592
"1176",118,140,157,317,345,144,226,195,270,1344
"1177",155,454,84,138,192,199,316,254,257,335
"1178",2299,1891,1957,1641,2331,28,33,61,107,201
"1179",40,135,200,337,17,25,64,100,120,2142
"1180",2298,2360,1876,1878,1959,2236,2281,2077,2122,2215
"1181",2391,2334,2241,1933,2140,2331,1101,2114,1499,2238
"1182",2391,1101,2334,1206,2354,2625,2180,2121,2256,1933
"1183",2910,2385,2703,2820,2763,2829,2651,2897,2954,3021
"1184",118,140,157,317,345,144,226,1344,195,270
"1185",2205,2124,2160,2252,2307,2363,2669,2672,2144,2151
"1186",2305,2763,2829,2978,2702,2943,2945,2984,2246,2786
"1187",2299,1618,2331,1909,1494,1700,2079,1708,131,196
"1188",600,260,441,666,854,908,521,517,1106,1128
"1189",84,138,192,199,316,5,49,92,168,269
"1190",172,2299,155,131,196,1891,1957,187,1641,98
"1191",1191,1397,148,158,183,2235,2317,2324,2328,2408
"1192",2162,2214,2229,2268,2269,2303,2309,2312,2797,2810
"1193",1876,1878,1959,2298,2360,2236,2281,2077,2122,1975
"1194",2331,2391,1499,2238,2216,1109,1592,1597,1621,1714
"1195",2351,2437,2398,2448,2301,2347,2252,2307,2363,2246
"1196",1344,118,140,157,317,345,144,226,148,158
"1197",2734,2753,2783,2788,2802,2845,2859,2840,2854,2870
"1198",2398,2448,2351,2437,2246,2305,3035,3039,2301,2167
"1199",2331,1499,2238,2216,1494,1700,2079,1109,1592,1597
"1200",2686,2741,2749,2831,2705,2724,2844,2649,2819,2804
"1201",2958,2881,2885,2946,2959,2947,3001,2904,2926,3027
"1202",2205,2827,2734,2124,2160,2252,2307,2363,2788,2802
"1203",2301,2781,2167,2398,2448,2003,2083,2137,2165,2217
"1204",2745,2604,1924,1960,2294,2398,2448,2507,2554,2557
"1205",2745,2604,2726,2294,2507,2554,2557,2801,2805,2833
"1206",2235,2317,2324,2328,2408,2387,2442,2223,2419,2512
"1207",2259,2347,2003,2083,2137,2165,2217,2219,2255,2262
"1208",1924,1960,2074,2167,2726,2451,1864,1883,1958,1977
"1209",2167,2720,2351,2437,2301,2252,2307,2363,2451,2205
"1210",1842,1852,1904,1911,1953,1956,1986,2016,2026,2036
"1211",1975,2052,2090,2298,2360,2236,2281,1876,1878,1959
"1212",148,158,183,1344,144,226,118,140,157,317
"1213",195,270,21,82,1923,1949,1976,2005,2089,2110
"1214",2299,5,49,92,168,269,90,40,135,200
"1215",1780,1940,1983,2299,1405,1609,1826,2331,1499,2238
"1216",2398,2448,2301,2351,2437,2167,2944,1924,1960,2060
"1217",2948,2973,2443,2491,2584,2727,2744,2770,2796,2806
"1218",1405,1609,1826,2299,1780,1940,1983,187,1101,131
"1219",1810,84,138,192,199,316,1336,1408,1555,1659
"1220",2451,2398,2448,2351,2437,2167,2305,2407,2974,1924
"1221",1336,1408,1555,1659,1730,1771,1785,1847,1863,48
"1222",2398,2448,2252,2307,2363,2403,2167,2144,2151,2198
"1223",2748,2821,2863,2891,2906,2766,2767,2787,2893,3032
"1224",2372,2629,2325,2366,2631,2467,2662,2721,2730,2817
"1225",2351,2437,2398,2448,2347,2451,2246,2758,2305,2301
"1226",2162,2214,2229,2268,2269,2303,2309,2312,2260,2349
"1227",1864,1883,1958,1977,2014,2021,1892,1954,1951,2001
"1228",2334,90,155,1770,1979,1601,1716,1793,1897,1907
"1229",2454,2518,2576,2716,2763,2829,2413,2464,2694,2786
"1230",2565,2571,2574,2439,2440,2446,2472,2479,2481,2489
"1231",2391,2331,2241,2216,1109,1592,1597,1621,1714,1719
"1232",2391,2334,2241,1933,2140,2251,1494,1700,2079,2114
"1233",2398,2448,2301,2745,2604,2351,2437,2339,2402,2414
"1234",2162,2214,2229,2268,2269,2303,2309,2312,2711,2755
"1235",2629,2691,2745,2513,2580,2791,2812,2838,2372,2610
"1236",2443,2641,2504,2385,2703,2820,2897,2954,3021,3031
"1237",1780,1940,1983,1405,1609,1826,907,1101,720,357
"1238",3040,908,395,1497,413,447,458,459,488,527
"1239",84,138,192,199,316,98,130,164,119,4
"1240",2299,1891,1957,2331,1810,1641,172,131,196,1618
"1241",2766,2767,2787,2748,2821,2708,2714,2773,2782,2846
"1242",2651,2347,2910,2690,1113,2213,2978,2482,2943,2945
"1243",2788,2802,2845,2859,2734,2205,2823,2849,2862,2301
"1244",2669,2670,2655,2723,2735,2205,2252,2307,2363,2827
"1245",2443,2504,2454,2518,2576,2716,2641,2413,2464,2694
"1246",2391,1191,1397,2241,2331,465,569,956,1220,1474
"1247",2299,1780,1940,1983,1405,1609,1826,187,2354,1101
"1248",3027,3001,3034,2958,2863,2891,2906,2975,3008,3009
"1249",2763,2829,2702,2943,2945,2984,2454,2518,2576,2716
"1250",17,25,64,100,120,46,2391,44,45,122
"1251",366,95,134,150,198,4,8,51,52,66
"1252",2776,2668,2713,2301,2655,2723,2735,2781,2205,2603
"1253",2629,2211,2372,2745,2610,2513,2580,2791,2812,2838
"1254",2454,2518,2576,2716,2786,2763,2829,2413,2464,2694
"1255",2252,2307,2363,2205,2160,2124,2144,2504,2151,2198
"1256",2443,2641,2778,2504,2454,2518,2576,2716,2375,2819
"1257",2235,2317,2324,2328,2408,2387,2442,1587,1692,1822
"1258",2205,2827,2734,2124,2252,2307,2363,2788,2802,2845
"1259",2162,2214,2229,2268,2269,2303,2309,2312,2074,2602
"1260",2351,2437,2398,2448,2347,2246,2301,2758,2252,2307
"1261",2298,2360,2236,2281,1876,1878,1959,2077,2122,2202
"1262",2347,1972,2003,2083,2137,2165,2217,2219,2255,2262
"1263",155,2334,1770,1979,1382,1813,2233,1455,40,135
"1264",1494,1700,2079,1618,2331,1422,1600,1626,1711,1789
"1265",155,172,454,254,1770,1979,84,138,192,199
"1266",2843,2947,2643,2675,2814,2712,2595,2366,2726,2883
"1267",2958,2911,2881,2885,2946,2959,2947,3001,2962,2991
"1268",2391,1191,1397,366,126,2331,465,569,956,148
"1269",2074,1924,1960,1951,2001,2066,2068,2106,2128,2131
"1270",2745,2726,2750,2789,2795,2836,2899,2930,2949,2956
"1271",1344,144,226,118,140,157,317,345,602,674
"1272",2763,2829,2702,2943,2945,2984,2305,2785,2978,2900
"1273",155,172,84,138,192,199,316,98,130,164
"1274",2763,2829,2943,2945,2984,2978,2900,2702,2305,2785
"1275",2301,2351,2437,2398,2448,2003,2083,2137,2165,2217
"1276",2776,2668,2713,2655,2723,2735,2301,2211,2781,2205
"1277",2299,1780,1940,1983,1405,1609,1826,594,1891,1957
"1278",2629,2691,2745,2513,2580,2791,2812,2838,2372,2398
"1279",2205,2160,2827,2669,2734,2124,2252,2307,2363,2670
"1280",2298,2360,1876,1878,1959,2236,2281,2077,2122,2215
"1281",2211,2629,1975,2052,2090,1876,1878,1959,2298,2360
"1282",2298,2360,2236,2281,1876,1878,1959,2077,2122,2602
"1283",2391,2334,40,135,200,337,224,2299,1101,2044
"1284",2252,2307,2363,2205,2160,2124,2144,2151,2198,2306
"1285",2205,2669,2252,2307,2363,2160,2670,2124,2655,2723
"1286",2391,2299,2331,126,366,95,134,150,198,2044
"1287",195,270,2391,3040,2334,1344,44,45,122,137
"1288",2745,2398,2448,2604,1924,1960,2074,2294,2507,2554
"1289",2252,2307,2363,2351,2437,2144,2151,2198,2306,2257
"1290",2298,2360,2236,2281,1876,1878,1959,2077,2122,2562
"1291",2252,2307,2363,2403,2691,2629,2398,2448,2351,2437
"1292",2778,2831,2705,2724,2844,2819,3009,2915,2443,2764
"1293",2351,2437,2347,2301,2246,2252,2307,2363,2451,2758
"1294",2334,1247,1298,1319,1406,1498,1616,1707,1798,2015
"1295",2299,2331,1891,1957,1618,1909,187,1780,1940,1983
"1296",2763,2829,2454,2518,2576,2716,2443,2413,2464,2694
"1297",95,134,150,198,366,126,4,8,51,52
