"","V1","V2","V3","V4","V5","V6","V7","V8","V9","V10"
"1",2778,642,864,1549,1626,869,870,1028,1402,791
"2",2778,2703,111,2928,3004,2855,2474,2929,32,3006
"3",54,55,56,57,58,129,130,131,132,203
"4",2928,3004,2778,2552,2703,2475,2776,3006,2702,2628
"5",568,642,791,792,863,864,865,866,869,870
"6",568,642,791,792,863,864,869,870,938,939
"7",1,2,3,4,5,6,7,8,9,10
"8",642,864,1028,1170,1171,1402,791,568,869,870
"9",1179,1253,1307,1308,1309,1310,1311,1312,1313,1330
"10",1170,1171,1402,1244,1321,1322,1399,1323,1169,1168
"11",568,642,791,792,863,864,865,866,869,870
"12",2778,2703,111,2474,32,2928,3004,3006,2929,3005
"13",2778,2855,2703,2928,3004,111,2931,3007,3008,2773
"14",2778,2703,2928,3004,2474,111,2475,2550,2552,3006
"15",1,2,3,4,5,6,7,8,9,10
"16",1555,1402,1170,1171,1476,1321,1322,1399,1244,1323
"17",1,2,3,4,5,6,7,8,9,10
"18",1482,1549,1550,1551,1552,1626,1629,1630,1703,1784
"19",2778,2928,3004,2547,2773,1549,1626,2855,1630,2320
"20",1482,1549,1550,1551,1552,1626,1629,1630,1703,1784
"21",1549,1626,1703,2547,2773,2778,2855,2928,3004,2854
"22",497,533,534,535,568,609,610,611,612,613
"23",1,2,3,4,5,6,7,8,9,10
"24",568,642,791,792,863,864,865,866,869,870
"25",1,2,3,4,5,6,7,8,9,10
"26",2778,2928,3004,1549,1626,2703,1703,3006,2474,2475
"27",2928,3004,2778,2703,111,2854,2923,2929,2922,3005
"28",1,2,3,4,5,6,7,8,9,10
"29",2778,2703,2928,3004,111,1934,2552,2474,3006,2550
"30",2773,2928,3004,2547,1630,2780,2781,2320,2778,1934
"31",2778,2703,2474,2928,3004,2475,2550,2552,3006,2551
"32",1934,2928,3004,1630,2547,2320,2854,2702,2773,2701
"33",2703,2778,111,2928,3004,2474,2929,32,3005,3006
"34",2778,2855,1549,1626,2547,1703,2773,1629,3008,2931
"35",1,2,3,4,5,6,7,8,9,10
"36",1549,1552,1626,1629,1703,2472,2547,2778,2854,1551
"37",1,2,3,4,5,6,7,8,9,10
"38",1,2,3,4,5,6,7,8,9,10
"39",1,2,3,4,5,6,7,8,9,10
"40",1310,1311,1312,1313,1332,1387,1388,1389,1390,1391
"41",1,2,3,4,5,6,7,8,9,10
"42",1549,1626,1703,642,2928,3004,1706,2778,1550,111
"43",1,2,3,4,5,6,7,8,9,10
"44",2701,2928,3004,1549,1626,2702,1630,2854,2851,1703
"45",1307,1308,1309,1310,1311,1312,1313,1330,1332,1385
"46",642,1402,864,1028,869,870,791,1549,1626,792
"47",2703,2778,111,2854,2928,3004,2929,3005,32,263
"48",2703,2778,111,2928,3004,2854,2929,3005,2923,35
"49",2778,2703,111,2854,32,2928,3004,2929,3005,2474
"50",1549,1626,2778,1703,1550,2855,2928,3004,1629,1706
"51",1,2,3,4,5,6,7,8,9,10
"52",1,2,3,4,5,6,7,8,9,10
"53",2778,2703,2474,2475,2928,3004,3006,2550,32,2552
"54",1549,1626,1703,2928,3004,2701,2854,2699,1550,1784
"55",1,2,3,4,5,6,7,8,9,10
"56",1170,1171,1402,1244,1323,1321,1322,1399,1168,1169
"57",2928,3004,1934,2552,2475,2474,2773,2551,2550,2620
"58",1,2,3,4,5,6,7,8,9,10
"59",2928,3004,2778,1934,2702,2552,2475,2474,2773,2551
"60",2778,186,2702,2928,3004,59,60,61,62,63
"61",1,2,3,4,5,6,7,8,9,10
"62",1549,1626,2547,2928,3004,1703,2854,2778,2773,1630
"63",2778,2703,2928,3004,2776,3006,2474,111,32,2475
"64",1549,1626,2778,2547,1703,2773,2928,3004,2855,2854
"65",1549,1626,1629,1703,2778,1552,2547,2472,2854,1550
"66",1402,1170,1171,1244,1555,1321,1322,1399,1323,1169
"67",2778,2703,2474,2475,2550,3006,2928,3004,32,2552
"68",2928,3004,2547,2778,2851,2854,2320,2773,2780,2781
"69",1,2,3,4,5,6,7,8,9,10
"70",568,642,864,1028,1170,1171,1402,791,792,863
"71",565,791,792,863,864,869,870,871,937,938
"72",497,533,534,535,558,568,609,610,611,612
"73",2778,2928,3004,2703,111,2776,2922,2923,2929,2998
"74",111,2703,2778,2854,2855,2931,3007,3008,2928,3004
"75",1,2,3,4,5,6,7,8,9,10
"76",1549,1626,2928,3004,1703,2854,2851,2702,2547,2320
"77",1,2,3,4,5,6,7,8,9,10
"78",1393,1394,1471,1482,1549,1550,1551,1552,1556,1557
"79",497,568,642,791,792,863,864,865,866,869
"80",1934,2928,3004,1555,1170,1171,2702,1782,2552,1554
"81",2778,2703,111,2474,2855,2928,3004,3006,2550,2475
"82",2778,2703,2474,32,111,2550,3006,2475,2929,3005
"83",2928,3004,2778,2474,2475,2552,2703,2550,3006,2551
"84",1549,1626,1629,1703,2547,2778,1552,2854,2779,2472
"85",1,2,3,4,5,6,7,8,9,10
"86",2778,2703,111,2928,3004,2474,2854,3005,2929,2855
"87",2778,1402,1170,1171,1549,1626,864,869,870,1323
"88",1393,1394,1471,1482,1548,1549,1550,1551,1552,1556
"89",2778,2703,1549,1626,2855,642,111,1703,32,2928
"90",1,2,3,4,5,6,7,8,9,10
"91",2778,2928,3004,2552,3006,2703,1170,1171,2776,2475
"92",1,2,3,4,5,6,7,8,9,10
"93",1549,1626,1629,1703,2547,2778,2855,1552,1550,2472
"94",1,2,3,4,5,6,7,8,9,10
"95",1,2,3,4,5,6,7,8,9,10
"96",2778,2703,2474,2475,2550,2928,3004,3006,111,2552
"97",1,2,3,4,5,6,7,8,9,10
"98",2928,3004,2778,1934,2552,2702,2628,2475,2703,2551
"99",2778,2928,3004,2702,3006,2851,1549,1626,2776,2773
"100",1,2,3,4,5,6,7,8,9,10
"101",2778,2703,2854,2928,3004,2929,111,3005,263,2931
"102",1,2,3,4,5,6,7,8,9,10
"103",1,2,3,4,5,6,7,8,9,10
"104",1,2,3,4,5,6,7,8,9,10
"105",497,533,534,535,558,568,609,610,611,612
"106",1549,1626,1629,1703,2547,2778,2855,1552,1550,2928
"107",2778,2701,2776,2928,3004,111,2923,2998,2703,1934
"108",1,2,3,4,5,6,7,8,9,10
"109",1393,1394,1471,1482,1549,1550,1551,1552,1556,1557
"110",1,2,3,4,5,6,7,8,9,10
"111",2928,3004,2778,1549,1626,2773,2547,2854,1703,2851
"112",1159,1160,1167,1168,1179,1232,1237,1238,1253,1254
"113",1,2,3,4,5,6,7,8,9,10
"114",2778,2928,3004,2703,111,2922,2776,2929,2923,2998
"115",2703,2778,2854,2931,3007,3008,111,2929,3005,2474
"116",642,1549,1626,1703,1706,568,1550,1259,1028,864
"117",2703,2778,2474,32,3006,2929,111,3005,2928,3004
"118",2778,2547,2928,3004,2851,2780,2781,1630,2320,2773
"119",2778,2703,186,2474,32,2475,3006,2550,2780,2781
"120",1307,1308,1309,1310,1311,1312,1313,1332,1385,1386
"121",2703,2778,111,32,2474,2929,3005,3006,2854,2931
"122",1,2,3,4,5,6,7,8,9,10
"123",2778,2703,111,2854,2929,32,3005,2928,3004,2931
"124",1179,1253,1307,1308,1309,1310,1311,1312,1313,1330
"125",2778,2703,1402,2928,3004,2474,111,3006,2929,3005
"126",2778,2703,2928,3004,111,2855,2474,3006,2550,2552
"127",1,2,3,4,5,6,7,8,9,10
"128",1,2,3,4,5,6,7,8,9,10
"129",2778,1549,1626,1703,2855,1629,2703,3008,2931,3007
"130",2778,2703,2928,3004,2474,2475,2552,2550,3006,2551
"131",2703,2778,2855,2928,3004,111,2474,3006,2550,2931
"132",1,2,3,4,5,6,7,8,9,10
"133",2778,2703,111,2928,3004,2854,2929,2923,3005,32
"134",1,2,3,4,5,6,7,8,9,10
"135",1,2,3,4,5,6,7,8,9,10
"136",1,2,3,4,5,6,7,8,9,10
"137",1,2,3,4,5,6,7,8,9,10
"138",1307,1308,1309,1310,1311,1312,1313,1332,1385,1386
"139",1,2,3,4,5,6,7,8,9,10
"140",2778,2703,2928,3004,2474,111,3006,2855,2550,32
"141",1,2,3,4,5,6,7,8,9,10
"142",2778,2703,111,2854,2929,2928,3004,3005,32,2931
"143",2778,2703,2474,2475,2928,3004,186,2550,3006,32
"144",2778,2703,2474,32,111,2928,3004,2929,3006,341
"145",1,2,3,4,5,6,7,8,9,10
"146",1,2,3,4,5,6,7,8,9,10
"147",2703,2474,2778,2475,186,2550,2928,3004,3006,32
"148",2778,2928,3004,111,2703,1934,2923,2163,2701,532
"149",2703,2778,2854,111,2929,2928,3004,3005,32,3006
"150",1,2,3,4,5,6,7,8,9,10
"151",1,2,3,4,5,6,7,8,9,10
"152",1,2,3,4,5,6,7,8,9,10
"153",1,2,3,4,5,6,7,8,9,10
"154",2778,2703,2474,2475,2550,3006,2628,2928,3004,2552
"155",2703,2778,111,2854,3005,2929,2855,2474,2928,3004
"156",1,2,3,4,5,6,7,8,9,10
"157",1,2,3,4,5,6,7,8,9,10
"158",1,2,3,4,5,6,7,8,9,10
"159",1,2,3,4,5,6,7,8,9,10
"160",2703,2474,2778,2475,186,2928,3004,2550,3006,2780
"161",1,2,3,4,5,6,7,8,9,10
"162",2703,2778,2854,111,2929,3005,2928,3004,2923,2931
"163",1,2,3,4,5,6,7,8,9,10
"164",1,2,3,4,5,6,7,8,9,10
"165",1,2,3,4,5,6,7,8,9,10
"166",2778,186,2928,3004,2474,2703,1549,1626,2475,3006
"167",1,2,3,4,5,6,7,8,9,10
"168",1253,1307,1308,1309,1310,1311,1312,1313,1332,1385
"169",1482,1549,1550,1551,1552,1626,1629,1703,2241,2470
"170",1,2,3,4,5,6,7,8,9,10
"171",1934,1170,1171,1555,1782,1168,2928,3004,1169,1554
"172",1,2,3,4,5,6,7,8,9,10
"173",2778,2703,111,2928,3004,2855,2931,3007,3006,3008
"174",1,2,3,4,5,6,7,8,9,10
"175",2778,2703,1549,1626,642,2780,2781,32,111,2928
"176",1549,1626,1703,2928,3004,2854,2547,2851,1550,2702
"177",1170,1171,1402,1321,1322,1399,1476,1244,1323,1169
"178",497,568,641,642,715,791,792,863,864,869
"179",1,2,3,4,5,6,7,8,9,10
"180",1,2,3,4,5,6,7,8,9,10
"181",1,2,3,4,5,6,7,8,9,10
"182",1179,1253,1307,1308,1309,1310,1311,1312,1313,1330
"183",2778,2703,2474,32,2931,3007,111,2550,3006,3008
"184",1,2,3,4,5,6,7,8,9,10
"185",1,2,3,4,5,6,7,8,9,10
"186",2778,2703,32,111,2928,3004,3006,2474,2929,3005
"187",2778,2703,111,2928,3004,2854,2929,3005,2474,32
"188",2778,2703,2474,2475,32,2550,3006,2928,3004,2929
"189",1253,1307,1308,1309,1310,1311,1312,1313,1330,1332
"190",2703,2778,2854,32,111,2931,3007,2929,3008,341
"191",1,2,3,4,5,6,7,8,9,10
"192",1,2,3,4,5,6,7,8,9,10
"193",1,2,3,4,5,6,7,8,9,10
"194",2778,2703,2854,111,2929,2780,2781,3005,32,2928
"195",1253,1307,1308,1309,1310,1311,1312,1313,1330,1332
"196",1549,1626,2778,2928,3004,1703,2547,2851,2854,2702
"197",2703,2778,111,2928,3004,2854,2929,3005,32,2474
"198",2778,2703,2928,3004,2474,2475,3006,32,2550,111
"199",2928,3004,2854,2851,2702,1549,1626,1630,1555,1782
"200",2928,3004,2778,2547,1549,1626,2851,2702,2320,2854
"201",2778,2703,111,2474,32,2854,2929,3005,2928,3004
"202",1307,1308,1309,1310,1311,1312,1313,1332,1385,1386
"203",1168,1169,1170,1171,1244,1321,1322,1323,1398,1399
"204",1,2,3,4,5,6,7,8,9,10
"205",2703,2778,111,2474,2855,32,2550,2931,3007,2929
"206",1253,1307,1308,1309,1310,1311,1312,1313,1332,1385
"207",2778,2703,111,2928,3004,2474,3006,2552,2550,2475
"208",1,2,3,4,5,6,7,8,9,10
"209",2778,2928,3004,111,2776,2998,1934,2702,2701,2703
"210",1555,1170,1171,1782,1934,2702,1630,2928,3004,1402
"211",2928,3004,1549,1626,2854,2547,1630,2851,2778,1703
"212",1,2,3,4,5,6,7,8,9,10
"213",2778,2928,3004,2776,2701,1934,2998,111,2923,2703
"214",1,2,3,4,5,6,7,8,9,10
"215",2703,2778,111,2854,2928,3004,2929,3005,32,2855
"216",2778,2703,2701,111,2923,2928,3004,2776,2854,2998
"217",2778,2928,3004,1549,1626,2552,2475,2474,3006,1703
"218",1,2,3,4,5,6,7,8,9,10
"219",2778,2703,111,2854,2780,2781,32,2929,2928,3004
"220",2778,1549,1626,2776,2928,3004,1703,2703,2472,3006
"221",1,2,3,4,5,6,7,8,9,10
"222",497,568,642,716,790,791,792,863,864,865
"223",2778,2703,111,2928,3004,32,2929,2474,3005,3006
"224",1,2,3,4,5,6,7,8,9,10
"225",2928,3004,2552,2778,1934,2773,2475,2551,2541,2163
"226",2701,2928,3004,2778,1934,2776,111,2923,2998,2163
"227",2703,2778,111,2474,32,2928,3004,2855,2550,3006
"228",1,2,3,4,5,6,7,8,9,10
"229",2778,1549,1626,2703,642,2474,2928,3004,1703,2475
"230",48,49,50,51,52,53,54,55,56,57
"231",2703,2778,2474,2550,2475,111,2855,32,3006,2931
"232",1402,1555,1170,1171,1321,1322,1399,1244,1323,864
"233",1549,1626,2547,1703,2701,2928,3004,1630,2854,2320
"234",2778,2928,3004,2703,2855,2773,2474,2475,3006,2552
"235",2778,2928,3004,1549,1626,2773,2855,2547,1703,2702
"236",1310,1311,1312,1387,1388,1389,1393,1394,1465,1466
"237",1253,1307,1308,1309,1310,1311,1312,1313,1330,1332
"238",1179,1253,1307,1308,1309,1310,1311,1312,1313,1330
"239",1,2,3,4,5,6,7,8,9,10
"240",1,2,3,4,5,6,7,8,9,10
"241",1310,1311,1312,1387,1388,1389,1393,1394,1465,1466
"242",2778,2928,3004,2702,1549,1626,2776,3006,2475,2474
"243",2928,3004,2701,2699,2475,2703,2552,2776,111,2474
"244",1,2,3,4,5,6,7,8,9,10
"245",1402,1170,1171,1476,1321,1322,1399,1244,1323,1398
"246",1549,1626,1629,1703,2547,2778,2854,1630,2241,2779
"247",1,2,3,4,5,6,7,8,9,10
"248",1,2,3,4,5,6,7,8,9,10
"249",642,864,869,870,1028,1549,1550,1626,1703,2778
"250",1179,1253,1307,1308,1309,1310,1311,1312,1313,1330
"251",2703,2778,2474,2855,2854,2931,3007,3005,2929,3008
"252",1,2,3,4,5,6,7,8,9,10
"253",1,2,3,4,5,6,7,8,9,10
"254",2778,2703,2474,32,3006,2475,111,2550,2929,2928
"255",2778,2703,111,2855,32,2928,3004,2929,341,2931
"256",1,2,3,4,5,6,7,8,9,10
"257",2928,3004,2778,1549,1626,2773,2851,1703,2702,2854
"258",2703,2778,111,2474,2855,32,2928,3004,2550,3006
"259",1,2,3,4,5,6,7,8,9,10
"260",2778,2703,2474,2928,3004,3006,111,2550,2475,2929
"261",1549,1626,1703,2928,3004,2778,2547,2773,2854,2851
"262",2778,2703,2474,2475,2928,3004,3006,2550,111,32
"263",1310,1311,1312,1387,1388,1389,1393,1394,1465,1466
"264",568,642,791,792,863,864,865,866,869,870
"265",2778,2703,111,2474,2928,3004,32,2550,3006,2475
"266",2928,3004,2702,1934,2851,2701,2163,2698,2776,2320
"267",1,2,3,4,5,6,7,8,9,10
"268",1,2,3,4,5,6,7,8,9,10
"269",2778,2928,3004,2703,1549,1626,1706,3006,2628,2475
"270",1253,1307,1308,1309,1310,1311,1312,1313,1330,1332
"271",1,2,3,4,5,6,7,8,9,10
"272",1,2,3,4,5,6,7,8,9,10
"273",2703,2778,111,2855,2474,2928,3004,32,3006,2929
"274",2778,2703,864,642,2855,869,870,2928,3004,791
"275",1167,1168,1169,1179,1232,1253,1303,1304,1305,1306
"276",1179,1232,1253,1307,1308,1309,1310,1311,1312,1313
"277",497,533,534,535,568,609,610,611,612,613
"278",2778,2703,2928,3004,2854,1402,2929,111,3005,415
"279",2778,2703,2928,3004,2474,2475,2550,111,3006,2855
"280",2703,2778,2854,111,2855,2928,3004,3005,2929,2931
"281",1,2,3,4,5,6,7,8,9,10
"282",1,2,3,4,5,6,7,8,9,10
"283",2778,2703,2854,2928,3004,111,2922,2923,2929,3005
"284",111,2703,2778,2854,2855,32,3005,2929,2928,3004
"285",1,2,3,4,5,6,7,8,9,10
"286",2778,2703,2474,340,186,3006,2928,3004,2929,2475
"287",2778,2703,2474,2475,2928,3004,2550,3006,2552,2551
"288",1,2,3,4,5,6,7,8,9,10
"289",1549,1552,1626,1629,1703,2472,2547,2778,2241,2854
"290",1168,1179,1232,1253,1303,1304,1305,1306,1307,1308
"291",2703,2778,2855,2931,3007,3008,111,2854,2929,3005
"292",2778,2703,2474,32,2550,2475,3006,111,2928,3004
"293",2778,2703,2855,2928,3004,2474,2475,3006,2550,2552
"294",1179,1232,1253,1307,1308,1309,1310,1311,1312,1313
"295",2778,642,1549,1626,2703,1703,1028,864,1706,2474
"296",2778,1549,1626,2773,2928,3004,2855,1703,2547,2854
"297",1253,1307,1308,1309,1310,1311,1312,1313,1332,1385
"298",1,2,3,4,5,6,7,8,9,10
"299",2703,2778,2854,111,2929,2928,3004,3005,2855,32
"300",1,2,3,4,5,6,7,8,9,10
"301",2773,2928,3004,2778,2855,2547,1934,2780,2781,2320
"302",1549,1626,2547,2773,2778,2855,2928,3004,1703,2854
"303",1,2,3,4,5,6,7,8,9,10
"304",1,2,3,4,5,6,7,8,9,10
"305",1,2,3,4,5,6,7,8,9,10
"306",2703,2778,2854,111,2928,3004,2855,2929,3005,415
"307",2778,2703,2854,111,2928,3004,2929,3005,3006,32
"308",1,2,3,4,5,6,7,8,9,10
"309",1,2,3,4,5,6,7,8,9,10
"310",2773,1549,1626,2778,2928,3004,2547,1703,2855,2854
"311",1168,1179,1232,1253,1303,1304,1305,1306,1307,1308
"312",1,2,3,4,5,6,7,8,9,10
"313",2778,2703,111,2931,3007,2854,2855,3008,2928,3004
"314",1,2,3,4,5,6,7,8,9,10
"315",1,2,3,4,5,6,7,8,9,10
"316",2703,2778,111,2474,2928,3004,32,2550,3006,2929
"317",1549,1626,1703,2547,2773,2778,2855,1629,2928,3004
"318",2703,2778,111,2854,2928,3004,2929,3005,32,2855
"319",2703,2778,111,2928,3004,2474,2855,3006,3005,2929
"320",1,2,3,4,5,6,7,8,9,10
"321",1482,1549,1550,1626,1629,1703,1784,1865,2241,2470
"322",1393,1394,1471,1482,1549,1550,1551,1552,1556,1557
"323",2778,2547,1549,1626,2928,3004,1703,2854,1629,1630
"324",1,2,3,4,5,6,7,8,9,10
"325",2778,2928,3004,2773,2855,2547,1549,1626,1703,2851
"326",1482,1549,1550,1552,1626,1629,1630,1703,1784,2083
"327",1310,1311,1312,1387,1388,1389,1393,1394,1465,1466
"328",1482,1549,1550,1551,1552,1626,1629,1703,1784,2241
"329",2778,2773,2928,3004,2703,2552,2855,111,3006,2475
"330",1,2,3,4,5,6,7,8,9,10
"331",1,2,3,4,5,6,7,8,9,10
"332",1168,1169,1170,1171,1244,1321,1322,1323,1398,1399
"333",2703,2778,2854,111,2929,2928,3004,3005,2474,32
"334",2778,2703,2474,2928,3004,2855,2550,3006,2475,2929
"335",2703,2778,2474,111,32,3006,2929,3005,2931,3007
"336",2778,2703,111,2855,2928,3004,32,2474,2929,3005
"337",1,2,3,4,5,6,7,8,9,10
"338",2778,2855,2703,2931,3007,3008,2928,3004,2474,3006
"339",1,2,3,4,5,6,7,8,9,10
"340",1,2,3,4,5,6,7,8,9,10
"341",1179,1253,1307,1308,1309,1310,1311,1312,1313,1330
"342",864,1170,1171,1402,1244,1321,1322,1399,1323,1169
"343",2773,2928,3004,2778,2552,1934,2541,2475,2551,3006
"344",1,2,3,4,5,6,7,8,9,10
"345",2703,2778,2854,111,2928,3004,2929,3005,2855,415
"346",1,2,3,4,5,6,7,8,9,10
"347",2703,2778,111,2928,3004,2855,2854,2929,3005,32
"348",1,2,3,4,5,6,7,8,9,10
"349",497,532,565,642,716,717,790,791,792,863
"350",2778,2928,3004,2703,2474,2475,2773,2552,2550,3006
"351",1549,1626,1629,2778,2701,1703,2472,2776,2928,3004
"352",2778,2703,2474,32,2550,2475,3006,186,111,2928
"353",2703,2778,111,2854,2928,3004,2929,3005,32,3006
"354",2703,2778,111,2928,3004,2855,2854,2929,3005,32
"355",2778,2703,2929,2854,2928,3004,111,3005,3006,32
"356",1,2,3,4,5,6,7,8,9,10
"357",1,2,3,4,5,6,7,8,9,10
"358",2701,2928,3004,2702,2776,1934,2163,2851,2320,2699
"359",2778,2703,2854,111,2929,2922,263,3005,32,2928
"360",1549,1626,1629,1703,2547,2773,2778,2855,2928,3004
"361",2701,2928,3004,1934,2163,2776,2702,2549,2699,2320
"362",48,49,50,51,52,53,54,55,56,57
"363",1,2,3,4,5,6,7,8,9,10
"364",1,2,3,4,5,6,7,8,9,10
"365",1,2,3,4,5,6,7,8,9,10
"366",642,864,2778,1549,1626,869,870,1028,791,792
"367",2778,2928,3004,2773,2855,2552,1549,1626,3006,2703
"368",2703,2778,2855,2474,111,2928,3004,2550,3006,2475
"369",1,2,3,4,5,6,7,8,9,10
"370",1,2,3,4,5,6,7,8,9,10
"371",1,2,3,4,5,6,7,8,9,10
"372",1167,1168,1169,1170,1171,1179,1232,1253,1303,1304
"373",2778,2703,2474,3006,32,2928,3004,111,2475,2550
"374",2778,2703,111,2854,32,2929,2928,3004,3005,263
"375",2778,2773,2928,3004,2855,2547,1549,1626,1703,111
"376",1,2,3,4,5,6,7,8,9,10
"377",1,2,3,4,5,6,7,8,9,10
"378",2778,2928,3004,2703,111,3006,2929,2776,3005,32
"379",2778,2703,2474,2550,111,2855,3006,2475,2928,3004
"380",2778,2703,2854,2928,3004,111,2929,3005,2923,2922
"381",2703,2778,2928,3004,111,2929,2854,3005,415,340
"382",1,2,3,4,5,6,7,8,9,10
"383",2703,2778,2474,2928,3004,111,3006,2475,2550,32
"384",1,2,3,4,5,6,7,8,9,10
"385",1549,1626,1703,2928,3004,1706,2701,2699,2702,2552
"386",2703,2778,2928,3004,111,2854,2929,3005,32,3006
"387",1,2,3,4,5,6,7,8,9,10
"388",1393,1394,1471,1482,1549,1550,1551,1552,1626,1629
"389",1,2,3,4,5,6,7,8,9,10
"390",1482,1549,1550,1551,1552,1626,1629,1703,1784,2241
"391",1,2,3,4,5,6,7,8,9,10
"392",2778,2703,2854,111,2928,3004,2929,3005,2923,32
"393",1549,1550,1626,1629,1703,2241,2547,2773,2778,2855
"394",1,2,3,4,5,6,7,8,9,10
"395",1,2,3,4,5,6,7,8,9,10
"396",1,2,3,4,5,6,7,8,9,10
"397",1402,1170,1171,1244,1321,1322,1399,1323,1169,1168
"398",1,2,3,4,5,6,7,8,9,10
"399",2703,2778,2928,3004,2854,2929,111,3005,340,415
"400",1,2,3,4,5,6,7,8,9,10
"401",2778,2703,111,2854,2855,2928,3004,2931,3007,3008
"402",1,2,3,4,5,6,7,8,9,10
"403",2778,2703,2928,3004,2474,2475,3006,2552,2550,2628
"404",1934,2928,3004,2702,1170,1171,1555,2320,1631,1168
"405",2703,2778,32,2474,2931,3007,2855,111,2854,2929
"406",1179,1253,1307,1308,1309,1310,1311,1312,1313,1330
"407",1,2,3,4,5,6,7,8,9,10
"408",2778,2703,2928,3004,2855,864,111,2931,3007,3005
"409",2778,2703,2928,3004,2929,111,3005,3006,2854,2922
"410",2703,2778,2474,111,32,2550,2928,3004,3006,3005
"411",2928,3004,2778,2552,2475,2474,2703,2550,3006,2551
"412",1,2,3,4,5,6,7,8,9,10
"413",2703,2778,2854,2928,3004,111,2855,3005,2929,35
"414",1,2,3,4,5,6,7,8,9,10
"415",1167,1168,1169,1170,1171,1244,1321,1322,1323,1398
"416",2547,2928,3004,1549,1626,2778,2854,1630,2472,2702
"417",1,2,3,4,5,6,7,8,9,10
"418",2778,2703,2474,2928,3004,2855,3006,2550,2475,2931
"419",568,642,791,792,863,864,869,870,937,938
"420",2778,1549,1626,2928,3004,2855,1703,3006,2703,3008
"421",1,2,3,4,5,6,7,8,9,10
"422",2703,2778,2928,3004,111,3005,2929,2854,3006,2474
"423",1,2,3,4,5,6,7,8,9,10
"424",1,2,3,4,5,6,7,8,9,10
"425",1393,1394,1471,1482,1549,1550,1551,1552,1556,1557
"426",2928,3004,2701,2699,2702,1549,1626,2776,2851,2475
"427",1179,1253,1307,1308,1309,1310,1311,1312,1313,1330
"428",2778,2703,111,2855,2928,3004,32,2929,2854,3005
"429",1,2,3,4,5,6,7,8,9,10
"430",2778,2928,3004,2703,111,2854,3005,2929,3006,35
"431",1,2,3,4,5,6,7,8,9,10
"432",2778,2703,2928,3004,2854,2929,111,3005,2931,3007
"433",1,2,3,4,5,6,7,8,9,10
"434",2778,2703,2474,32,3006,2475,111,2550,2928,3004
"435",2778,2703,111,2928,3004,2854,2929,3005,2855,415
"436",2703,2778,111,2780,2781,2854,32,642,2928,3004
"437",2703,2778,2855,111,2928,3004,2474,3005,2929,2550
"438",2928,3004,2778,2773,2552,2475,3006,2474,2702,2851
"439",1,2,3,4,5,6,7,8,9,10
"440",1,2,3,4,5,6,7,8,9,10
"441",1167,1168,1179,1232,1253,1303,1304,1305,1306,1307
"442",2703,2778,2474,111,2928,3004,2475,2550,3006,32
"443",1179,1253,1307,1308,1309,1310,1311,1312,1313,1330
"444",1,2,3,4,5,6,7,8,9,10
"445",2778,2703,2854,111,2855,2928,3004,2929,3005,340
"446",1549,1626,1703,2547,2773,2778,2780,2781,2928,3004
"447",1,2,3,4,5,6,7,8,9,10
"448",1,2,3,4,5,6,7,8,9,10
"449",2773,2928,3004,2778,1549,1626,2854,1703,2547,2320
"450",1393,1394,1471,1482,1548,1549,1550,1551,1552,1556
"451",1253,1307,1308,1309,1310,1311,1312,1313,1332,1385
"452",1,2,3,4,5,6,7,8,9,10
"453",1,2,3,4,5,6,7,8,9,10
"454",2778,2928,3004,2773,1549,1626,1703,2552,2851,2855
"455",2778,2928,3004,2703,2776,2474,2475,3006,111,2628
"456",1,2,3,4,5,6,7,8,9,10
"457",2778,2703,2928,3004,111,2854,2929,3005,3006,32
"458",1179,1232,1253,1307,1308,1309,1310,1311,1312,1313
"459",2778,2703,2474,2928,3004,3006,2929,3005,340,2550
"460",2778,2703,2928,3004,2929,2854,111,3005,340,3006
"461",2703,2778,111,2854,2928,3004,2929,3005,32,2474
"462",2928,3004,2701,2778,2163,2776,1934,2773,2320,2552
"463",1549,1552,1626,1629,1703,2547,2778,2855,2241,3008
"464",2928,3004,1549,1626,2851,2854,2773,2702,2778,1703
"465",2778,1549,1626,1703,642,864,2703,869,870,1550
"466",1310,1311,1312,1313,1387,1388,1389,1390,1391,1392
"467",1,2,3,4,5,6,7,8,9,10
"468",1167,1168,1169,1170,1171,1179,1232,1253,1254,1303
"469",1482,1549,1552,1626,1629,1630,1703,2241,2470,2472
"470",1159,1160,1168,1179,1232,1237,1238,1253,1254,1303
"471",2778,2928,3004,2703,2474,2475,2552,2550,3006,2773
"472",2778,2773,2928,3004,2855,2703,2552,3006,2474,2931
"473",2778,2703,2474,2928,3004,2475,2550,111,3006,2552
"474",1,2,3,4,5,6,7,8,9,10
"475",2778,2928,3004,2552,2475,2703,2474,3006,111,2550
"476",2928,3004,2773,1549,1626,2778,1703,2854,2851,2780
"477",2778,2703,2474,32,2475,2550,3006,2928,3004,111
"478",2703,2778,2855,111,2928,3004,2474,2550,32,2929
"479",2778,2703,2854,111,2931,3007,3008,2928,3004,2929
"480",2778,1549,1626,1703,2928,3004,1629,2855,186,3006
"481",2703,2778,111,2923,2854,2928,3004,2998,2922,411
"482",1,2,3,4,5,6,7,8,9,10
"483",1,2,3,4,5,6,7,8,9,10
"484",2778,2703,2854,111,2931,3007,2928,3004,2929,3008
"485",1,2,3,4,5,6,7,8,9,10
"486",2703,2778,111,2855,2928,3004,2854,2929,3005,32
"487",1,2,3,4,5,6,7,8,9,10
"488",1549,1626,1703,2547,2773,2778,2928,3004,2855,1550
"489",1,2,3,4,5,6,7,8,9,10
"490",1482,1549,1550,1551,1552,1626,1629,1703,2241,2470
"491",1,2,3,4,5,6,7,8,9,10
"492",1,2,3,4,5,6,7,8,9,10
"493",2778,2703,2474,186,2475,3006,2928,3004,2550,2628
"494",1310,1311,1312,1332,1387,1388,1389,1393,1394,1465
"495",2778,2928,3004,1549,1626,2703,2474,2475,3006,186
"496",2928,3004,2778,2703,2929,111,3005,415,2854,3006
"497",1482,1549,1550,1551,1552,1626,1629,1630,1703,1784
"498",1168,1169,1170,1171,1244,1321,1322,1323,1398,1399
"499",2778,2773,2928,3004,2855,2703,2552,2541,3006,1934
"500",2703,2778,111,2855,2928,3004,2854,2929,3005,32
"501",2778,2703,2474,32,3006,2550,2780,2781,111,2475
"502",1,2,3,4,5,6,7,8,9,10
"503",2778,2928,3004,1549,1626,2776,2699,2702,3006,1703
"504",1,2,3,4,5,6,7,8,9,10
"505",2703,2778,2928,3004,111,2474,3005,2929,2855,2854
"506",1,2,3,4,5,6,7,8,9,10
"507",2547,2773,2778,2928,3004,1549,1626,1703,2854,2855
"508",2778,2703,2928,3004,111,2552,3006,2474,2475,2550
"509",1482,1549,1550,1551,1552,1556,1626,1629,1630,1703
"510",2778,2703,2780,2781,2854,2931,3007,3008,2923,532
"511",2703,2778,111,2928,3004,2854,2855,32,2929,3005
"512",2928,3004,2552,2699,2475,2474,2476,2551,2550,2477
"513",1310,1311,1312,1313,1387,1388,1389,1390,1391,1392
"514",2703,2778,2474,111,2928,3004,32,3006,2929,3005
"515",1253,1307,1308,1309,1310,1311,1312,1313,1330,1332
"516",2778,2928,3004,2701,2776,111,2998,3006,1630,2552
"517",2703,2778,111,2928,3004,32,2854,2929,3005,2474
"518",1,2,3,4,5,6,7,8,9,10
"519",1,2,3,4,5,6,7,8,9,10
"520",1549,1626,1629,1703,2547,2778,2472,2854,1630,1552
"521",2778,2703,2854,2928,3004,111,2929,3005,3006,32
"522",2778,2703,2474,2475,32,3006,2550,2928,3004,111
"523",2928,3004,2699,2475,2552,2701,2474,3006,2550,2476
"524",1393,1394,1471,1482,1548,1549,1550,1551,1552,1556
"525",1,2,3,4,5,6,7,8,9,10
"526",2703,2778,2854,111,2929,3005,2931,3007,2855,2928
"527",2703,2778,2474,2855,2931,3007,32,3008,2550,3006
"528",1,2,3,4,5,6,7,8,9,10
"529",2778,2703,2474,32,111,2855,3006,2550,2929,2931
"530",2778,2703,2928,3004,111,2929,3005,2854,3006,2776
"531",2778,2928,3004,2773,2702,2851,3006,2552,1631,1170
"532",2928,3004,2552,2475,2702,2474,2476,1934,2778,2551
"533",2778,2703,2928,3004,2776,3006,2628,2474,2475,111
"534",2778,2928,3004,2703,111,2474,2552,3006,2475,2550
"535",568,642,791,792,864,869,870,1028,1402,1549
"536",1549,1552,1626,1629,1703,2472,2547,2778,2854,1551
"537",2778,2703,2854,111,2928,3004,2923,2929,3005,2922
"538",1310,1311,1312,1313,1332,1387,1388,1389,1390,1391
"539",2778,2703,2928,3004,2773,2474,2475,2552,2855,3006
"540",1402,2778,2703,2474,1170,1171,728,1476,1555,186
"541",1167,1168,1169,1179,1232,1253,1303,1304,1305,1306
"542",1179,1232,1253,1303,1304,1305,1306,1307,1308,1309
"543",1555,1402,728,1476,1321,1322,1399,1170,1171,1244
"544",1179,1253,1307,1308,1309,1310,1311,1312,1313,1330
"545",1,2,3,4,5,6,7,8,9,10
"546",2778,2773,2928,3004,2855,2547,1549,1626,1703,1630
"547",1549,1626,1703,1629,2778,2928,3004,2472,2854,1552
"548",1,2,3,4,5,6,7,8,9,10
"549",1167,1168,1169,1170,1171,1244,1321,1322,1323,1398
"550",2703,1402,2780,2781,2778,2928,3004,1324,2929,2474
"551",2778,2928,3004,2773,1549,1626,2552,2475,1703,2474
"552",1,2,3,4,5,6,7,8,9,10
"553",2778,186,1549,1626,2703,2474,1402,2475,2928,3004
"554",1,2,3,4,5,6,7,8,9,10
"555",1549,1626,1703,2778,2773,2547,2855,2928,3004,1550
"556",642,864,869,870,1028,1549,1626,1703,2778,791
"557",2703,2778,2855,111,2854,2931,3007,3008,3005,2929
"558",2928,3004,2778,2773,2552,2475,3006,111,2474,2551
"559",2778,2703,2854,2931,3007,3008,111,639,2855,2929
"560",1,2,3,4,5,6,7,8,9,10
"561",1402,1170,1171,1555,1321,1322,1399,1244,1323,1169
"562",2778,2928,3004,2773,2702,1934,2851,2320,1631,2552
"563",2703,2778,2855,111,2854,2928,3004,2929,32,3005
"564",2928,3004,2552,2773,2475,2541,2778,2551,2698,2474
"565",1,2,3,4,5,6,7,8,9,10
"566",1,2,3,4,5,6,7,8,9,10
"567",533,534,535,568,609,610,611,612,613,614
"568",1167,1168,1169,1170,1171,1244,1321,1322,1323,1398
"569",1179,1232,1253,1307,1308,1309,1310,1311,1312,1313
"570",1,2,3,4,5,6,7,8,9,10
"571",791,864,869,870,1167,1168,1169,1170,1171,1244
"572",2778,2703,2928,3004,2929,3006,111,3005,2474,2931
"573",2928,3004,2475,2474,2699,2552,2703,2628,2702,2550
"574",2773,2928,3004,1549,1626,1703,2541,2778,2780,2781
"575",2703,2778,2928,3004,2854,111,2929,3005,415,32
"576",1,2,3,4,5,6,7,8,9,10
"577",2778,2703,111,32,2474,2928,3004,3006,2929,3005
"578",1,2,3,4,5,6,7,8,9,10
"579",1253,1307,1308,1309,1310,1311,1312,1313,1332,1385
"580",2773,2778,2928,3004,2855,2703,111,2552,2235,1934
"581",2703,2778,111,2928,3004,2474,2929,32,3005,2854
"582",2703,2778,2854,111,2929,2928,3004,3005,32,411
"583",1934,2928,3004,2552,2475,2701,2163,2702,2551,2620
"584",2778,2703,2928,3004,3006,2776,2474,32,2929,111
"585",1549,1626,2701,1706,1703,2699,2776,2928,3004,642
"586",1549,1626,1170,1171,1402,2928,3004,2701,1555,1323
"587",2928,3004,2778,2773,2552,1934,2702,2475,3006,2474
"588",2778,2703,111,2854,2928,3004,411,2929,3005,263
"589",2928,3004,1934,2702,2773,2851,2698,2320,2163,2552
"590",1,2,3,4,5,6,7,8,9,10
"591",2778,2773,2928,3004,2703,2552,1934,2541,111,3006
"592",1393,1394,1471,1482,1548,1549,1550,1551,1552,1556
"593",2928,3004,1549,1626,1703,2854,2851,2702,2773,2778
"594",1402,1244,1321,1322,1399,1476,1323,1324,1398,1170
"595",2778,2703,2474,2928,3004,2475,3006,2628,2552,2550
"596",1167,1168,1179,1232,1253,1303,1304,1305,1306,1307
"597",2778,2703,2928,3004,111,2854,2929,3005,2931,3007
"598",1549,1626,1703,2547,2778,2855,2773,1629,2928,3004
"599",2778,2703,2928,3004,2474,3006,111,2929,2550,2475
"600",2703,2778,2855,2474,2928,3004,111,2550,2475,3005
"601",1,2,3,4,5,6,7,8,9,10
"602",1549,1626,1629,1703,2547,2773,2778,2854,2928,3004
"603",2778,2703,32,111,2929,341,340,2780,2781,2928
"604",2778,2703,2474,2475,2550,3006,2928,3004,2855,2552
"605",1310,1311,1312,1387,1388,1389,1393,1394,1465,1466
"606",1,2,3,4,5,6,7,8,9,10
"607",1167,1168,1169,1179,1232,1253,1306,1307,1308,1309
"608",2928,3004,1934,2778,2702,2552,2773,2475,2851,2474
"609",1253,1307,1308,1309,1310,1311,1312,1313,1330,1332
"610",2778,2703,2928,3004,111,2854,2929,3005,2922,263
"611",568,642,791,792,863,864,869,870,937,938
"612",2928,3004,2701,2702,2776,2851,2163,2778,1934,2699
"613",1170,1171,1402,1244,1321,1322,1399,1555,1168,1169
"614",2778,2703,111,2928,3004,3006,2929,3005,32,2931
"615",1,2,3,4,5,6,7,8,9,10
"616",2703,728,2474,2778,186,2550,2780,2781,2475,32
"617",2703,2778,2855,111,2931,3007,3008,2928,3004,2854
"618",1549,1626,1703,2778,2547,2928,3004,2854,1629,1550
"619",1,2,3,4,5,6,7,8,9,10
"620",2778,2703,111,32,2474,2928,3004,3006,2855,2929
"621",2703,2778,2854,111,32,2929,3005,2931,3007,3008
"622",1,2,3,4,5,6,7,8,9,10
"623",2778,2547,1549,1626,2928,3004,2855,2773,1703,3008
"624",642,864,1028,2778,2703,568,869,870,1402,791
"625",2778,2703,2854,111,2931,3007,3008,2923,2998,2929
"626",2703,2778,111,2928,3004,2854,2929,3005,2474,32
"627",1,2,3,4,5,6,7,8,9,10
"628",1,2,3,4,5,6,7,8,9,10
"629",642,791,864,869,870,1028,1168,1169,1170,1171
"630",1,2,3,4,5,6,7,8,9,10
"631",1,2,3,4,5,6,7,8,9,10
"632",2778,2703,111,2855,2854,2931,3007,3008,2929,3005
"633",1179,1253,1307,1308,1309,1310,1311,1312,1313,1330
"634",2778,2703,111,2928,3004,32,2929,2855,2474,3005
"635",2928,3004,2778,2703,3006,2776,2929,2474,2475,2699
"636",1549,1626,1629,1703,2547,2778,2854,2472,1552,2779
"637",1,2,3,4,5,6,7,8,9,10
"638",2928,3004,2778,2703,2475,2474,111,3006,2552,2550
"639",1170,1171,1402,1476,2778,1321,1322,1399,1244,1168
"640",1,2,3,4,5,6,7,8,9,10
"641",1,2,3,4,5,6,7,8,9,10
"642",1,2,3,4,5,6,7,8,9,10
"643",2778,2703,2854,111,2928,3004,2855,2929,3005,340
"644",2778,2703,2854,2474,2931,3007,2929,1402,3005,111
"645",1,2,3,4,5,6,7,8,9,10
"646",2778,1549,1626,2928,3004,2773,2547,2855,1703,2854
"647",1,2,3,4,5,6,7,8,9,10
"648",49,50,51,52,53,54,55,56,57,58
"649",1,2,3,4,5,6,7,8,9,10
"650",2778,2928,3004,1549,1626,1703,2703,2855,2474,2475
"651",1,2,3,4,5,6,7,8,9,10
"652",2778,1549,1626,1629,1703,2928,3004,2547,1552,2855
"653",1,2,3,4,5,6,7,8,9,10
"654",2778,2922,2929,2928,3004,2776,2703,1789,2854,2998
"655",1482,1549,1550,1551,1552,1626,1629,1630,1703,1784
"656",2778,2703,2928,3004,111,2854,2929,3005,3006,32
"657",1,2,3,4,5,6,7,8,9,10
"658",2778,2703,2928,3004,2474,2475,2550,2552,3006,111
"659",2778,1402,864,2928,3004,2703,869,870,642,791
"660",2778,2855,1549,1626,2928,3004,1703,2547,3008,2931
"661",2703,2778,2474,111,2780,2781,32,2929,2928,3004
"662",2778,2703,111,32,2474,2928,3004,2854,2929,3005
"663",1,2,3,4,5,6,7,8,9,10
"664",1549,1626,1629,1703,2547,2854,2778,2779,2472,1552
"665",2778,2703,2474,2475,2928,3004,1549,1626,2550,186
"666",1,2,3,4,5,6,7,8,9,10
"667",2778,2928,3004,2703,2474,2475,2552,3006,2550,2628
"668",1,2,3,4,5,6,7,8,9,10
"669",1,2,3,4,5,6,7,8,9,10
"670",2703,2778,111,2928,3004,2854,2929,3005,32,2474
"671",1,2,3,4,5,6,7,8,9,10
"672",1,2,3,4,5,6,7,8,9,10
"673",1482,1549,1552,1626,1629,1703,2241,2547,2778,2854
"674",2778,642,1549,1626,2703,2928,3004,497,111,2854
"675",1,2,3,4,5,6,7,8,9,10
"676",1,2,3,4,5,6,7,8,9,10
"677",1549,1626,1703,2928,3004,2854,2547,2778,2851,2702
"678",1,2,3,4,5,6,7,8,9,10
"679",1,2,3,4,5,6,7,8,9,10
"680",1,2,3,4,5,6,7,8,9,10
"681",1,2,3,4,5,6,7,8,9,10
"682",2778,2928,3004,2703,111,2552,2474,2475,3006,2550
"683",2778,2703,2855,2931,3007,3008,2474,2550,2928,3004
"684",2703,2778,111,2855,2854,2928,3004,2929,3005,2931
"685",2778,2928,3004,2703,2552,1934,111,3006,2474,2475
"686",2928,3004,2778,1549,1626,2474,2475,2552,2703,2550
"687",2703,2778,2854,111,2929,32,3005,2780,2781,2928
"688",1402,2778,1476,1170,1171,1549,1626,1321,1322,1399
"689",1,2,3,4,5,6,7,8,9,10
"690",1,2,3,4,5,6,7,8,9,10
"691",1,2,3,4,5,6,7,8,9,10
"692",1,2,3,4,5,6,7,8,9,10
"693",2928,3004,2778,2703,111,2929,3005,3006,2854,2922
"694",2928,3004,2778,2703,111,2929,3006,3005,2475,2474
"695",2778,2928,3004,2552,2703,2475,3006,2474,2773,2551
"696",864,1167,1168,1169,1170,1171,1244,1321,1322,1323
"697",2703,2778,2474,186,340,2780,2781,2475,2550,32
"698",2778,2703,642,2854,111,2923,2928,3004,2922,411
"699",2778,2928,3004,2703,111,3006,32,2929,2474,2475
"700",2778,2703,2928,3004,3006,1549,1626,2929,2474,111
"701",1549,1626,2928,3004,1703,2854,2851,2702,2552,2475
"702",1,2,3,4,5,6,7,8,9,10
"703",1,2,3,4,5,6,7,8,9,10
"704",2778,2703,2928,3004,111,2929,2854,3005,32,3006
"705",1549,1626,2928,3004,1703,2773,2854,2778,2851,2547
"706",1549,1626,2703,2928,3004,2474,2475,2778,2699,1703
"707",2778,2703,2474,2475,2928,3004,2550,2552,3006,2551
"708",2928,3004,1549,1626,2699,2475,2701,2552,2702,2474
"709",2703,2778,2928,3004,111,2929,340,2780,2781,2854
"710",1393,1394,1471,1482,1549,1550,1551,1552,1556,1626
"711",1,2,3,4,5,6,7,8,9,10
"712",1,2,3,4,5,6,7,8,9,10
"713",1,2,3,4,5,6,7,8,9,10
"714",1549,1626,1703,1402,1555,1170,1171,642,1028,1706
"715",1402,1170,1171,1555,1028,1321,1322,1399,642,1244
"716",1,2,3,4,5,6,7,8,9,10
"717",1482,1549,1550,1551,1552,1626,1629,1630,1703,1784
"718",1393,1394,1471,1482,1549,1550,1551,1552,1556,1626
"719",2778,2703,2928,3004,2854,111,2929,3005,2923,2922
"720",1549,1626,2547,2928,3004,1703,2854,2701,1630,2778
"721",1170,1171,1244,1321,1322,1399,1402,1323,1476,1400
"722",2778,2703,111,2928,3004,32,2854,2929,3005,3006
"723",1549,1626,1703,2778,2854,2928,3004,1629,2547,1550
"724",1253,1307,1308,1309,1310,1311,1312,1313,1330,1332
"725",1,2,3,4,5,6,7,8,9,10
"726",2778,2703,2474,2928,3004,2475,2552,3006,2550,2551
"727",1393,1394,1471,1482,1548,1549,1550,1551,1552,1556
"728",1,2,3,4,5,6,7,8,9,10
"729",1549,1626,2928,3004,1703,2701,2702,2851,2776,2699
"730",2778,2703,2474,2928,3004,2475,3006,2550,2552,32
"731",1,2,3,4,5,6,7,8,9,10
"732",1,2,3,4,5,6,7,8,9,10
"733",2928,3004,2552,2475,2474,2541,2476,2550,2551,3006
"734",1,2,3,4,5,6,7,8,9,10
"735",2778,2703,111,2928,3004,2854,2929,3005,2474,32
"736",1170,1171,1402,1168,1169,1244,1321,1322,1399,864
"737",1549,1626,1629,1703,2547,2778,2854,2928,3004,2472
"738",2778,1402,2703,1170,1171,1476,2474,1321,1322,1399
"739",1549,1626,1629,1703,2547,2854,1552,2778,2779,2472
"740",2778,2703,111,2928,3004,2854,2929,3005,3006,2931
"741",2778,2928,3004,1170,1171,1555,1934,2702,1782,1402
"742",2778,2703,2474,2928,3004,2475,2552,2550,3006,2551
"743",1,2,3,4,5,6,7,8,9,10
"744",2778,2703,2474,32,2780,2781,3006,2929,2928,3004
"745",1549,1626,1703,2547,1629,1550,2854,2778,2928,3004
"746",1549,1626,2778,642,1703,864,2703,2928,3004,869
"747",1549,1626,1703,2547,2928,3004,2854,2778,1629,2851
"748",2778,2703,2854,111,2923,2929,2780,2781,3005,2931
"749",1,2,3,4,5,6,7,8,9,10
"750",1,2,3,4,5,6,7,8,9,10
"751",2928,3004,2778,2552,2475,2474,3006,2703,2550,2551
"752",2778,2703,2474,32,186,2550,2475,3006,111,2928
"753",2778,2703,111,2928,3004,2474,3006,32,2929,3005
"754",1310,1311,1312,1313,1387,1388,1389,1390,1391,1392
"755",2703,2778,2780,2781,2474,2929,2928,3004,3005,3006
"756",2701,2928,3004,2776,2923,1934,111,2998,2163,2778
"757",1,2,3,4,5,6,7,8,9,10
"758",1,2,3,4,5,6,7,8,9,10
"759",1,2,3,4,5,6,7,8,9,10
"760",1,2,3,4,5,6,7,8,9,10
"761",1,2,3,4,5,6,7,8,9,10
"762",2778,2780,2781,1789,59,60,61,62,63,64
"763",2778,2703,2931,3007,2854,3008,111,2855,411,2923
"764",642,864,1028,1170,1171,1402,1476,1168,1321,1322
"765",1,2,3,4,5,6,7,8,9,10
"766",1549,1626,1703,2773,2928,3004,2547,2854,2780,2781
"767",2703,2474,2778,2780,2781,111,2475,2550,728,32
"768",2778,2703,2931,3007,3008,3006,2929,2928,3004,2474
"769",1549,1626,2928,3004,2773,1703,2854,2851,2778,2780
"770",1310,1311,1312,1313,1332,1387,1388,1389,1390,1391
"771",1,2,3,4,5,6,7,8,9,10
"772",2778,2703,111,2855,32,2928,3004,2929,2931,3007
"773",1,2,3,4,5,6,7,8,9,10
"774",2701,2928,3004,1549,1626,2776,2778,2702,2320,2851
"775",1,2,3,4,5,6,7,8,9,10
"776",2928,3004,2699,2552,2475,2701,2776,2703,2474,2778
"777",1,2,3,4,5,6,7,8,9,10
"778",1310,1311,1312,1313,1332,1387,1388,1389,1390,1391
"779",1549,1626,1629,1703,2547,2773,2778,2854,1784,2855
"780",1,2,3,4,5,6,7,8,9,10
"781",2778,2703,2474,2928,3004,2475,3006,2550,2552,2628
"782",2778,2703,532,59,60,61,62,63,64,65
"783",1934,2702,2928,3004,2549,59,60,61,62,63
"784",1482,1549,1550,1552,1626,1629,1703,1784,2241,2472
"785",1,2,3,4,5,6,7,8,9,10
"786",1549,1626,2547,2778,2928,3004,2773,1703,2854,2851
"787",2778,2703,2474,2475,2928,3004,2550,1549,1626,2552
"788",1,2,3,4,5,6,7,8,9,10
"789",1,2,3,4,5,6,7,8,9,10
"790",2778,2703,2474,186,2475,2550,1402,3006,2628,2627
"791",1,2,3,4,5,6,7,8,9,10
"792",1,2,3,4,5,6,7,8,9,10
"793",1168,1179,1232,1253,1303,1304,1305,1306,1307,1308
"794",2778,2703,2928,3004,111,2474,3006,32,2550,2475
"795",2703,2778,111,2854,2474,2928,3004,2929,3005,2550
"796",1549,1626,1703,2547,2854,2928,3004,1629,2778,2472
"797",1,2,3,4,5,6,7,8,9,10
"798",1,2,3,4,5,6,7,8,9,10
"799",1179,1232,1253,1307,1308,1309,1310,1311,1312,1313
"800",2928,3004,2773,1549,1626,1703,2778,2854,2851,2552
"801",2778,2703,2474,32,111,2628,3006,2550,2475,2627
"802",1,2,3,4,5,6,7,8,9,10
"803",2703,2778,111,2474,2928,3004,2550,2475,32,3006
"804",1,2,3,4,5,6,7,8,9,10
"805",2778,2703,111,2931,3007,2928,3004,3006,2474,32
"806",1402,186,1244,1321,1322,1399,1549,1626,1170,1171
"807",2778,2703,2474,32,111,3006,2929,3005,2928,3004
"808",1,2,3,4,5,6,7,8,9,10
"809",1,2,3,4,5,6,7,8,9,10
"810",2547,2773,2778,2928,3004,1549,1626,2854,1703,2855
"811",1,2,3,4,5,6,7,8,9,10
"812",2928,3004,2778,2776,2701,3006,2699,2929,2702,2998
"813",1549,1626,1629,1703,2547,2773,2778,2854,2855,2928
"814",2778,2703,2854,642,111,2923,2931,3007,411,3008
"815",2778,2928,3004,2702,2474,1549,1626,3006,2475,2703
"816",1167,1168,1169,1170,1171,1244,1321,1322,1323,1398
"817",1549,1626,2928,3004,1703,2854,2851,2773,2772,2778
"818",2778,2703,2928,3004,2474,111,2929,3006,32,3005
"819",2778,2703,32,2474,111,3006,2929,2928,3004,3005
"820",2778,2703,2474,2780,2781,32,3006,2929,3005,2475
"821",2703,2778,2928,3004,2474,111,3006,2475,2929,3005
"822",1,2,3,4,5,6,7,8,9,10
"823",1,2,3,4,5,6,7,8,9,10
"824",1549,1550,1552,1626,1629,1630,1703,1784,2547,2778
"825",1,2,3,4,5,6,7,8,9,10
"826",2475,2928,3004,2474,2476,2552,2477,2550,2551,2628
"827",1482,1549,1550,1551,1552,1626,1629,1630,1703,1784
"828",1,2,3,4,5,6,7,8,9,10
"829",2703,2778,340,2474,2928,3004,2550,2855,2780,2781
"830",1471,1482,1549,1550,1551,1552,1626,1629,1630,1703
"831",2778,2928,3004,2931,3007,3008,2776,2855,2998,2854
"832",2703,2778,111,2928,3004,2474,2929,32,3005,2854
"833",1549,1626,2778,1703,2928,3004,2547,2773,2854,2851
"834",1,2,3,4,5,6,7,8,9,10
"835",1253,1307,1308,1309,1310,1311,1312,1313,1330,1332
"836",1179,1253,1307,1308,1309,1310,1311,1312,1313,1330
"837",2778,2703,111,32,2931,3007,2929,3008,2474,3006
"838",2928,3004,2475,2778,2474,2552,2703,2550,3006,2699
"839",2928,3004,111,2701,2703,2922,2929,2778,415,3005
"840",1,2,3,4,5,6,7,8,9,10
"841",1934,2928,3004,2702,2163,2552,2320,2701,2698,2620
"842",2778,2703,2929,2928,3004,2780,2781,3006,186,1402
"843",1,2,3,4,5,6,7,8,9,10
"844",2778,2703,111,2928,3004,32,2929,2780,2781,3005
"845",1482,1549,1552,1626,1629,1630,1703,2241,2470,2472
"846",2778,2703,2474,111,2475,2928,3004,2550,3006,32
"847",1,2,3,4,5,6,7,8,9,10
"848",1549,1550,1551,1552,1626,1629,1703,1784,2472,2547
"849",2778,2703,2474,111,32,2928,3004,3006,2855,2550
"850",2778,2703,642,1402,2474,2928,3004,340,2929,3006
"851",2778,2703,2474,32,111,3006,2780,2781,2929,2550
"852",2928,3004,2778,2703,111,2854,2929,2922,2923,3005
"853",1549,1626,1703,2547,2778,2928,3004,2773,2780,2781
"854",2778,2703,2928,3004,111,2474,2475,3006,2550,2552
"855",1253,1307,1308,1309,1310,1311,1312,1313,1332,1385
"856",1,2,3,4,5,6,7,8,9,10
"857",1,2,3,4,5,6,7,8,9,10
"858",1,2,3,4,5,6,7,8,9,10
"859",2778,1170,1171,1402,2703,1168,1169,1244,1321,1322
"860",1,2,3,4,5,6,7,8,9,10
"861",2778,2703,2928,3004,2474,3006,2475,2550,2702,2552
"862",1253,1307,1308,1309,1310,1311,1312,1313,1330,1332
"863",1549,1626,1629,1703,2547,2778,2854,2472,1552,2779
"864",1,2,3,4,5,6,7,8,9,10
"865",1482,1549,1550,1551,1552,1556,1626,1629,1630,1703
"866",1,2,3,4,5,6,7,8,9,10
"867",1,2,3,4,5,6,7,8,9,10
"868",1482,1549,1550,1551,1552,1626,1629,1630,1703,1784
"869",1789,2776,59,60,61,62,63,64,65,133
"870",1,2,3,4,5,6,7,8,9,10
"871",1,2,3,4,5,6,7,8,9,10
"872",1,2,3,4,5,6,7,8,9,10
"873",2778,2928,3004,2773,1934,2552,2703,111,3006,2475
"874",1,2,3,4,5,6,7,8,9,10
"875",1,2,3,4,5,6,7,8,9,10
"876",1,2,3,4,5,6,7,8,9,10
"877",1,2,3,4,5,6,7,8,9,10
"878",1482,1549,1550,1551,1552,1626,1629,1630,1703,1784
"879",2778,2703,2928,3004,111,3005,2929,2854,3006,2474
"880",1549,1626,1703,1402,642,1706,1028,864,568,1550
"881",2928,3004,2475,2474,2702,2552,2778,2699,2550,3006
"882",1,2,3,4,5,6,7,8,9,10
"883",2778,2776,2472,2928,3004,2701,2998,2702,59,60
"884",2778,2703,1402,532,2928,3004,1476,111,1170,1171
"885",1,2,3,4,5,6,7,8,9,10
"886",1,2,3,4,5,6,7,8,9,10
"887",2778,2703,2474,2550,2475,2855,32,3006,111,2928
"888",2778,2928,3004,1549,1626,2703,2474,2475,2552,3006
"889",2778,2703,2928,3004,2552,2474,3006,2475,2628,111
"890",1,2,3,4,5,6,7,8,9,10
"891",186,2703,2474,2778,2475,32,2780,2781,3006,2550
"892",1,2,3,4,5,6,7,8,9,10
"893",1393,1394,1471,1482,1549,1550,1551,1552,1556,1626
"894",1,2,3,4,5,6,7,8,9,10
"895",1,2,3,4,5,6,7,8,9,10
"896",1,2,3,4,5,6,7,8,9,10
"897",1,2,3,4,5,6,7,8,9,10
"898",1549,1626,2778,2928,3004,2547,1703,2854,2851,2702
"899",1482,1549,1550,1552,1626,1629,1630,1703,1784,2241
"900",2778,2703,1549,1626,1402,642,2928,3004,2474,1703
"901",1549,1626,2928,3004,2778,1703,2702,2851,2547,1550
"902",2703,2778,111,2854,2923,32,2928,3004,2929,3005
"903",2778,2703,111,2474,32,2550,2928,3004,3006,2855
"904",1549,1626,1629,1703,2547,2778,2854,2928,3004,1552
"905",1,2,3,4,5,6,7,8,9,10
"906",1,2,3,4,5,6,7,8,9,10
"907",1028,1170,1171,1402,642,1555,1476,864,1321,1322
"908",2778,2928,3004,2773,1549,1626,2475,2474,2552,2550
"909",1170,1171,1402,1555,1476,1321,1322,1399,1244,1169
"910",1,2,3,4,5,6,7,8,9,10
"911",2778,2703,2474,111,3006,2550,2929,2928,3004,3005
"912",2778,2703,1549,1626,2928,3004,111,32,3006,2474
"913",2778,2703,2928,3004,1549,1626,111,3006,32,2474
"914",2928,3004,2552,2475,2699,2474,2703,2778,2701,2550
"915",2778,2928,3004,2773,2547,1549,1626,2851,2702,2320
"916",1482,1549,1552,1626,1629,1703,1784,1865,2083,2241
"917",1,2,3,4,5,6,7,8,9,10
"918",568,642,791,864,1028,1402,792,863,1549,1626
"919",1549,1626,1629,1703,2547,2778,2854,2472,2928,3004
"920",1,2,3,4,5,6,7,8,9,10
"921",2703,2778,2474,2475,2550,32,3006,111,2552,2928
"922",1549,1626,1629,1703,2547,2778,2928,3004,1552,2854
"923",2703,2778,2474,111,2550,2475,3006,2552,2928,3004
"924",1167,1168,1169,1170,1171,1244,1321,1322,1323,1398
"925",1,2,3,4,5,6,7,8,9,10
"926",1,2,3,4,5,6,7,8,9,10
"927",2928,3004,1934,2773,2552,2778,2702,2475,2320,2701
"928",2703,2778,2854,111,32,2931,3007,3008,2929,3005
"929",1,2,3,4,5,6,7,8,9,10
"930",1,2,3,4,5,6,7,8,9,10
"931",2778,2703,2474,2475,32,2550,3006,111,2928,3004
"932",2778,2703,111,2474,3006,2928,3004,2929,3005,2550
"933",2778,2702,2928,3004,2776,59,60,61,62,63
"934",2778,2703,2855,2474,2928,3004,2550,111,2475,3006
"935",1,2,3,4,5,6,7,8,9,10
"936",1,2,3,4,5,6,7,8,9,10
"937",2778,2928,3004,2773,1549,1626,2475,2552,2474,2550
"938",2703,2778,111,32,2854,2474,2929,3005,3006,341
"939",1,2,3,4,5,6,7,8,9,10
"940",2703,2778,111,2474,2855,2928,3004,2854,2929,3005
"941",1549,1626,1629,2547,1703,2778,1552,2472,2854,1630
"942",1,2,3,4,5,6,7,8,9,10
"943",1,2,3,4,5,6,7,8,9,10
"944",2778,2703,2855,2474,2928,3004,2550,1549,1626,2475
"945",2928,3004,2778,2773,2552,2541,2475,2474,3006,2698
"946",1,2,3,4,5,6,7,8,9,10
"947",1,2,3,4,5,6,7,8,9,10
"948",1,2,3,4,5,6,7,8,9,10
"949",2928,3004,2773,2778,1934,2552,2702,2851,2541,2854
"950",2778,2703,2474,2475,2928,3004,2550,2552,3006,2551
"951",1310,1311,1312,1387,1388,1389,1393,1394,1465,1466
"952",2703,2778,2855,111,2474,2550,2931,3007,3008,2928
"953",1,2,3,4,5,6,7,8,9,10
"954",2778,2703,2474,2475,186,2550,32,3006,2928,3004
"955",1555,1934,1170,1171,532,728,75,76,148,149
"956",2778,2703,111,32,2928,3004,2929,341,2854,3005
"957",2778,2703,2928,3004,2474,2475,2552,2550,3006,2551
"958",1,2,3,4,5,6,7,8,9,10
"959",1471,1482,1549,1550,1551,1552,1626,1629,1630,1703
"960",1179,1253,1307,1308,1309,1310,1311,1312,1313,1330
"961",1,2,3,4,5,6,7,8,9,10
"962",2778,2703,32,2929,2928,3004,111,3005,341,2854
"963",2778,2703,2928,3004,2855,2474,2475,1549,1626,2550
"964",2778,2703,111,2923,2854,2928,3004,2998,2929,32
"965",1,2,3,4,5,6,7,8,9,10
"966",1402,1170,1171,1323,1244,1321,1322,1399,1169,1168
"967",1934,2928,3004,2702,2701,2476,2552,2854,2699,2851
"968",1934,2928,3004,2552,2476,2702,2475,2551,1634,2474
"969",1307,1308,1309,1310,1311,1312,1313,1332,1385,1386
"970",1549,1552,1626,1629,1703,2547,2778,2854,2472,2928
"971",1,2,3,4,5,6,7,8,9,10
"972",1,2,3,4,5,6,7,8,9,10
"973",1,2,3,4,5,6,7,8,9,10
"974",2703,2778,2474,32,2928,3004,111,2475,3006,2550
"975",1,2,3,4,5,6,7,8,9,10
"976",1,2,3,4,5,6,7,8,9,10
"977",1,2,3,4,5,6,7,8,9,10
"978",1,2,3,4,5,6,7,8,9,10
"979",1,2,3,4,5,6,7,8,9,10
"980",2778,2703,111,2928,3004,2929,2474,2854,3005,3006
"981",1549,1626,1703,2778,2547,2773,2928,3004,2854,2855
"982",1,2,3,4,5,6,7,8,9,10
"983",2928,3004,2778,2773,2552,1934,2475,2541,2551,3006
"984",2778,2773,2928,3004,2855,1549,1626,2541,2552,3006
"985",2778,2703,2928,3004,111,2929,3005,2854,3006,2474
"986",1,2,3,4,5,6,7,8,9,10
"987",1549,1550,1552,1626,1629,1703,2472,2547,2778,2854
"988",1549,1626,2778,1703,2928,3004,1629,2547,2472,2854
"989",2928,3004,2778,2773,1934,2702,2552,2320,2475,2851
"990",2928,3004,2778,2701,111,2923,2998,415,2776,2929
"991",1,2,3,4,5,6,7,8,9,10
"992",2778,2703,642,1549,1626,2928,3004,2474,340,111
"993",1549,1626,2928,3004,1703,2778,2552,2773,2851,2475
"994",1,2,3,4,5,6,7,8,9,10
"995",2778,2703,111,2854,2928,3004,2929,3005,3006,32
"996",1471,1482,1549,1550,1551,1552,1626,1629,1630,1703
"997",1253,1307,1308,1309,1310,1311,1312,1313,1330,1332
"998",1482,1549,1550,1552,1626,1629,1630,1703,1784,1865
"999",2778,2703,2474,2931,3007,3008,2855,32,3006,2550
"1000",1,2,3,4,5,6,7,8,9,10
"1001",1393,1394,1471,1482,1548,1549,1550,1551,1552,1556
"1002",1,2,3,4,5,6,7,8,9,10
"1003",1167,1168,1169,1170,1171,1179,1232,1253,1303,1304
"1004",1253,1307,1308,1309,1310,1311,1312,1313,1332,1385
"1005",1,2,3,4,5,6,7,8,9,10
"1006",1549,1626,1703,1629,2778,1552,2472,2547,1550,2928
"1007",864,1170,1171,1244,1321,1322,1399,1402,1476,1323
"1008",1549,1550,1626,1629,1703,2547,2778,2854,2928,3004
"1009",2778,2855,2703,2928,3004,2931,3007,3008,2474,2773
"1010",1307,1308,1309,1310,1311,1312,1313,1332,1385,1386
"1011",1,2,3,4,5,6,7,8,9,10
"1012",2778,2703,2474,2928,3004,2475,3006,2550,2552,32
"1013",2778,2928,3004,2703,2552,2474,2475,2773,3006,2550
"1014",2778,2928,3004,2703,2552,2474,2475,3006,2550,111
"1015",1,2,3,4,5,6,7,8,9,10
"1016",1549,1552,1626,1629,1703,2547,2778,2472,2854,1551
"1017",2703,2778,2855,111,2474,2928,3004,2550,3005,2929
"1018",1549,1626,1703,2547,2773,2778,2928,3004,2854,2855
"1019",1179,1253,1307,1308,1309,1310,1311,1312,1313,1330
"1020",1,2,3,4,5,6,7,8,9,10
"1021",1549,1550,1552,1626,1629,1703,2472,2547,2778,1551
"1022",1,2,3,4,5,6,7,8,9,10
"1023",2703,2778,2928,3004,111,2474,2929,3005,3006,2550
"1024",1549,1626,1629,1703,2547,2773,2778,2855,2928,3004
"1025",2703,2778,111,2855,2854,2928,3004,32,3005,2929
"1026",1,2,3,4,5,6,7,8,9,10
"1027",1,2,3,4,5,6,7,8,9,10
"1028",2703,2778,2854,2855,111,2931,3007,3008,2929,3005
"1029",2778,2703,111,2928,3004,2855,2854,2929,3005,2931
"1030",1,2,3,4,5,6,7,8,9,10
"1031",1549,1626,1629,1703,2547,1552,2778,2854,2472,2779
"1032",1,2,3,4,5,6,7,8,9,10
"1033",1,2,3,4,5,6,7,8,9,10
"1034",48,49,50,51,52,53,54,55,56,57
"1035",1,2,3,4,5,6,7,8,9,10
"1036",1,2,3,4,5,6,7,8,9,10
"1037",1549,1626,2928,3004,1703,2854,2851,2778,2547,2702
"1038",2778,2703,2474,2929,3006,3005,2928,3004,111,32
"1039",1,2,3,4,5,6,7,8,9,10
"1040",2778,2703,2931,3007,3008,2854,2929,532,3005,3006
"1041",2778,1402,1170,1171,864,2703,1028,1169,1168,1476
"1042",1,2,3,4,5,6,7,8,9,10
"1043",2778,2928,3004,2773,2703,2552,2475,2474,3006,2550
"1044",1,2,3,4,5,6,7,8,9,10
"1045",2778,2703,2928,3004,111,2854,3005,2929,3006,2474
"1046",2703,2778,2474,2928,3004,2475,32,3006,2550,340
"1047",1549,1626,1703,2778,2547,1631,864,1550,642,869
"1048",1,2,3,4,5,6,7,8,9,10
"1049",2778,1549,1626,2928,3004,1703,1706,1631,2776,2703
"1050",1549,1626,1402,728,1555,186,885,1324,2702,1476
"1051",1549,1626,2778,2472,1629,2928,3004,1703,2702,3003
"1052",1549,1552,1626,1629,1703,2241,2547,2778,2855,2931
"1053",1,2,3,4,5,6,7,8,9,10
"1054",1,2,3,4,5,6,7,8,9,10
"1055",2778,2703,2929,2780,2781,1402,2474,3005,3006,2854
"1056",1,2,3,4,5,6,7,8,9,10
"1057",1179,1232,1253,1307,1308,1309,1310,1311,1312,1313
"1058",2778,2703,2854,111,2931,3007,3008,2923,3005,2929
"1059",1,2,3,4,5,6,7,8,9,10
"1060",1,2,3,4,5,6,7,8,9,10
"1061",1402,1170,1171,2778,1323,1244,1321,1322,1399,1169
"1062",864,1549,1626,642,1703,869,870,1402,791,792
"1063",2778,2703,111,2928,3004,3005,2929,2854,2474,35
"1064",1549,1552,1626,1629,1703,2547,2778,2472,2855,2241
"1065",2778,2703,2928,3004,111,32,2474,2929,3006,3005
"1066",1,2,3,4,5,6,7,8,9,10
"1067",1167,1168,1179,1253,1307,1308,1309,1310,1311,1312
"1068",2703,2778,2931,3007,3008,2855,32,111,2929,2854
"1069",2778,2703,2928,3004,2474,3006,2475,32,111,2550
"1070",1,2,3,4,5,6,7,8,9,10
"1071",1549,1626,1703,2547,2778,2928,3004,2773,2854,2851
"1072",2703,2778,2855,2931,3007,3008,111,2854,32,2474
"1073",1,2,3,4,5,6,7,8,9,10
"1074",2703,2778,2855,2931,3007,3008,2474,111,3006,2550
"1075",2778,2928,3004,1549,1626,2773,1703,1706,1631,2703
"1076",864,1167,1168,1169,1170,1171,1244,1321,1322,1323
"1077",1,2,3,4,5,6,7,8,9,10
"1078",1,2,3,4,5,6,7,8,9,10
"1079",1,2,3,4,5,6,7,8,9,10
"1080",1934,2928,3004,2702,1555,2552,2851,1782,2476,2551
"1081",1,2,3,4,5,6,7,8,9,10
"1082",2778,2703,111,2854,2931,3007,2474,3008,2929,3005
"1083",2778,2773,2928,3004,2855,1549,1626,1703,2703,3006
"1084",2778,2703,111,642,2854,2928,3004,2929,3005,2931
"1085",1549,1552,1626,1629,1703,2472,2547,2778,2854,2241
"1086",1,2,3,4,5,6,7,8,9,10
"1087",2703,2778,2931,3007,3008,2474,2855,3006,2550,2627
"1088",2778,2703,2474,111,32,3006,2928,3004,2929,2550
"1089",1179,1232,1253,1307,1308,1309,1310,1311,1312,1313
"1090",1,2,3,4,5,6,7,8,9,10
"1091",2778,2703,2854,111,2929,3005,2780,2781,2928,3004
"1092",2928,3004,1934,2773,2702,2552,2778,2320,2698,1555
"1093",1482,1549,1550,1552,1626,1629,1703,2241,2472,2547
"1094",49,50,51,52,53,54,55,56,57,58
"1095",1,2,3,4,5,6,7,8,9,10
"1096",1,2,3,4,5,6,7,8,9,10
"1097",2778,2703,2474,2928,3004,2475,2855,2550,2552,3006
"1098",1,2,3,4,5,6,7,8,9,10
"1099",1,2,3,4,5,6,7,8,9,10
"1100",2703,2778,2855,111,2474,2928,3004,32,2550,2929
"1101",1310,1311,1312,1313,1387,1388,1389,1390,1391,1392
"1102",1549,1626,1629,1703,2547,2773,2778,2854,2855,2928
"1103",1,2,3,4,5,6,7,8,9,10
"1104",2778,2855,1549,1626,1703,2703,2928,3004,3008,2931
"1105",2703,2778,2854,111,2929,2928,3004,3005,2855,2474
"1106",2778,2703,2855,2928,3004,2474,2931,3007,3008,2550
"1107",2547,2928,3004,1934,2320,2778,2083,2702,2998,1630
"1108",568,642,791,792,863,864,869,870,1028,1402
"1109",2928,3004,2778,2773,2702,2552,1934,3006,2851,2475
"1110",1,2,3,4,5,6,7,8,9,10
"1111",2778,2703,111,2474,2929,2550,3006,3005,2928,3004
"1112",2928,3004,2552,2475,2778,2773,2541,2474,2551,2550
"1113",1310,1311,1312,1313,1332,1387,1388,1389,1390,1391
"1114",1393,1394,1471,1482,1549,1550,1551,1552,1556,1557
"1115",2928,3004,2773,2778,2552,2541,2475,2551,2474,2550
"1116",2778,2703,2474,32,186,3006,2475,2550,2929,340
"1117",1549,1626,2778,1703,2928,3004,2703,111,32,2776
"1118",1,2,3,4,5,6,7,8,9,10
"1119",1,2,3,4,5,6,7,8,9,10
"1120",1,2,3,4,5,6,7,8,9,10
"1121",2778,2703,111,2854,2474,2855,2550,2931,3007,2928
"1122",1179,1232,1253,1307,1308,1309,1310,1311,1312,1313
"1123",1,2,3,4,5,6,7,8,9,10
"1124",1402,642,2778,1028,864,2703,1170,1171,869,870
"1125",1,2,3,4,5,6,7,8,9,10
"1126",1,2,3,4,5,6,7,8,9,10
"1127",2778,2703,2474,2475,2550,2928,3004,3006,32,2552
"1128",1,2,3,4,5,6,7,8,9,10
"1129",2928,3004,2773,2778,2552,2541,1934,2475,2474,2702
"1130",2778,2703,2928,3004,2474,3006,2475,2929,2550,186
"1131",1549,1626,2928,3004,2778,1703,2547,2854,2851,1630
"1132",1549,1626,2928,3004,1703,2778,2773,2854,2851,2547
"1133",2778,2928,3004,2474,2475,2703,2552,2550,3006,2773
"1134",1549,1626,1703,2928,3004,2547,2854,2778,2851,2320
"1135",1549,1626,1703,2928,3004,1550,2854,2778,2851,2547
"1136",2778,2703,2474,2928,3004,3006,186,2475,32,2628
"1137",1,2,3,4,5,6,7,8,9,10
"1138",2778,1402,2703,1549,1626,642,2474,1028,1170,1171
"1139",2778,2703,111,2928,3004,2929,2474,3005,3006,2854
"1140",49,50,124,125,199,200,274,275,349,350
"1141",1,2,3,4,5,6,7,8,9,10
"1142",2778,2928,3004,1549,1626,2703,2776,3006,2474,32
"1143",2703,2778,111,2928,3004,2474,2854,3005,2929,2550
"1144",2928,3004,2778,1934,2552,2475,2702,2474,2551,2773
"1145",2703,2778,111,2474,2854,2928,3004,2929,3005,32
"1146",1,2,3,4,5,6,7,8,9,10
"1147",1,2,3,4,5,6,7,8,9,10
"1148",1549,1626,2928,3004,2854,2547,1703,2773,2778,2851
"1149",1,2,3,4,5,6,7,8,9,10
"1150",2778,2703,2474,111,32,2550,3006,2928,3004,2929
"1151",1,2,3,4,5,6,7,8,9,10
"1152",1,2,3,4,5,6,7,8,9,10
"1153",1,2,3,4,5,6,7,8,9,10
"1154",1,2,3,4,5,6,7,8,9,10
"1155",1,2,3,4,5,6,7,8,9,10
"1156",1482,1549,1550,1551,1552,1626,1629,1630,1703,1784
"1157",2703,2778,111,2474,2855,32,2854,2550,2929,3005
"1158",1,2,3,4,5,6,7,8,9,10
"1159",1,2,3,4,5,6,7,8,9,10
"1160",2778,2855,2928,3004,3008,2931,3007,2547,1549,1626
"1161",1307,1308,1309,1310,1311,1312,1313,1332,1385,1386
"1162",1,2,3,4,5,6,7,8,9,10
"1163",1,2,3,4,5,6,7,8,9,10
"1164",2778,1402,1476,2931,3007,3008,1170,1171,1028,2703
"1165",1,2,3,4,5,6,7,8,9,10
"1166",1,2,3,4,5,6,7,8,9,10
"1167",2778,2703,2474,111,2928,3004,3006,2550,32,2855
"1168",1549,1626,1703,2928,3004,2778,2702,186,2772,2851
"1169",1,2,3,4,5,6,7,8,9,10
"1170",2778,2703,2928,3004,2474,3006,2475,1549,1626,111
"1171",1549,1626,1703,2928,3004,2778,1706,1550,2699,2475
"1172",2778,2703,2474,2928,3004,3006,2475,2550,2627,2931
"1173",1482,1549,1550,1551,1552,1626,1629,1630,1703,1784
"1174",1549,1550,1626,1629,1703,2547,2773,2778,2854,2928
"1175",1,2,3,4,5,6,7,8,9,10
"1176",1,2,3,4,5,6,7,8,9,10
"1177",1,2,3,4,5,6,7,8,9,10
"1178",1,2,3,4,5,6,7,8,9,10
"1179",1,2,3,4,5,6,7,8,9,10
"1180",2778,2928,3004,1549,1626,2773,1703,2855,2547,1631
"1181",1,2,3,4,5,6,7,8,9,10
"1182",1170,1171,1402,1555,1244,1321,1322,1399,1168,1169
"1183",2776,2701,1789,59,60,61,62,63,64,65
"1184",1,2,3,4,5,6,7,8,9,10
"1185",2928,3004,2552,1549,1626,2778,2702,2475,2851,2474
"1186",2778,2928,3004,111,2855,2703,2931,3007,3008,2998
"1187",1,2,3,4,5,6,7,8,9,10
"1188",497,533,534,535,568,609,610,611,612,613
"1189",1,2,3,4,5,6,7,8,9,10
"1190",1,2,3,4,5,6,7,8,9,10
"1191",1,2,3,4,5,6,7,8,9,10
"1192",1168,1179,1232,1253,1303,1304,1305,1306,1307,1308
"1193",2773,2928,3004,2778,1934,2552,2855,2475,2551,2541
"1194",1,2,3,4,5,6,7,8,9,10
"1195",2703,2778,2854,111,2928,3004,2929,3005,263,32
"1196",1,2,3,4,5,6,7,8,9,10
"1197",1179,1253,1307,1308,1309,1310,1311,1312,1313,1330
"1198",2703,2778,111,2854,2929,3005,2928,3004,2474,32
"1199",1,2,3,4,5,6,7,8,9,10
"1200",2928,3004,1934,2702,2851,2320,2854,2780,2781,2711
"1201",1482,1549,1550,1551,1552,1556,1626,1629,1630,1631
"1202",1393,1394,1471,1482,1549,1550,1551,1552,1556,1626
"1203",2703,2778,2474,111,32,2550,3006,2929,3005,2855
"1204",2778,2703,111,2474,32,3006,2929,2928,3004,2855
"1205",2778,2703,2474,2928,3004,3006,2475,2550,32,2929
"1206",568,642,791,792,863,864,1028,1402,1549,1555
"1207",2778,2703,2928,3004,111,2474,2550,2475,1549,1626
"1208",2778,2703,2855,111,2474,2931,3007,3008,2550,2854
"1209",2778,2703,2780,2781,2474,32,2931,3007,3008,2782
"1210",1393,1394,1471,1482,1549,1550,1551,1552,1626,1629
"1211",2778,2703,2474,2928,3004,2475,3006,2550,32,2552
"1212",1,2,3,4,5,6,7,8,9,10
"1213",1,2,3,4,5,6,7,8,9,10
"1214",1,2,3,4,5,6,7,8,9,10
"1215",1,2,3,4,5,6,7,8,9,10
"1216",2778,2703,2854,111,2929,2928,3004,3005,2780,2781
"1217",1549,1626,2778,1703,2928,3004,2702,2701,2472,1629
"1218",1,2,3,4,5,6,7,8,9,10
"1219",1,2,3,4,5,6,7,8,9,10
"1220",2778,2703,32,2474,111,2780,2781,2929,3006,2550
"1221",1,2,3,4,5,6,7,8,9,10
"1222",2778,2703,2474,32,3006,2550,2475,111,341,186
"1223",2778,2547,2855,2928,3004,3008,2931,3007,1549,1626
"1224",2928,3004,2702,2475,2552,2474,2778,2699,1934,2701
"1225",2703,2778,2854,111,2931,3007,3008,2929,2923,2855
"1226",1310,1311,1312,1313,1332,1387,1388,1389,1390,1391
"1227",2778,2703,2854,111,2928,3004,2929,2474,3005,3006
"1228",1,2,3,4,5,6,7,8,9,10
"1229",2928,3004,1549,1626,2854,2851,2702,1703,2772,2547
"1230",1253,1307,1308,1309,1310,1311,1312,1313,1332,1385
"1231",1,2,3,4,5,6,7,8,9,10
"1232",1,2,3,4,5,6,7,8,9,10
"1233",2778,2703,2854,111,2929,2931,3007,3008,2855,3005
"1234",1393,1394,1471,1482,1549,1550,1551,1552,1556,1557
"1235",2778,2703,2474,2475,2550,186,32,3006,2928,3004
"1236",2778,2703,2928,3004,32,111,2474,3006,2475,2929
"1237",1,2,3,4,5,6,7,8,9,10
"1238",1,2,3,4,5,6,7,8,9,10
"1239",1,2,3,4,5,6,7,8,9,10
"1240",1,2,3,4,5,6,7,8,9,10
"1241",2778,2703,2928,3004,2474,3006,2627,2628,2475,2550
"1242",2778,2776,2703,2928,3004,59,60,61,62,63
"1243",1168,1179,1232,1253,1307,1308,1309,1310,1311,1312
"1244",2778,1549,1626,2855,1703,2928,3004,2703,2474,3008
"1245",2778,1549,1626,1629,2701,2472,2776,2998,2547,1703
"1246",1,2,3,4,5,6,7,8,9,10
"1247",1,2,3,4,5,6,7,8,9,10
"1248",1310,1311,1312,1313,1387,1388,1389,1390,1391,1392
"1249",2475,2474,2928,3004,186,2552,2550,2538,2703,2778
"1250",1,2,3,4,5,6,7,8,9,10
"1251",1,2,3,4,5,6,7,8,9,10
"1252",2778,2703,2474,2928,3004,2475,2550,3006,2552,2551
"1253",1549,1626,2928,3004,1703,2773,2778,1706,1550,2702
"1254",1549,1626,2928,3004,2778,1703,2851,2702,2854,2772
"1255",2778,2703,111,2928,3004,2474,2475,2550,3006,2552
"1256",1549,1552,1626,1629,1703,2472,2547,2778,1551,1550
"1257",1,2,3,4,5,6,7,8,9,10
"1258",1482,1549,1550,1552,1626,1629,1703,2241,2472,2547
"1259",1307,1308,1309,1310,1311,1312,1313,1332,1385,1386
"1260",2703,2778,111,2854,32,2929,3005,2928,3004,2474
"1261",2778,2928,3004,2773,2547,1549,1626,1934,1631,2702
"1262",1402,1170,1171,2778,1244,1321,1322,1399,1476,1323
"1263",1,2,3,4,5,6,7,8,9,10
"1264",1,2,3,4,5,6,7,8,9,10
"1265",1,2,3,4,5,6,7,8,9,10
"1266",2778,2703,111,2928,3004,2474,32,3006,2929,3005
"1267",1549,1626,1629,1703,2547,2778,2928,3004,1550,2854
"1268",1,2,3,4,5,6,7,8,9,10
"1269",2778,2703,111,2928,3004,2854,32,2929,3005,2855
"1270",2778,2703,2928,3004,111,3006,2628,2627,2474,32
"1271",1,2,3,4,5,6,7,8,9,10
"1272",2778,2703,111,2928,3004,3005,2929,3006,2474,2854
"1273",1,2,3,4,5,6,7,8,9,10
"1274",2778,2928,3004,2703,111,2776,3006,2475,2552,2474
"1275",2703,2778,2474,2550,2475,32,111,3006,340,186
"1276",2703,2778,2474,2931,3007,2855,2550,3008,2928,3004
"1277",1,2,3,4,5,6,7,8,9,10
"1278",2703,2778,2474,2475,2928,3004,2550,111,32,3006
"1279",1549,1626,1703,2547,2778,2854,2773,2928,3004,1629
"1280",2928,3004,2773,1934,2702,2778,2698,2851,2320,1634
"1281",2703,2778,2474,2855,2475,2550,3006,2928,3004,2552
"1282",2928,3004,2778,2552,2475,2474,3006,2703,2550,2702
"1283",1,2,3,4,5,6,7,8,9,10
"1284",2703,2778,2474,2855,2550,2475,3006,111,2928,3004
"1285",2928,3004,2474,2475,2773,2778,2552,2550,2703,2541
"1286",1,2,3,4,5,6,7,8,9,10
"1287",1549,1626,2778,1703,642,1550,864,1028,869,870
"1288",2778,2703,111,2474,2550,2928,3004,3006,2475,2929
"1289",2778,2703,2474,111,32,2550,2475,3006,642,2928
"1290",2928,3004,1549,1626,2778,2773,2851,1703,2320,2702
"1291",2778,2703,2855,2474,111,2931,3007,32,3008,2550
"1292",1934,2928,3004,2773,2702,1555,2320,1631,1634,2163
"1293",2778,2703,111,2855,2931,3007,3008,32,2474,2854
"1294",1,2,3,4,5,6,7,8,9,10
"1295",1,2,3,4,5,6,7,8,9,10
"1296",2778,2928,3004,2703,2552,2474,3006,2475,2550,2628
"1297",1,2,3,4,5,6,7,8,9,10
