"","V1","V2","V3","V4","V5","V6","V7","V8","V9","V10"
"1",480,290,300,395,332,459,46,55,278,359
"2",2148,2397,2365,2202,2298,2360,2229,2269,2182,2162
"3",913,1063,574,625,544,586,617,647,830,970
"4",2672,2682,2686,2724,2684,2702,2784,2763,2829,2661
"5",459,913,1063,332,1447,689,574,625,544,1546
"6",1447,1501,1546,1377,406,1570,784,1392,478,1225
"7",140,119,114,42,50,157,30,85,38,118
"8",140,42,50,119,89,6,27,104,11,56
"9",1699,2214,2303,2365,1738,1767,2802,1833,1763,2260
"10",404,1101,140,79,489,566,1113,763,82,1
"11",913,1063,830,586,617,647,544,148,794,34
"12",2397,2365,2148,2343,2260,2268,2309,2312,2400,2349
"13",2365,2397,2260,2268,2309,2312,2400,2349,2380,2441
"14",2439,2446,2472,2481,2477,2260,2268,2309,2312,2400
"15",140,46,55,19,67,40,203,689,157,148
"16",2485,2713,2776,2619,2498,2532,1770,1979,2354,2668
"17",119,140,114,332,1447,853,30,157,1392,38
"18",2214,2303,2365,2162,2260,2268,2309,2312,2400,2077
"19",1831,1904,1911,1953,2036,1416,1457,1576,1757,1443
"20",2189,2232,1904,1911,1953,2036,1980,2016,2050,2062
"21",2365,2397,2281,2260,2268,2309,2312,2400,2349,2380
"22",1447,913,1063,140,586,617,647,830,970,988
"23",1447,140,913,1063,1546,114,1455,1683,1392,853
"24",459,913,1063,332,1443,806,1392,574,625,544
"25",140,40,46,55,42,50,53,119,157,85
"26",46,55,140,203,2661,2651,2684,40,19,2742
"27",914,1002,1230,1684,888,962,977,2003,2219,2262
"28",332,119,189,853,203,959,1447,875,140,1546
"29",2182,2202,2298,2360,2148,2122,2250,2343,2260,2268
"30",2365,2077,2260,2268,2309,2312,2400,2397,2281,2162
"31",2052,2077,1831,2122,2222,1975,2281,2148,2026,2070
"32",2713,2776,2668,2655,2641,2781,2413,2802,140,2504
"33",2189,2232,2477,2072,2301,2083,2250,1980,2016,2050
"34",2077,2229,2269,2052,2122,2365,2202,2298,2360,2162
"35",46,55,140,40,19,67,53,42,50,1397
"36",1904,1911,1953,2036,1842,1852,2189,2232,1796,2749
"37",46,55,67,19,96,18,80,203,148,59
"38",332,119,1541,66,959,8,2383,101,189,1771
"39",140,1447,119,853,114,157,913,1063,118,1546
"40",2260,2268,2309,2312,2400,2349,2380,2441,2202,2298
"41",1447,1546,853,830,1392,1171,1501,681,747,837
"42",1416,1457,1548,1593,1691,923,1028,1258,1342,1370
"43",119,140,1447,30,332,38,42,50,853,1392
"44",1763,1876,2189,2232,1878,1959,1980,2016,2050,2062
"45",2365,2260,2268,2309,2312,2400,2358,2393,2214,2303
"46",119,332,30,140,66,38,31,41,42,50
"47",914,1002,962,977,888,1118,1039,1092,948,1019
"48",2148,2026,2070,2086,2134,2174,2189,2232,2182,2202
"49",2148,2397,2365,2477,2182,2162,2343,2202,2298,2360
"50",2365,2052,2397,2260,2268,2309,2312,2400,2077,2162
"51",1447,465,513,1397,140,1332,1043,1264,1344,1392
"52",140,40,46,55,42,50,53,157,85,19
"53",2077,2052,2122,2148,2281,2236,2095,2182,2046,2162
"54",2077,140,2122,2661,2148,2281,119,2672,2052,1904
"55",1455,1392,1447,1541,119,140,1608,1382,1189,1332
"56",140,203,119,189,281,1113,728,943,1032,1033
"57",2281,2077,2397,2122,2365,2052,2343,2260,2268,2309
"58",1447,140,1455,119,1392,913,1063,1541,114,1546
"59",2052,2077,2222,2122,2026,2070,2086,2134,2174,2189
"60",2661,2651,119,2742,2751,332,2695,2983,3002,2413
"61",1447,140,913,1063,1546,1455,114,1392,1683,830
"62",1904,1911,1953,2036,2189,2232,1842,1852,1980,2016
"63",2742,2751,2983,3002,2661,2778,2804,2819,2808,2820
"64",2077,2222,2052,2026,2070,2086,2134,2174,2122,2189
"65",1904,1911,1953,2036,2077,2802,2413,2661,1842,1852
"66",140,119,406,674,465,513,1043,1264,1344,157
"67",2052,2077,2122,1975,2148,1876,1878,1959,2236,2095
"68",2122,2222,2236,2095,2182,1878,1959,2202,2298,2360
"69",140,114,1447,853,38,157,119,118,85,913
"70",1570,1447,1377,1053,1546,1171,830,586,617,647
"71",46,55,40,19,21,67,42,50,53,44
"72",913,1063,1546,459,574,625,544,586,617,647
"73",2661,1904,1911,1953,2036,2651,2742,2751,1842,1852
"74",914,1002,2365,2477,962,977,2083,888,1190,1284
"75",1455,1392,1447,140,119,1541,1382,1332,913,1063
"76",2182,2202,2298,2360,2148,1685,2122,2162,2229,2269
"77",1447,1546,853,1392,1501,1450,1539,1570,1304,830
"78",2365,2802,2439,2446,2472,2481,2156,2026,2070,2086
"79",459,913,1063,875,574,625,544,853,586,617
"80",2504,119,2655,2713,2776,2413,2802,2735,2668,2623
"81",2077,2052,2148,2122,2281,2182,2162,2236,2202,2298
"82",2077,2122,2281,2148,2052,2236,2095,2182,2046,2162
"83",2122,2236,2148,2095,2182,2281,2202,2298,2360,2164
"84",2077,1904,1911,1953,2036,2052,1796,2122,1842,1852
"85",140,114,1447,853,38,157,119,118,148,1450
"86",2281,2052,2397,2365,2629,2691,2077,2343,2260,2268
"87",281,203,140,148,258,218,2684,2672,46,55
"88",2214,2303,2365,2229,2269,1904,1911,1953,2036,2260
"89",332,2003,2219,2262,119,1904,1911,1953,2036,1796
"90",119,332,30,140,66,38,138,192,199,42
"91",46,55,2672,19,140,67,2686,2724,2684,2784
"92",140,913,1063,114,40,46,55,119,30,157
"93",2214,2303,2365,2260,2268,2309,2312,2400,1699,2162
"94",1541,1455,1392,1447,119,1608,8,1546,913,1063
"95",1447,1546,913,1063,1683,1397,465,513,140,1541
"96",140,38,119,86,21,145,2674,406,114,465
"97",140,913,1063,1397,465,513,853,1455,1043,1264
"98",2182,2202,2298,2360,2148,1685,2122,2250,2343,2260
"99",2077,2052,2222,2122,2026,2070,2086,2134,2174,2189
"100",140,114,853,157,913,1063,118,38,1455,119
"101",1416,1457,914,1002,1864,1548,1593,923,1028,1258
"102",119,140,332,30,1455,38,1392,114,1447,138
"103",140,114,853,38,157,119,1447,118,85,1450
"104",913,1063,586,617,647,830,970,988,503,553
"105",140,119,42,50,104,11,56,89,6,27
"106",2365,2260,2268,2309,2312,2400,2358,2393,2162,2397
"107",2686,2724,2661,2684,2784,2682,2675,2665,203,2749
"108",1455,140,119,913,1063,1382,1332,114,40,90
"109",2802,1796,1904,1911,1953,2036,2845,1842,1852,1634
"110",1447,140,114,913,1063,1546,1455,1392,853,1683
"111",2281,2077,2052,2397,2365,2122,2343,1876,1878,1959
"112",2214,2303,2365,2260,2268,2309,2312,2400,2162,2202
"113",119,140,1455,1392,114,1447,332,30,853,38
"114",2661,119,2651,140,2742,2751,2680,2728,2695,2983
"115",2229,2269,1416,1457,2365,2214,2303,914,1002,1864
"116",1238,875,1377,853,1447,2052,1450,1539,1570,406
"117",2281,2077,2397,2365,2629,2691,2122,2148,2052,140
"118",2202,2298,2360,2182,2148,1685,2343,2122,2250,2260
"119",2281,2052,2077,2397,2365,2122,2148,2343,2260,2268
"120",1699,2214,2303,2365,2802,1738,1767,1833,1763,2862
"121",2397,2365,2148,2281,2343,2260,2268,2309,2312,2400
"122",1541,1546,913,1063,1447,1683,1397,465,513,586
"123",2229,2269,2214,2303,2365,2189,2232,2260,2268,2309
"124",2365,2260,2268,2309,2312,2400,2358,2393,2214,2303
"125",2281,2339,2439,2446,2472,2481,2222,2122,119,2504
"126",2784,2686,2724,2763,2829,2684,3003,2675,2702,2682
"127",1455,119,140,114,913,1063,1382,1189,8,30
"128",1447,913,1063,1546,140,586,617,647,830,970
"129",2365,2229,2269,2260,2268,2309,2312,2400,2349,2380
"130",2052,2281,2077,2397,2365,2122,1975,2148,2629,2691
"131",2052,2077,2222,2189,2232,2122,2026,2070,2086,2134
"132",140,21,602,119,1043,1264,1344,40,674,569
"133",2397,2365,2148,2477,2343,2260,2268,2309,2312,2400
"134",1455,1392,1447,1541,119,8,90,140,1608,1189
"135",140,569,602,1043,1264,1344,465,513,399,674
"136",119,140,853,1392,1455,1447,114,332,1119,1155
"137",1541,1546,913,1063,1608,1447,1683,1455,1397,465
"138",2260,2268,2309,2312,2400,2214,2303,2365,2202,2298
"139",1455,1392,1447,1541,119,140,8,913,1063,46
"140",2162,2182,2229,2269,2202,2298,2360,2148,1941,2077
"141",1447,140,913,1063,853,114,586,617,647,830
"142",2281,2397,2077,2477,2365,332,2148,2413,2160,2205
"143",2046,1975,1876,2077,2052,2000,1878,1959,140,2026
"144",2504,119,2413,2252,2623,2878,2880,2894,2641,332
"145",1541,1455,1608,1392,1546,1447,8,913,1063,46
"146",140,119,913,1063,46,55,8,114,40,1447
"147",2077,2052,2281,2122,2148,2365,2229,2269,2162,2397
"148",2260,2268,2309,2312,2400,2349,2380,2441,2202,2298
"149",2229,2269,2214,2303,2365,2189,2232,1416,1457,2072
"150",140,114,853,157,38,1447,118,119,85,1450
"151",140,40,46,55,53,42,50,21,19,157
"152",1546,913,1063,1447,1683,1397,465,513,586,617
"153",1546,1683,1397,853,830,1447,1541,1899,1191,1501
"154",1876,1975,2052,1941,1878,1959,2046,2077,1416,1457
"155",2301,2083,2477,2351,2439,2446,2472,2481,2266,2156
"156",1447,140,913,1063,1546,114,586,617,647,830
"157",140,853,1447,114,1450,1539,1570,1304,38,888
"158",1455,1392,1447,119,1541,140,90,1382,1189,8
"159",119,140,1455,1447,1392,114,853,30,332,1541
"160",914,1002,1416,1457,962,977,888,1039,1864,1548
"161",1455,119,140,1392,1447,1541,913,1063,8,114
"162",914,1002,962,977,888,1039,948,1019,384,460
"163",1447,913,1063,140,1546,586,617,647,830,970
"164",119,140,332,1455,114,1392,66,30,1541,853
"165",140,114,853,1455,913,1063,1043,1264,1344,1122
"166",2661,140,1796,1904,1911,1953,2036,2686,2724,119
"167",1455,119,46,55,8,140,913,1063,332,40
"168",2214,2303,2365,2260,2268,2309,2312,2400,2162,2229
"169",1904,1911,1953,2036,1842,1852,2189,2232,1796,1980
"170",1455,1392,1447,119,140,1541,90,114,1189,1382
"171",2122,2222,2236,2095,2182,2202,2298,2360,2281,2713
"172",46,55,67,140,203,19,31,41,148,96
"173",2477,332,2413,2281,2351,2252,2439,2446,2472,2481
"174",1546,1447,465,513,399,1501,1392,581,956,1628
"175",2661,2651,2742,2751,2695,2983,3002,332,2680,2728
"176",2077,2162,2229,2269,2182,2202,2298,2360,2052,2122
"177",875,1377,853,830,970,988,1443,459,501,913
"178",1238,830,853,1171,681,747,837,926,1450,1539
"179",1455,1541,1392,1447,119,8,1608,1546,46,55
"180",140,40,46,55,53,119,42,50,157,21
"181",140,40,46,55,53,42,50,19,119,21
"182",2214,2303,2365,2260,2268,2309,2312,2400,2162,2202
"183",2148,2202,2298,2360,2229,2269,2182,2162,2397,2365
"184",1392,1455,1447,1541,119,140,913,1063,1546,1382
"185",140,119,1447,1392,853,1455,1541,114,332,157
"186",2281,2077,2397,2365,2122,2148,2052,2629,2691,2343
"187",2077,2122,2148,2052,2281,2236,2095,2182,2162,2046
"188",2504,2077,2281,2623,2878,2880,2894,2413,2641,2222
"189",1699,2214,2303,2802,2365,1738,1767,1833,2862,1763
"190",2365,2260,2268,2309,2312,2400,2349,2380,2441,2397
"191",140,1447,114,913,1063,853,38,157,1455,1546
"192",46,55,67,465,513,1397,399,1455,8,19
"193",140,114,853,157,38,1447,118,119,85,1450
"194",2083,2266,2137,1972,914,1002,2072,2347,1416,1457
"195",2365,2802,2260,2268,2309,2312,2400,2664,2306,2827
"196",2281,2077,2397,2365,2052,2122,2343,1876,1878,1959
"197",2397,2365,2148,86,2343,2260,2268,2309,2312,2400
"198",1127,1146,1219,1343,1416,1457,1057,2702,2763,2829
"199",2122,2222,2236,2095,2182,2281,2202,2298,2360,1878
"200",2202,2298,2360,2229,2269,2182,2162,2214,2303,2397
"201",1416,1457,914,1002,1548,1593,1691,923,1028,1258
"202",2189,2232,1980,2016,2050,2062,2111,2150,2229,2269
"203",140,119,2485,1043,1264,1344,157,674,465,513
"204",140,114,853,157,38,118,1447,119,85,145
"205",2477,2397,2365,2281,2504,119,2148,2077,332,2339
"206",1671,3009,1960,1904,1911,1953,2036,1375,1423,1746
"207",2122,2202,2298,2360,2182,2148,2281,2236,2095,2157
"208",46,55,40,19,67,399,53,140,21,42
"209",2052,2077,2281,1975,2122,2148,2477,2222,2397,2090
"210",2735,2713,2776,2668,2655,2641,2781,2802,2413,2670
"211",2122,2222,2236,2281,2095,2182,2202,2298,2360,1878
"212",140,40,46,55,853,399,1397,569,602,1043
"213",2661,2672,1904,1911,1953,2036,140,2651,2686,2724
"214",40,46,55,140,399,853,1455,53,602,1043
"215",2477,2439,2446,2472,2481,2156,2365,2916,2339,2351
"216",2229,2269,2214,2303,2202,2298,2360,2365,2189,2232
"217",1127,1146,1219,1343,1975,1416,1457,972,1317,1337
"218",119,332,1455,30,1392,38,8,1447,140,66
"219",2083,2477,2301,2916,2365,2351,2003,2219,2262,2439
"220",140,2077,30,114,2661,2148,40,914,1002,46
"221",140,148,34,913,1063,1546,880,158,183,119
"222",332,119,459,1392,1447,913,1063,529,806,1443
"223",2077,2148,2122,2052,2182,2162,2026,2070,2086,2134
"224",1541,1392,1455,1447,1546,8,1608,1749,1784,1132
"225",2052,2077,2222,2122,2026,2070,2086,2134,2174,2189
"226",2182,2202,2298,2360,2148,2250,2339,2122,1685,2343
"227",2477,2439,2446,2472,2481,332,2156,2397,2365,2351
"228",1455,1392,1447,1541,1189,1382,1608,1332,1236,1546
"229",1129,1416,1457,1941,2052,1685,1548,1593,2397,1074
"230",853,1447,1171,1546,926,399,140,1450,1539,1570
"231",2281,2413,2477,2252,2052,2077,2504,2160,2205,2355
"232",46,55,140,40,19,67,53,42,50,21
"233",2672,2686,2724,2784,2749,2684,2665,2682,2705,2741
"234",2052,2077,2122,1876,1878,1959,2236,2095,2182,1975
"235",2052,2077,2222,2122,2026,2070,2086,2134,2174,2189
"236",2189,2232,1956,1986,1980,2016,2050,2062,2111,2150
"237",2214,2303,2365,2260,2268,2309,2312,2400,2162,1699
"238",1699,2214,2303,2365,1738,1767,1833,1763,2862,2802
"239",1397,465,513,913,1063,399,1191,586,617,647
"240",40,46,55,53,90,140,19,8,42,50
"241",2229,2269,2214,2303,2365,2260,2268,2309,2312,2400
"242",2077,140,2122,2661,2148,1904,1911,1953,2036,2672
"243",46,55,140,19,67,2672,40,1127,1146,1219
"244",140,114,853,1447,157,38,118,119,1450,1539
"245",1416,1457,1576,1548,1593,1443,1691,923,1028,1258
"246",2222,2122,2250,2202,2298,2360,2439,2446,2472,2481
"247",1447,140,114,913,1063,1546,1455,853,1392,157
"248",119,140,332,114,853,30,31,41,1447,66
"249",1301,1526,1569,1639,1699,1244,1746,1449,898,1657
"250",2365,2802,2664,2260,2268,2309,2312,2400,2306,2252
"251",1416,1457,1864,1548,1593,1691,923,1028,1258,1342
"252",1455,119,1392,1447,140,1541,90,114,30,332
"253",140,114,853,157,1447,38,118,119,85,1450
"254",2504,119,2623,2878,2880,2894,2413,2641,2281,2477
"255",1416,1457,2148,2077,1548,1593,2052,1691,923,1028
"256",119,30,332,140,38,42,50,138,192,199
"257",2202,2298,2360,2229,2269,2397,2365,2077,2214,2303
"258",2077,2504,2052,2122,2281,2222,2148,2026,2070,2086
"259",119,140,1455,40,30,114,46,55,90,38
"260",2077,2052,2122,2148,2281,2236,2095,2182,2046,2162
"261",2077,2052,2122,2222,2281,2189,2232,2026,2070,2086
"262",2077,2052,2122,2148,2281,2236,2095,2182,2046,2162
"263",1699,2214,2303,2365,1738,1767,1833,1763,2260,2268
"264",140,119,104,11,38,15,22,65,70,85
"265",2077,2148,2026,2070,2086,2134,2174,2222,2189,2232
"266",1127,1146,1219,1343,1975,1416,1457,1200,1262,1378
"267",1447,140,1455,119,1392,40,114,1541,913,1063
"268",140,119,40,46,55,90,42,50,157,53
"269",2202,2298,2360,2260,2268,2309,2312,2400,2349,2380
"270",1699,2214,2303,2802,2365,1738,1767,2189,2232,1833
"271",1447,1546,1392,465,513,399,1501,491,1332,1570
"272",1447,1501,140,459,38,119,1546,913,1063,21
"273",2504,2077,119,2413,2122,2623,2252,2878,2880,2894
"274",1416,1457,1548,1593,923,1028,1258,1342,1370,1515
"275",2214,2303,2365,2260,2268,2309,2312,2400,2162,2202
"276",2214,2303,2365,2260,2268,2309,2312,2400,1699,2162
"277",119,140,1043,1264,1344,465,513,157,730,118
"278",1416,1457,1576,1867,1443,1864,1655,1548,1593,1691
"279",2148,2052,1416,1457,1941,2182,2162,2202,2298,2360
"280",2477,2077,2148,2026,2070,2086,2134,2174,2189,2232
"281",459,913,1063,853,875,1377,586,617,647,830
"282",119,1455,140,40,8,913,1063,46,55,90
"283",332,2003,2219,2262,2060,2001,914,1002,2137,2167
"284",2189,2232,2477,2229,2269,2072,1980,2016,2050,2062
"285",1447,853,1501,875,1546,1377,1450,1539,1570,1392
"286",2083,1576,1867,1443,2072,2266,2137,1972,1655,1831
"287",2052,2281,2077,2397,2365,2122,1975,2148,2629,2691
"288",119,332,140,31,41,30,6,27,66,38
"289",1904,1911,1953,2036,1842,1852,2189,2232,1980,2016
"290",2214,2303,2365,2260,2268,2309,2312,2400,2162,2202
"291",2077,2052,2148,2122,2281,2182,2162,2202,2298,2360
"292",2281,2077,2052,2397,2365,2122,2148,2343,2260,2268
"293",2052,2077,2222,2122,2026,2070,2086,2134,2174,2189
"294",2365,1699,2802,2214,2303,2260,2268,2309,2312,2400
"295",8,1576,1416,1457,1443,1655,1831,46,55,9
"296",2077,2052,2122,2281,1876,1878,1959,2222,2236,2095
"297",2365,2260,2268,2309,2312,2400,2358,2393,2214,2303
"298",140,913,1063,114,1455,157,586,617,647,830
"299",2365,914,1002,2260,2268,2309,2312,2400,2349,2380
"300",1447,459,140,1501,1546,119,913,1063,38,689
"301",2077,2052,2122,2222,1876,1878,1959,2236,2095,2182
"302",2077,2052,2122,2202,2298,2360,2229,2269,1876,1878
"303",332,119,66,31,41,1541,76,101,52,51
"304",40,46,55,1455,90,8,53,140,19,42
"305",8,46,55,9,58,28,32,33,1541,4
"306",2477,2397,2365,2301,2083,2351,2439,2446,2472,2481
"307",2148,2229,2269,2202,2298,2360,2162,2182,2189,2232
"308",853,399,40,1455,140,602,46,55,1043,1264
"309",119,140,1455,30,332,114,1392,853,38,1447
"310",2281,2077,2222,2052,2439,2446,2472,2481,2156,2122
"311",2214,2303,1699,2365,2260,2268,2309,2312,2400,1738
"312",46,55,1397,569,140,465,513,399,853,40
"313",2365,2260,2268,2309,2312,2400,2349,2380,2441,2229
"314",140,1546,34,880,15,22,148,119,38,913
"315",1447,913,1063,140,853,1546,1392,586,617,647
"316",2281,2397,2365,2148,2077,2477,2343,2260,2268,2309
"317",2189,2232,2802,2072,1980,2016,2050,2062,2111,2150
"318",2148,2397,2365,2182,2162,2202,2298,2360,2229,2269
"319",2077,2504,2122,2148,2222,119,2026,2070,2086,2134
"320",140,853,157,114,119,118,1447,38,1450,1539
"321",2827,2845,2802,2365,2638,2692,2697,2729,2783,2664
"322",1904,1911,1953,2036,1842,1852,2189,2232,3009,3034
"323",2122,2222,2202,2298,2360,2236,2095,2182,2250,2164
"324",140,1447,913,1063,114,586,617,647,830,970
"325",2281,2077,2052,2397,2365,2122,2343,2439,2446,2472
"326",1699,2214,2303,2189,2232,2365,1738,2802,1767,1833
"327",2214,2303,2365,2162,2260,2268,2309,2312,2400,2077
"328",2365,2260,2268,2309,2312,2400,2162,2358,2393,2214
"329",2052,2077,2122,2281,1975,1876,1878,1959,2148,2236
"330",140,853,1397,569,1087,46,55,465,513,399
"331",119,332,140,66,30,38,138,192,199,101
"332",140,40,46,55,42,50,53,157,21,85
"333",2397,2365,86,2148,2001,2343,2260,2268,2309,2312
"334",1416,1457,1548,1593,1691,923,1028,1258,1342,1370
"335",2077,2122,2052,2148,2281,2236,2095,2182,2046,2162
"336",2148,2077,2182,2026,2070,2086,2134,2174,2162,2202
"337",1455,1392,1447,119,1541,140,90,8,40,1382
"338",2077,2148,2182,2162,2202,2298,2360,2229,2269,2122
"339",1447,913,1063,853,586,617,647,830,970,988
"340",1541,913,1063,1546,1447,1397,465,513,1683,586
"341",2802,1699,2365,2214,2303,2260,2268,2309,2312,2400
"342",1447,1546,1501,465,513,1683,1397,1541,140,1191
"343",2077,2052,2122,1876,1878,1959,2236,2095,2182,2046
"344",913,1063,1546,1397,465,513,586,617,647,830
"345",2189,2232,2026,2070,2086,2134,2174,1956,1986,1831
"346",119,913,1063,1455,1332,529,140,459,1392,1189
"347",2397,2365,2477,2148,332,2343,2260,2268,2309,2312
"348",1546,913,1063,1447,1683,1397,465,513,586,617
"349",404,853,794,839,1071,480,672,850,1136,1188
"350",2052,2077,2122,2222,1975,2148,2026,2070,2086,2134
"351",2661,119,2623,2672,2413,2651,2077,2742,2751,2641
"352",2281,2052,2077,2397,2365,2122,2148,2343,2260,2268
"353",2397,2365,2477,2439,2446,2472,2481,2156,1796,2148
"354",2148,2026,2070,2086,2134,2174,2189,2232,2182,2477
"355",914,1002,962,977,888,948,1019,1039,1416,1457
"356",148,31,41,203,132,143,913,1063,34,1546
"357",119,140,30,332,38,114,42,50,138,192
"358",1416,1457,919,976,1067,1143,1263,1548,1593,923
"359",2365,2229,2269,914,1002,2260,2268,2309,2312,2400
"360",2365,2162,2229,2269,2052,2260,2268,2309,2312,2400
"361",1416,1457,919,976,1067,1143,1263,1548,1593,923
"362",1447,1546,465,513,399,853,1392,1501,491,586
"363",46,55,1397,569,399,465,513,19,67,1191
"364",140,853,40,602,46,55,569,674,1043,1264
"365",465,513,399,581,956,1501,449,856,1546,1397
"366",1683,1377,1899,1546,119,1447,2095,1878,1959,1830
"367",2077,2052,2122,1876,1878,1959,2236,2095,2182,2046
"368",2052,2077,2122,1975,2148,1876,2090,1878,1959,2236
"369",1546,1447,465,513,399,1628,581,956,856,1392
"370",332,1541,119,66,8,1455,140,101,1132,913
"371",46,55,1397,569,465,513,399,19,1191,67
"372",2365,2260,2268,2309,2312,2400,2358,2393,2214,2303
"373",2077,2052,2281,2122,2148,2397,2365,2236,2095,2182
"374",1825,2189,2232,1831,2339,1956,1986,3020,3022,3024
"375",2052,2077,2222,2122,1975,1876,1878,1959,2250,2236
"376",1392,1447,119,1541,140,1455,1546,332,1749,1784
"377",1397,569,399,465,513,46,55,1191,67,19
"378",1904,1911,1953,2036,1842,1852,2661,2742,2751,2784
"379",2281,2052,2077,2397,2365,2122,2148,2629,2691,2343
"380",2148,2397,2365,2182,2162,2202,2298,2360,2343,2229
"381",2504,119,2281,2623,2878,2880,2894,2641,2077,2413
"382",140,40,46,55,42,50,53,602,1043,1264
"383",2077,2122,2148,2222,2026,2070,2086,2134,2174,2281
"384",119,140,332,1541,1392,853,1455,1447,114,66
"385",119,2211,2661,46,55,8,90,40,140,332
"386",2148,2182,2162,2202,2298,2360,2229,2269,2397,2365
"387",1447,140,913,1063,114,1546,1392,853,586,617
"388",2365,2260,2268,2309,2312,2400,2358,2393,2397,2349
"389",140,40,46,55,119,114,53,90,157,19
"390",2260,2268,2309,2312,2400,2182,2202,2298,2360,2358
"391",140,913,1063,114,1455,1397,853,465,513,586
"392",2365,2397,2229,2269,914,1002,2202,2298,2360,2339
"393",2802,2827,2252,2845,2664,2306,2735,2167,2160,2205
"394",1447,140,1392,1455,119,1541,913,1063,114,1546
"395",1455,119,8,140,913,1063,46,55,1382,332
"396",119,332,140,913,1063,46,55,8,1541,459
"397",140,46,55,40,53,19,21,67,42,50
"398",140,853,1447,1450,1539,1570,1546,157,114,888
"399",2026,2070,2086,2134,2174,2189,2232,2148,2661,2072
"400",140,1447,853,114,118,913,1063,1455,119,148
"401",2072,2083,1825,1942,1833,1919,2189,2232,2266,2137
"402",1541,1392,8,1455,332,913,1063,1546,1447,119
"403",2026,2070,2086,2134,2174,2189,2232,119,1975,2046
"404",2713,2776,2735,2802,2668,2655,2781,2641,2413,2670
"405",2077,2148,2052,2122,2281,2182,2162,2202,2298,2360
"406",1767,1833,1763,2214,2303,2189,2232,2365,1967,2105
"407",1447,1546,140,913,1063,1683,1397,465,513,1455
"408",203,189,46,55,281,258,140,173,218,40
"409",1416,1457,1127,1146,1219,1343,1057,1864,1548,1593
"410",2077,2148,2052,2122,2182,2162,2202,2298,2360,2236
"411",2052,2077,2222,2122,1975,2026,2070,2086,2134,2174
"412",140,46,55,913,1063,114,40,19,119,67
"413",2477,332,2351,2397,2857,2003,2219,2262,2301,2083
"414",140,853,114,1455,157,38,1043,1264,1344,1261
"415",140,119,40,42,50,46,55,2485,602,376
"416",1127,1146,1219,1343,972,1317,1337,1383,1451,1416
"417",332,8,46,55,913,1063,119,68,1455,9
"418",2077,2052,2222,2122,2026,2070,2086,2134,2174,2189
"419",140,40,46,55,53,42,50,19,157,119
"420",2281,2122,2260,2268,2309,2312,2400,2236,2095,2182
"421",31,41,1541,332,1546,132,143,203,1171,140
"422",1416,1457,1548,1593,1127,1146,1219,1343,1691,189
"423",853,140,602,1043,1264,1344,1261,674,1397,569
"424",913,1063,1541,1546,1447,1683,586,617,647,830
"425",1904,1911,1953,2036,1842,1852,2189,2232,1796,2026
"426",1876,1975,2052,1941,1878,1959,2046,140,2077,1763
"427",2365,2802,2260,2268,2309,2312,2400,1699,2214,2303
"428",2148,2026,2070,2086,2134,2174,2189,2232,2182,2250
"429",140,114,913,1063,853,157,1455,38,118,1447
"430",1127,1146,1219,1343,1416,1457,2702,1057,203,2763
"431",1455,1392,1541,1447,8,1608,1546,529,46,55
"432",962,977,1416,1457,1051,1548,1593,1691,923,1028
"433",1546,913,1063,1447,1683,1397,465,513,46,55
"434",2148,2182,2162,2202,2298,2360,2229,2269,2077,2214
"435",332,2477,2397,2365,2351,2003,2219,2262,2301,2083
"436",2397,2365,2281,2077,2148,2504,2260,2268,2309,2312
"437",2148,2397,2365,2182,2162,2202,2298,2360,2477,2229
"438",2281,2052,2077,2397,2365,2122,2343,1975,1876,2260
"439",119,140,332,853,1392,1447,1119,1155,157,1541
"440",140,40,21,157,85,46,55,118,119,602
"441",2214,2303,2365,1699,2260,2268,2309,2312,2400,1738
"442",2077,2052,2122,2148,2236,2095,2182,2046,2162,2281
"443",2802,2862,2845,2214,2303,2365,2797,2783,2823,2734
"444",140,119,1447,114,853,1392,157,1455,38,118
"445",1416,1457,1864,1548,1593,2229,2269,1691,923,1028
"446",2189,2232,2026,2070,2086,2134,2174,2072,1967,2105
"447",46,55,67,19,1397,569,465,513,399,96
"448",119,140,1455,332,114,30,853,38,157,42
"449",2281,2077,2397,2439,2446,2472,2481,2052,2156,2222
"450",2365,2260,2268,2309,2312,2400,1699,2827,2214,2303
"451",2439,2446,2472,2481,2156,2802,2365,2189,2232,2520
"452",119,140,332,30,853,31,41,114,38,1447
"453",119,140,332,30,1392,38,853,114,1455,138
"454",2077,2052,2222,2122,2026,2070,2086,2134,2174,2189
"455",2661,2651,1796,2742,2751,1904,1911,1953,2036,2695
"456",913,1063,46,55,8,586,617,647,830,970
"457",1416,1457,189,1924,1960,1864,2978,2763,2829,1548
"458",2214,2303,2365,2260,2268,2309,2312,2400,2162,2202
"459",914,1002,1039,948,1019,1416,1457,962,977,888
"460",914,1002,1416,1457,2397,2148,2339,2365,962,977
"461",2148,2202,2298,2360,2229,2269,2182,2162,2397,2365
"462",46,55,2672,19,67,2686,2724,2675,140,2702
"463",1657,1699,1763,2214,2303,2365,1767,1738,2229,2269
"464",2122,2281,2222,2236,2095,2182,2202,2298,2360,1878
"465",140,203,189,86,281,258,173,218,119,40
"466",2189,2232,2229,2269,2214,2303,1980,2016,2050,2062
"467",119,332,140,1455,30,1392,38,1447,8,66
"468",2802,2845,2788,2859,2862,2616,2635,2645,2687,2783
"469",1904,1911,1953,2036,1796,1842,1852,2026,2070,2086
"470",1699,2365,2214,2303,2802,2260,2268,2309,2312,2400
"471",2052,2281,2077,2397,2365,2122,1975,1876,2343,1878
"472",2077,2052,2222,2122,2026,2070,2086,2134,2174,2189
"473",2052,2281,2077,2397,2365,2122,1975,2148,2343,2090
"474",140,31,41,114,132,143,30,119,6,27
"475",2052,2077,2122,1975,2148,2281,1876,2090,2202,2298
"476",2077,2222,2052,2122,2026,2070,2086,2134,2174,2189
"477",2077,2122,2148,2052,2236,2095,2182,2046,2162,2281
"478",2077,2148,2026,2070,2086,2134,2174,2189,2232,2222
"479",1416,1457,2229,2269,1548,1593,914,1002,923,1028
"480",1416,1457,2189,2232,1831,1956,1986,2072,1548,1593
"481",2397,2365,2343,2148,2202,2298,2360,2260,2268,2309
"482",1447,1455,1392,1541,140,119,1546,913,1063,1608
"483",1447,1392,119,1455,140,1541,1546,853,1382,913
"484",914,1002,2365,2801,962,977,888,2260,2268,2309
"485",140,853,913,1063,114,1397,1455,465,513,1043
"486",2477,2504,119,332,2397,2281,2365,2439,2446,2472
"487",119,140,1392,332,1455,1447,30,114,1541,38
"488",2077,2397,2052,2365,2122,1876,2260,2268,2309,2312
"489",119,46,55,8,40,1455,332,90,140,19
"490",1904,1911,1953,2036,2229,2269,1842,1852,2189,2232
"491",465,513,203,406,118,148,140,189,1043,1264
"492",853,140,40,46,55,784,762,839,53,19
"493",2077,2052,2122,2281,2148,2236,2095,2182,2046,2162
"494",2365,2260,2268,2309,2312,2400,2358,2393,2214,2303
"495",2052,2077,2122,1975,2148,1876,1878,1959,2236,2095
"496",1576,1416,1457,1443,1655,1867,1548,1593,1691,1686
"497",2189,2232,1980,2016,2050,2062,2111,2150,2026,2070
"498",140,119,40,2485,46,55,90,42,50,1043
"499",2281,2077,2052,2122,2397,2365,2222,1876,1878,1959
"500",2397,2477,2365,2148,2339,2916,332,2439,2446,2472
"501",2365,2397,2148,2343,2260,2268,2309,2312,2400,2349
"502",40,46,55,140,42,50,90,53,85,8
"503",140,2077,2281,2122,2148,119,114,2052,1796,1118
"504",853,31,41,1455,148,1397,875,119,324,465
"505",2148,2182,2162,2202,2298,2360,2229,2269,2077,2214
"506",140,853,148,1447,119,1546,157,913,1063,1397
"507",2365,2077,2260,2268,2309,2312,2400,2397,2162,2052
"508",2052,2281,2077,2413,2252,2477,2222,2122,1975,2160
"509",2189,2232,1699,1980,2016,2050,2062,2111,2150,2229
"510",2077,2052,2148,2122,2281,2182,2162,2202,2298,2360
"511",2189,2232,2229,2269,2072,1980,2016,2050,2062,2111
"512",1876,2052,1975,140,2077,2046,1878,1959,1941,114
"513",2189,2232,1980,2016,2050,2062,2111,2150,1956,1986
"514",2397,2365,2148,2343,2260,2268,2309,2312,2400,2349
"515",2214,2303,2365,2260,2268,2309,2312,2400,2162,2202
"516",1416,1457,1904,1911,1953,2036,2046,1127,1146,1219
"517",2148,2397,2365,86,2182,2162,2202,2298,2360,2229
"518",1455,1392,1447,119,1541,140,1382,1332,1189,1236
"519",46,55,67,19,1397,569,399,465,513,140
"520",1904,1911,1953,2036,1842,1852,2189,2232,1792,2229
"521",914,1002,962,977,888,1039,2365,384,460,588
"522",2077,2148,2122,2182,2162,2202,2298,2360,2229,2269
"523",2672,2686,2724,2682,46,55,2702,2675,2684,2763
"524",2260,2268,2309,2312,2400,2358,2393,2202,2298,2360
"525",1455,1392,1447,1541,119,140,1382,1332,1189,1546
"526",2365,2260,2268,2309,2312,2400,2349,2380,2441,2397
"527",2052,2077,2122,2281,2148,1975,1876,2182,1878,1959
"528",140,40,119,46,55,114,90,8,53,30
"529",2229,2269,2365,2214,2303,2260,2268,2309,2312,2400
"530",2661,2910,1127,1146,1219,1343,1416,1457,2651,2742
"531",2052,2281,2077,2397,2365,119,2122,2504,1975,2629
"532",2281,2077,2052,2439,2446,2472,2481,2156,2222,2397
"533",2148,2077,2182,140,2162,2122,2202,2298,2360,2229
"534",2077,2052,2122,2222,1876,1878,1959,2026,2070,2086
"535",875,1377,853,459,1450,1539,1570,913,1063,876
"536",1904,1911,1953,2036,2672,1842,1852,2661,2784,2742
"537",2365,2260,2268,2309,2312,2400,2349,2380,2441,914
"538",2365,2214,2303,1767,1833,2260,2268,2309,2312,2400
"539",2052,2077,2222,2189,2232,2026,2070,2086,2134,2174
"540",2083,2266,2137,1972,1039,914,1002,1576,2347,1230
"541",2365,2214,2303,2260,2268,2309,2312,2400,2792,2358
"542",2365,2214,2303,2260,2268,2309,2312,2400,2162,2358
"543",2713,2776,2802,2655,140,2668,2413,2641,2781,2686
"544",2365,2260,2268,2309,2312,2400,2358,2393,2214,2303
"545",140,40,157,85,46,55,21,118,119,42
"546",2077,2222,2052,2122,2026,2070,2086,2134,2174,2189
"547",2661,2077,2672,2052,2651,2623,2742,2751,1796,2695
"548",1455,119,140,114,1189,1382,1332,1236,913,1063
"549",1354,1097,1915,1770,1979,1202,1232,1318,1480,1508
"550",2083,1825,1867,1576,1416,1457,1655,1443,2266,2137
"551",2052,2281,2077,2397,2365,2122,2477,1975,2148,2343
"552",1447,140,114,913,1063,1546,1455,157,1392,38
"553",1416,1457,1548,1593,1691,923,1028,1258,1342,1370
"554",913,1063,459,119,1447,1541,1392,46,55,332
"555",2281,2052,2077,2397,2365,2122,1975,2343,1876,1878
"556",875,853,1081,1377,809,574,625,406,1525,1645
"557",2477,2397,2365,2439,2446,2472,2481,2156,2351,2818
"558",2052,2077,2281,2122,2222,2397,1975,2365,1876,2026
"559",914,1002,962,977,888,1039,1416,1457,384,460
"560",140,40,119,46,55,1455,157,53,114,853
"561",140,119,2498,2532,157,2556,2594,2465,2549,2340
"562",2052,2077,2222,2122,2026,2070,2086,2134,2174,2189
"563",2077,2148,2504,2026,2070,2086,2134,2174,2189,2232
"564",2182,2202,2298,2360,2148,2122,1685,2343,2250,2260
"565",1447,1570,1050,829,1357,762,941,1392,800,1377
"566",1455,140,119,1447,1392,114,40,90,913,1063
"567",332,119,189,203,140,31,41,148,913,1063
"568",140,42,50,157,85,118,119,89,104,6
"569",2365,2260,2268,2309,2312,2400,2358,2393,2214,2303
"570",1546,1683,1447,1397,465,513,913,1063,1541,399
"571",140,40,46,55,21,118,157,85,67,602
"572",2083,2072,1576,1416,1457,1443,2266,2137,1972,1825
"573",46,55,1127,1146,1219,1343,1057,67,2672,1416
"574",2281,2077,2397,2735,2365,2439,2446,2472,2481,2052
"575",2189,2232,2072,2229,2269,1980,2016,2050,2062,2111
"576",119,1455,140,1392,1447,1541,114,332,30,853
"577",2077,2052,2122,2148,2281,2236,2095,2182,2046,2162
"578",1541,1447,1546,1455,1683,1397,1392,1608,913,1063
"579",2189,2232,1956,1986,1871,1980,2016,2050,2062,2111
"580",2077,2052,2122,1876,1878,1959,2236,2095,2281,2182
"581",2077,2222,2122,2148,2026,2070,2086,2134,2174,2504
"582",2365,2229,2269,2260,2268,2309,2312,2400,2349,2380
"583",2122,2222,2281,2236,2095,2182,2202,2298,2360,2250
"584",2661,332,2680,2728,2742,2751,2983,3002,2003,2219
"585",140,2077,2661,114,2122,2148,119,1796,2672,1904
"586",46,55,140,19,67,8,40,68,96,9
"587",2182,2202,2298,2360,2122,2148,1878,1959,1685,2236
"588",914,1002,962,977,888,1039,1118,948,1019,1092
"589",2122,2222,2281,2713,2776,2236,2095,2802,2182,2655
"590",119,332,140,1455,1541,1392,66,8,30,1447
"591",2052,2077,2122,2281,1876,1878,1959,2236,2095,2182
"592",2189,2232,1980,2016,2050,2062,2111,2150,2365,2229
"593",2052,2077,2229,2269,2202,2298,2360,2122,2148,2365
"594",1416,1457,1548,1593,1691,923,1028,1258,1342,1370
"595",2052,2281,2413,2077,2252,2477,2397,2160,2205,2355
"596",2365,2260,2268,2309,2312,2400,2358,2393,2214,2303
"597",1576,1443,1416,1457,1655,2072,1686,1548,1593,1691
"598",2077,2052,2229,2269,2162,2122,2214,2303,2202,2298
"599",1655,1576,2083,1443,1416,1457,1867,2072,2266,1686
"600",2148,2189,2232,2026,2070,2086,2134,2174,2202,2298
"601",1447,140,913,1063,114,1546,1455,1392,853,1683
"602",2365,2397,2281,2077,2260,2268,2309,2312,2400,2162
"603",2397,2365,2477,2148,332,2343,2439,2446,2472,2481
"604",2077,2222,2122,2026,2070,2086,2134,2174,2148,2189
"605",2802,2827,2167,2845,2664,2306,2252,2722,2365,2638
"606",140,46,55,40,42,50,19,53,157,85
"607",1699,2214,2303,2365,1738,1767,1833,1763,2260,2268
"608",2713,2776,2802,140,2540,2530,2372,2735,2655,2757
"609",2189,2232,1980,2016,2050,2062,2111,2150,1956,1986
"610",1416,1457,1864,1127,1146,1219,1343,1548,1593,189
"611",332,959,692,1023,459,396,101,119,1168,1242
"612",1876,1975,1878,1959,1941,2046,2052,2189,2232,1763
"613",119,140,42,50,157,30,118,89,147,38
"614",2229,2269,2148,2162,2202,2298,2360,2214,2303,2365
"615",46,55,399,8,19,67,68,9,58,40
"616",2504,119,2623,2878,2880,2894,2281,2641,30,2413
"617",332,2477,2003,2219,2262,2301,2083,2397,2365,2060
"618",2077,2052,2122,1876,1878,1959,2236,2095,2182,2046
"619",1447,1546,913,1063,46,55,1683,1397,1541,465
"620",2477,2365,2439,2446,2472,2481,2156,2260,2268,2309
"621",2148,2026,2070,2086,2134,2174,2189,2232,2182,2162
"622",1447,1546,913,1063,140,1683,1397,465,513,1455
"623",2077,2052,2122,2202,2298,2360,2162,2214,2303,1876
"624",1416,1457,830,970,988,913,1063,1548,1593,1691
"625",1416,1457,2137,2083,1576,1443,1655,1867,1548,1593
"626",2281,2077,2397,2365,2122,2052,2148,2343,2260,2268
"627",1455,119,1392,1447,140,853,1541,114,30,1119
"628",1447,46,55,140,913,1063,19,40,30,459
"629",38,140,119,875,1377,853,145,86,114,1447
"630",119,140,332,1455,1392,1447,1541,30,114,66
"631",140,913,1063,114,1447,1455,1397,853,465,513
"632",2477,2397,2365,332,2148,2439,2446,2472,2481,2339
"633",2365,2260,2268,2309,2312,2400,2358,2393,2214,2303
"634",2083,2301,2266,2477,2137,1972,2351,1879,1190,1284
"635",2077,2148,46,55,2122,140,2052,40,30,2281
"636",3034,2686,2724,2749,2840,2848,2854,2870,3009,2831
"637",913,1063,46,55,140,1397,1455,586,617,647
"638",1127,1146,1219,1343,2661,1416,1457,203,189,2001
"639",86,875,1377,853,38,1447,140,119,459,913
"640",46,55,80,399,794,67,637,44,148,140
"641",140,114,38,853,119,157,913,1063,148,145
"642",34,148,140,913,1063,29,853,69,1546,1171
"643",2083,2266,2137,1972,2347,914,1002,692,1023,2301
"644",1416,1457,1548,1593,1691,923,1028,1258,1342,1370
"645",913,1063,465,513,1397,399,794,853,586,617
"646",2077,2052,2122,1876,1878,1959,2236,2095,2182,2046
"647",119,332,8,46,55,1455,30,66,9,58
"648",38,140,119,875,1377,853,145,86,114,1447
"649",1455,1392,1447,119,1541,140,90,8,40,1382
"650",2052,2281,2077,2397,2365,2122,1876,2629,2691,1975
"651",119,332,30,66,140,38,138,192,199,101
"652",1904,1911,1953,2036,2077,1796,1842,1852,1792,2122
"653",1541,8,913,1063,1608,46,55,1546,1455,332
"654",972,1317,1337,1383,1451,1127,1146,1219,1343,1416
"655",2365,2260,2268,2309,2312,2400,2358,2393,2214,2303
"656",2026,2070,2086,2134,2174,2189,2232,2072,1967,2105
"657",1455,1447,1392,119,140,1541,114,8,30,1189
"658",2148,2182,2052,2162,2202,2298,2360,2229,2269,2077
"659",46,55,40,140,19,67,53,42,50,8
"660",2189,2232,2072,1980,2016,2050,2062,2111,2150,1956
"661",2397,2365,2477,2148,332,2339,86,2343,2916,89
"662",2477,2397,2365,332,2339,2439,2446,2472,2481,2156
"663",140,114,853,38,157,1447,119,118,148,85
"664",1904,1911,1953,2036,1842,1852,3034,2189,2232,2840
"665",2052,2281,2077,2397,2365,2122,1975,2148,2343,1876
"666",119,140,30,114,332,1455,853,38,1392,138
"667",2052,2077,2281,2122,2148,1975,2397,2365,2236,2095
"668",1455,119,1392,1447,1541,140,90,8,46,55
"669",140,114,853,38,157,1447,119,118,1450,1539
"670",2397,2365,332,2477,2339,86,2148,89,2916,2301
"671",1447,913,1063,1546,140,586,617,647,830,970
"672",1455,1392,1447,8,1541,119,529,1501,9,58
"673",2189,2232,2229,2269,1980,2016,2050,2062,2111,2150
"674",1127,1146,1219,1343,914,1002,1416,1457,1200,1262
"675",1447,140,913,1063,853,1546,1392,1455,118,586
"676",1455,119,140,8,90,332,46,55,40,1392
"677",2077,2052,2122,2222,2026,2070,2086,2134,2174,2189
"678",1447,1546,1392,853,465,513,1501,1570,1450,1539
"679",119,332,8,90,46,55,1455,30,40,1392
"680",1455,1392,1447,119,140,1541,90,8,40,913
"681",31,41,332,6,27,119,189,66,140,30
"682",2052,2077,2413,2281,2477,2222,2122,1975,2026,2070
"683",2629,2691,2052,2281,2610,119,2339,140,2530,2372
"684",2083,2266,2137,1972,2347,914,1002,692,1023,2301
"685",2182,2202,2298,2360,2148,2122,2343,2250,2260,2268
"686",2052,2077,1975,2122,1876,1878,1959,2281,2148,2046
"687",2477,2397,2339,2365,332,2916,2703,2385,2148,2439
"688",2083,2266,1972,1416,1457,2137,1655,1576,1443,2347
"689",46,55,19,1397,399,569,67,465,513,140
"690",1392,1447,913,1063,1541,8,46,55,459,119
"691",332,119,66,1541,140,31,41,101,132,143
"692",1541,8,1608,1546,46,55,913,1063,332,1455
"693",140,2661,46,55,40,2651,119,2742,2751,2695
"694",1127,1146,1219,1343,1057,1416,1457,1200,1262,1378
"695",2052,2077,2222,2122,2026,2070,2086,2134,2174,2189
"696",140,40,46,55,119,90,53,8,21,42
"697",119,2077,2026,2070,2086,2134,2174,2148,2222,2504
"698",2083,914,1002,2266,2137,1972,1416,1457,962,977
"699",2661,2686,2724,119,2778,2804,2819,2651,2742,2751
"700",1416,1457,1831,1548,1593,1576,1691,923,1028,1258
"701",2052,2077,2122,1876,1878,1959,2236,2095,2182,1975
"702",119,1455,1392,140,1541,1447,332,8,114,30
"703",1455,1392,1447,1541,119,140,1382,1189,1332,90
"704",332,2477,2003,2219,2262,2301,2339,2083,2916,2703
"705",2077,2052,2222,2122,2026,2070,2086,2134,2174,2189
"706",2077,2281,2148,2122,2052,2397,2182,2162,2365,2236
"707",2148,2182,2162,2202,2298,2360,2229,2269,2052,2077
"708",2672,46,55,2702,2682,2686,2724,2763,2829,203
"709",914,1002,2001,962,977,1416,1457,1039,948,1019
"710",2077,2214,2303,2162,2365,2202,2298,2360,2052,2122
"711",1447,913,1063,586,617,647,830,970,988,503
"712",913,1063,1397,465,513,1455,399,586,617,647
"713",140,46,55,40,853,19,53,21,67,85
"714",195,2651,254,40,233,187,2684,270,299,317
"715",140,40,46,55,119,157,42,50,85,53
"716",140,1447,119,1455,1392,913,1063,114,40,46
"717",2214,2303,2365,2260,2268,2309,2312,2400,2162,2202
"718",1904,1911,1953,2036,1842,1852,2189,2232,1796,1792
"719",1416,1457,1864,1576,1127,1146,1219,1343,1942,1443
"720",1876,1878,1959,1975,2046,2052,2077,2625,2844,2764
"721",140,40,46,55,119,90,53,8,19,42
"722",2229,2269,2214,2303,2365,1416,1457,2189,2232,2260
"723",2077,1796,1904,1911,1953,2036,2672,2052,2661,2122
"724",2214,2303,2365,2260,2268,2309,2312,2400,2162,2202
"725",119,140,30,332,38,42,50,138,192,199
"726",2052,2281,2413,2077,2477,2252,2504,2160,2205,119
"727",1699,2214,2303,2365,2189,2232,1738,1767,1833,1763
"728",140,1447,913,1063,1455,114,853,1397,465,513
"729",2686,2724,2672,2661,2665,2749,2684,2675,2784,2705
"730",2077,2052,2122,2222,2026,2070,2086,2134,2174,2189
"731",1455,1392,1541,119,1447,8,140,332,46,55
"732",1455,1392,1541,119,1447,140,8,913,1063,46
"733",2052,2077,2281,2222,2504,2122,2413,119,2477,1975
"734",1541,1447,1546,913,1063,1455,1392,1683,1608,1397
"735",2477,2397,2365,2148,332,2439,2446,2472,2481,2156
"736",140,119,157,141,118,299,317,2110,2171,2208
"737",2077,2162,2229,2269,2052,2122,2214,2303,2365,1820
"738",1416,1457,1576,1655,1443,1548,1593,1691,923,1028
"739",1904,1911,1953,2036,1796,1842,1852,1792,1643,2189
"740",2229,2269,2214,2303,2365,2189,2232,2162,1416,1457
"741",46,55,140,40,19,67,53,21,42,50
"742",2052,2077,2222,1831,2122,2026,2070,2086,2134,2174
"743",1455,399,40,46,55,90,1382,376,8,853
"744",2504,119,2281,2623,2878,2880,2894,2641,2077,2413
"745",2749,3034,2686,2724,2831,2844,2784,3009,2747,2754
"746",203,140,332,281,189,868,268,258,46,55
"747",2229,2269,2365,2214,2303,2260,2268,2309,2312,2400
"748",914,1002,1039,888,962,977,948,1019,1416,1457
"749",1541,8,1455,119,46,55,1392,332,1447,68
"750",140,114,1447,853,1455,157,913,1063,38,118
"751",2052,2077,2122,1876,1878,1959,2236,2095,1975,2182
"752",2052,2281,2077,2397,2365,2122,2148,1975,2343,2477
"753",1416,1457,1548,1593,1691,923,1028,1258,1342,1370
"754",2189,2232,1980,2016,2050,2062,2111,2150,1956,1986
"755",2083,962,977,914,1002,2266,2137,1972,1416,1457
"756",2202,2298,2360,2250,2182,2260,2268,2309,2312,2400
"757",119,1455,1392,1447,90,8,1541,46,55,140
"758",1455,1392,1447,1541,119,140,8,1546,46,55
"759",119,332,959,140,1541,66,2383,1408,1785,1847
"760",1455,1392,1447,119,1541,140,90,1382,1189,1332
"761",1455,1447,1392,1541,913,1063,1546,140,1608,119
"762",2148,2026,2070,2086,2134,2174,2182,2162,2189,2232
"763",1416,1457,1576,1443,1548,1593,1691,923,1028,1258
"764",86,38,140,136,163,184,875,1377,119,853
"765",1447,140,114,853,913,1063,1546,157,1455,38
"766",2281,2077,2397,2365,2052,2122,2343,2439,2446,2472
"767",2281,2077,2397,119,2365,2477,2148,2504,2122,332
"768",1416,1457,1548,1593,1039,948,1019,1691,1164,923
"769",2026,2070,2086,2134,2174,2077,2189,2232,2222,1967
"770",2365,2845,2802,2260,2268,2309,2312,2400,2214,2303
"771",119,332,140,66,114,30,1455,38,101,1392
"772",2148,2202,2298,2360,2229,2269,2397,2077,2365,2182
"773",140,114,853,1447,38,157,118,119,1450,1539
"774",1416,1457,919,976,1067,1143,1263,1127,1146,1219
"775",1447,140,1546,1455,913,1063,1683,1397,1392,853
"776",2672,46,55,2661,140,2686,2724,2684,2784,2682
"777",140,1447,114,913,1063,853,157,586,617,647
"778",1904,1911,1953,2036,1842,1852,2189,2232,2229,2269
"779",1967,2105,2162,1866,1699,2077,2214,2303,2365,2222
"780",119,332,30,38,66,140,138,192,199,42
"781",2077,2052,2222,2122,2026,2070,2086,2134,2174,2189
"782",2001,2365,86,914,1002,2397,962,977,2148,2260
"783",2122,2095,1878,1959,2182,1830,2202,2298,2360,1755
"784",2365,2439,2446,2472,2481,2156,2189,2232,2802,2026
"785",40,46,55,42,50,1455,399,85,140,53
"786",2026,2070,2086,2134,2174,2189,2232,1980,2016,2050
"787",2052,2281,2077,2397,2365,2122,1975,2148,2343,1876
"788",140,853,114,1447,38,119,118,157,148,1450
"789",140,40,46,55,119,42,50,157,53,85
"790",1416,1457,1548,1593,1691,923,1028,1258,1342,1370
"791",1546,913,1063,1447,1683,1541,1397,465,513,586
"792",1447,1546,465,513,1392,399,1541,1683,853,1397
"793",1699,2214,2303,2365,2802,1738,1767,1833,2260,2268
"794",2189,2232,2072,2477,2229,2269,1980,2016,2050,2062
"795",2397,2365,2148,2343,86,2260,2268,2309,2312,2400
"796",2077,2052,1876,2229,2269,2122,1878,1959,2202,2298
"797",1447,140,913,1063,1546,114,1683,1455,586,617
"798",1447,1392,1455,1541,140,119,1546,1382,1332,913
"799",2214,2303,1699,2365,2845,2783,2260,2268,2309,2312
"800",2077,2222,2281,2026,2070,2086,2134,2174,2052,2122
"801",2052,2281,2077,2397,2365,2122,1975,2148,2343,2260
"802",913,1063,1546,1541,140,148,31,41,1447,132
"803",2026,2070,2086,2134,2174,2189,2232,2148,2250,1967
"804",1447,140,1546,913,1063,1455,1683,1397,114,1392
"805",2281,2077,2397,2365,2122,2148,2052,2629,2691,2343
"806",1416,1457,1127,1146,1219,1343,1057,1548,1593,1200
"807",2281,2077,2397,2365,2148,2122,2343,2260,2268,2309
"808",1546,1447,830,465,513,586,617,647,853,399
"809",1455,1392,1447,119,140,1541,90,913,1063,114
"810",2077,2052,2122,2281,2802,1876,2735,1878,1959,2162
"811",1447,853,86,140,913,1063,1450,1539,1570,875
"812",2661,140,2742,2751,119,2983,3002,2651,2778,2804
"813",2214,2303,2229,2269,2365,2162,2077,2260,2268,2309
"814",2083,2072,1416,1457,2266,2137,1972,1576,1443,1548
"815",2052,119,2504,2281,2477,2077,2413,2623,2252,2878
"816",140,119,2485,465,513,1043,1264,1344,46,55
"817",2281,2077,2052,2397,2365,2122,2343,1876,2260,2268
"818",2189,2232,2026,2070,2086,2134,2174,2477,2072,2301
"819",2077,2281,2122,2148,2504,2052,2236,2397,2095,2182
"820",2365,2477,2260,2268,2309,2312,2400,2349,2380,2441
"821",2148,2182,2162,2202,2298,2360,2229,2269,2077,2214
"822",140,1447,114,157,913,1063,853,38,118,119
"823",1455,1447,1392,1541,119,140,46,55,913,1063
"824",1904,1911,1953,2036,1842,1852,2189,2232,2229,2269
"825",140,119,114,30,1447,1455,853,38,1392,157
"826",2052,2281,2077,2397,2365,2122,1975,2629,2691,2148
"827",2439,2446,2472,2481,2156,2802,2365,2026,2070,2086
"828",1455,1392,1447,1541,119,140,1382,1546,913,1063
"829",2148,2026,2070,2086,2134,2174,2189,2232,2182,2250
"830",2439,2446,2472,2481,2156,2365,2189,2232,2520,2802
"831",2052,2148,2182,1416,1457,2077,1562,1799,1856,2162
"832",2504,119,2623,2413,2878,2880,2894,2641,2252,2916
"833",2077,2202,2298,2360,2229,2269,2052,2122,2214,2303
"834",119,140,1455,1392,1447,90,40,114,8,46
"835",2365,2260,2268,2309,2312,2400,2214,2303,2358,2393
"836",2365,2260,2268,2309,2312,2400,2214,2303,2358,2393
"837",2148,2397,2202,2298,2360,2229,2269,2365,2182,2162
"838",2052,2077,2026,2070,2086,2134,2174,2189,2232,2222
"839",1127,1146,1219,1343,1057,1416,1457,690,1200,1262
"840",8,46,55,332,119,68,9,58,28,32
"841",2713,2776,140,2802,2668,2655,2641,2781,2413,2498
"842",1416,1457,1548,1593,1691,923,1028,1258,1342,1370
"843",1447,140,913,1063,114,1546,1455,853,1392,1683
"844",2189,2232,2072,1980,2016,2050,2062,2111,2150,2477
"845",2214,2303,2365,2162,2077,2260,2268,2309,2312,2400
"846",2077,2052,2122,2148,2236,2095,2182,2046,2162,1975
"847",119,853,1392,140,1455,1447,1119,1155,332,1541
"848",2189,2232,2026,2070,2086,2134,2174,2229,2269,1980
"849",119,2504,2077,2623,2052,2878,2880,2894,2641,2413
"850",119,332,2003,2219,2262,2083,2098,2001,1867,1576
"851",2148,1924,1416,1457,1960,2182,189,2162,2202,2298
"852",1576,1655,1443,1416,1457,1686,1548,1593,1691,923
"853",2236,2222,2039,2090,2157,2164,1968,2735,2358,2393
"854",1416,1457,1548,1593,1691,923,1028,1258,1342,1370
"855",2214,2303,2365,1699,2260,2268,2309,2312,2400,1738
"856",913,1063,459,853,140,875,586,617,647,830
"857",119,332,140,66,30,38,101,52,31,41
"858",1455,1392,1447,1541,119,90,1189,1382,8,1236
"859",1039,1416,1457,875,1548,1593,1377,948,1019,1429
"860",1541,1455,1392,1447,1546,1608,8,913,1063,46
"861",2148,2182,2397,2162,2365,2202,2298,2360,2229,2269
"862",2365,2260,2268,2309,2312,2400,1699,2214,2303,2358
"863",1904,1911,1953,2036,1796,1842,1852,1792,1643,2077
"864",140,114,853,157,38,1447,118,119,85,1450
"865",1904,1911,1953,2036,1842,1852,2189,2232,2229,2269
"866",1546,1541,1447,1683,913,1063,1397,465,513,1608
"867",1455,119,140,30,40,853,114,46,55,38
"868",2365,2260,2268,2309,2312,2400,2358,2393,2162,2077
"869",2661,914,1002,140,2148,2680,2728,1118,2651,2742
"870",1541,8,1455,46,55,1392,332,1608,119,68
"871",140,114,38,1447,119,157,853,118,145,86
"872",1455,119,1392,1447,140,1541,90,114,8,40
"873",2052,2077,2122,1975,2148,1876,1878,1959,2090,2236
"874",119,332,30,66,140,38,138,192,199,42
"875",119,140,30,332,38,114,42,50,138,192
"876",1447,1546,465,513,399,1392,853,491,1501,586
"877",46,55,399,67,19,96,18,40,80,569
"878",2365,2074,2911,2792,2757,2260,2268,2309,2312,2400
"879",1127,1146,1219,1343,1057,1416,1457,1200,1262,1378
"880",140,119,46,55,40,157,85,21,8,118
"881",2052,2077,1975,2122,2148,2281,2090,1876,1878,1959
"882",1455,119,140,90,8,40,1189,1382,46,55
"883",1127,1146,1219,1343,972,1317,1337,1383,1451,1416
"884",1127,1146,1219,1343,1416,1457,1057,1200,1262,1378
"885",332,119,66,1541,959,101,31,41,52,140
"886",1541,1455,1392,1447,1546,1608,913,1063,119,140
"887",2077,2222,2122,2026,2070,2086,2134,2174,2052,2189
"888",2052,2504,2281,119,2077,2413,2477,2252,2623,2878
"889",1416,1457,1127,1146,1219,1343,1057,1864,690,1548
"890",119,1392,8,90,1447,332,1455,46,55,40
"891",2077,2052,2281,2122,2148,2222,2413,2397,2236,2095
"892",1541,1447,913,1063,1546,1455,1392,1683,1608,1397
"893",2845,2783,2823,2802,2189,2232,2827,2734,1699,2862
"894",140,119,40,46,55,90,8,53,42,50
"895",689,46,55,913,1063,637,140,203,480,19
"896",1455,1392,1447,119,140,1541,90,40,114,8
"897",140,119,40,46,55,90,114,8,53,30
"898",2052,2077,1876,2281,1975,1878,1959,2122,2046,1941
"899",2122,2260,2268,2309,2312,2400,2222,2236,2439,2446
"900",2083,2266,2137,1972,1576,1443,2347,1655,1416,1457
"901",2682,2672,2705,2741,2717,2686,2724,2786,2809,2684
"902",2148,2202,2298,2360,2229,2269,2182,2162,2077,2214
"903",2077,2222,2026,2070,2086,2134,2174,2122,2148,2189
"904",1904,1911,1953,2036,1127,1146,1219,1343,1831,1842
"905",332,959,101,459,119,396,913,1063,189,692
"906",119,140,1455,1392,114,332,30,1447,38,853
"907",1447,86,1501,875,89,1377,853,459,332,189
"908",2077,2052,2122,2281,1876,1878,1959,2236,2095,2182
"909",119,140,157,118,40,46,55,30,114,203
"910",1455,1392,1447,1541,119,140,913,1063,8,46
"911",914,1002,948,1019,1039,962,977,1416,1457,888
"912",2229,2269,2189,2232,2214,2303,1416,1457,2072,1831
"913",119,2661,2623,140,2651,2742,2751,2672,2695,2983
"914",1127,1146,1219,1343,1057,1416,1457,2702,2763,2829
"915",2077,2052,2122,1876,1878,1959,2236,2095,2182,2046
"916",2214,2303,2365,2783,2797,2845,2823,1699,2827,2260
"917",1447,140,913,1063,1546,114,586,617,647,830
"918",913,1063,853,586,617,647,830,970,988,503
"919",1904,1911,1953,2036,1842,1852,2686,2724,1796,2189
"920",399,1397,569,465,513,46,55,1191,67,19
"921",2077,2052,2122,2148,2281,2236,2095,2182,2046,2162
"922",1904,1911,1953,2036,2077,2672,1842,1852,2046,2052
"923",2052,2077,2122,2281,1975,2148,1876,1878,1959,2090
"924",140,1043,1264,1344,157,465,513,2485,118,674
"925",853,1447,140,1450,1539,1570,1304,1171,888,114
"926",1541,1447,46,55,913,1063,1455,1546,1392,140
"927",2281,2052,2077,2397,2413,2365,2122,2477,2439,2446
"928",2477,2397,2365,2148,2439,2446,2472,2481,2156,2343
"929",140,114,853,38,157,119,1447,118,1450,1539
"930",140,40,46,55,53,21,157,19,85,42
"931",2077,2148,2122,2182,2026,2070,2086,2134,2174,2162
"932",2148,2026,2070,2086,2134,2174,2189,2232,2182,2162
"933",2077,2052,2122,2148,2236,2095,2182,2046,2162,2281
"934",2052,2077,2122,1975,2148,2090,1876,1878,1959,2236
"935",1541,1608,8,913,1063,1546,1455,46,55,332
"936",140,119,157,85,40,118,42,50,46,55
"937",2052,2281,2077,2397,2365,2122,1975,2148,2343,1876
"938",2504,119,2623,2878,2880,2894,2641,2413,2916,2703
"939",140,114,38,853,1447,119,157,145,118,86
"940",332,2916,2703,2385,2351,2003,2219,2262,2301,2083
"941",2077,2052,2122,2281,2148,1904,1911,1953,2036,2661
"942",913,1063,586,617,647,830,970,988,503,553
"943",140,853,114,1447,157,1450,1539,1570,38,1304
"944",2052,2077,2222,2122,2026,2070,2086,2134,2174,2189
"945",2281,2077,2397,2365,2052,2122,2343,1876,1878,1959
"946",140,853,1447,114,1450,1539,1570,1304,888,157
"947",119,140,332,1392,1455,1447,1541,114,853,30
"948",332,1541,119,31,41,140,132,143,203,66
"949",2077,2052,2122,2281,1876,1878,1959,2236,2095,2182
"950",2052,2281,2077,2397,2365,2122,1975,30,2629,2691
"951",1699,2214,2303,2365,1763,1738,1767,2862,1833,2260
"952",2477,2397,332,2365,2439,2446,2472,2481,2156,2351
"953",140,114,913,1063,853,157,38,1397,118,586
"954",2052,2077,2281,2122,2148,2236,2095,2397,1975,2182
"955",140,2157,2090,2039,2485,2164,465,513,2674,119
"956",2397,2365,2281,2148,2077,2343,2260,2268,2309,2312
"957",2052,2504,2281,2077,119,2413,2477,2252,2623,2878
"958",119,140,1455,1541,332,1392,1447,8,114,913
"959",2365,2156,2439,2446,2472,2481,2189,2232,2260,2268
"960",2214,2303,2365,2797,2260,2268,2309,2312,2400,2845
"961",119,1455,140,1392,1447,114,1541,853,332,30
"962",2026,2070,2086,2134,2174,2189,2232,1825,332,2916
"963",2052,2077,2222,2122,2026,2070,2086,2134,2174,2148
"964",2365,2260,2268,2309,2312,2400,2349,2380,2441,2001
"965",1447,140,913,1063,114,1546,1455,586,617,647
"966",1127,1146,1219,1343,1057,1416,1457,1200,1262,1378
"967",2122,2222,2236,2281,2095,2182,2202,2298,2360,2250
"968",2281,2077,2052,2122,2397,2365,1876,1878,1959,2236
"969",2365,2260,2268,2309,2312,2400,2358,2393,2214,2303
"970",2189,2232,1980,2016,2050,2062,2111,2150,1763,2229
"971",140,119,114,38,853,157,1447,118,86,145
"972",1392,1447,1455,1541,1546,1332,1236,853,730,1382
"973",1447,140,1455,1392,114,1546,913,1063,853,1043
"974",2077,2281,2148,2122,2052,2046,2397,2365,2182,2162
"975",140,1447,1455,114,853,913,1063,1122,1334,1043
"976",913,1063,1397,465,513,586,617,647,830,970
"977",1447,140,114,913,1063,1546,853,1455,157,1392
"978",119,332,140,30,66,1455,38,138,192,199
"979",1455,913,1063,8,332,119,46,55,1397,1132
"980",1416,1457,1864,1548,1593,1691,923,1028,1258,1342
"981",2077,2052,2122,1876,1878,1959,2236,2095,2182,399
"982",332,913,1063,1749,1784,1541,119,46,55,8
"983",2077,2052,2122,1876,1878,1959,2236,2095,2182,2046
"984",2077,2222,2052,2122,2026,2070,2086,2134,2174,2189
"985",2083,914,1002,2266,2137,1972,1230,2347,1039,962
"986",913,1063,586,617,647,970,988,830,503,553
"987",1904,1911,1953,2036,1842,1852,1796,2189,2232,1792
"988",1904,1911,1953,2036,2672,2784,1127,1146,1219,1343
"989",2052,1975,2077,1876,1878,1959,2122,2046,2148,2281
"990",1127,1146,1219,1343,1416,1457,1057,1864,1200,1262
"991",1455,1392,1447,1541,8,46,55,1608,1546,529
"992",2083,2266,2137,1972,914,1002,1230,2347,1039,948
"993",140,46,55,2672,2684,2661,203,19,2686,2724
"994",1447,1546,1683,1397,465,513,1541,1392,853,1455
"995",2083,2072,2266,1825,2137,914,1002,1972,1416,1457
"996",2365,2260,2268,2309,2312,2400,2358,2393,2214,2303
"997",1699,2845,2214,2303,2365,2783,2802,2734,1738,1767
"998",1699,1967,2105,2162,2214,2303,2189,2232,1866,2365
"999",2052,2077,2122,1975,2148,1876,1878,1959,2182,2236
"1000",1455,119,1392,1541,1447,8,332,46,55,140
"1001",1904,1911,1953,2036,1842,1852,2189,2232,1792,2229
"1002",1397,569,399,465,513,46,55,853,140,602
"1003",1699,2214,2303,2365,1738,1767,1833,1763,2260,2268
"1004",1699,2214,2303,2365,2845,1738,1767,1833,2827,1763
"1005",1541,1447,1546,1455,1392,913,1063,1683,1397,1608
"1006",2504,2623,2413,332,2661,2252,2160,2205,2077,2878
"1007",459,692,1023,913,1063,1168,1242,1316,1443,806
"1008",2189,2232,2026,2070,2086,2134,2174,1967,2105,2162
"1009",2077,2222,2052,2122,2026,2070,2086,2134,2174,2189
"1010",2189,2232,1980,2016,2050,2062,2111,2150,1956,1986
"1011",140,602,1043,1264,1344,674,157,569,85,465
"1012",2052,2077,2122,2148,1975,2236,1876,2095,2182,1878
"1013",2052,2077,2222,2122,2281,2026,2070,2086,2134,2174
"1014",2182,2202,2298,2360,2148,2343,2260,2268,2309,2312
"1015",1447,1546,913,1063,1683,1397,465,513,140,1541
"1016",1904,1911,1953,2036,1796,1842,1852,1792,1643,2189
"1017",2026,2070,2086,2134,2174,2189,2232,2148,2250,2072
"1018",2281,2365,2077,2397,2260,2268,2309,2312,2400,2052
"1019",2214,2303,2365,1699,2260,2268,2309,2312,2400,2162
"1020",1447,140,913,1063,1546,114,1683,586,617,647
"1021",1904,1911,1953,2036,1842,1852,1792,1643,1796,1669
"1022",140,1447,913,1063,114,1455,586,617,647,830
"1023",1416,1457,1548,1593,1864,1691,923,1028,1258,1342
"1024",2189,2232,1699,2072,1980,2016,2050,2062,2111,2150
"1025",2477,332,2439,2446,2472,2481,2156,2397,2351,2365
"1026",1541,1546,1447,1392,1683,1397,465,513,1749,1784
"1027",1541,1546,1683,1447,1397,913,1063,465,513,332
"1028",2477,332,2397,2365,2439,2446,2472,2481,2339,2156
"1029",2083,1416,1457,2072,1576,2266,1443,1864,2137,1972
"1030",140,40,46,55,119,53,853,19,21,90
"1031",1904,1911,1953,2036,1796,1842,1852,1792,1643,2189
"1032",853,140,1397,46,55,465,513,399,602,1043
"1033",67,46,55,399,1397,96,569,18,465,513
"1034",140,1354,1770,1979,119,406,1851,1097,1915,1202
"1035",1447,1546,913,1063,1683,1397,465,513,1541,46
"1036",1397,465,513,46,55,1191,569,399,67,203
"1037",2162,2182,2229,2269,2202,2298,2360,2365,2397,2077
"1038",1416,1457,1576,1655,1443,2072,2083,1548,1593,332
"1039",913,1063,1546,1447,586,617,647,830,970,988
"1040",1416,1457,1548,1593,1691,923,1028,1258,1342,1370
"1041",332,189,173,218,203,1416,1457,268,258,290
"1042",332,119,31,41,66,140,203,148,189,76
"1043",2052,2077,2122,1876,1878,1959,1975,2236,2095,2182
"1044",1455,119,1392,140,1447,1382,1189,1332,1236,1541
"1045",2083,1576,1655,2072,2266,1443,2137,1972,1867,1416
"1046",2148,2077,2182,2162,2202,2298,2360,2229,2269,2397
"1047",898,1982,2043,967,1807,1822,1903,1987,2007,2018
"1048",119,332,140,1455,8,1392,1541,66,30,1447
"1049",2229,2269,2162,1941,2214,2303,2365,2189,2232,2052
"1050",1416,1457,1576,1443,2083,1127,1146,1219,1343,1548
"1051",2661,2672,140,119,2651,2077,2742,2751,1904,1911
"1052",2365,2214,2303,2260,2268,2309,2312,2400,2358,2393
"1053",119,1447,1455,1392,1541,332,140,30,853,1546
"1054",913,1063,140,1397,465,513,1455,586,617,647
"1055",2083,1416,1457,2072,2266,2137,1972,1867,1576,1864
"1056",46,55,67,19,96,18,399,80,59,72
"1057",2365,2802,2260,2268,2309,2312,2400,1699,2845,2358
"1058",1416,1457,914,1002,1548,1593,1825,1691,923,1028
"1059",140,40,46,55,853,119,602,1043,1264,1344
"1060",140,332,31,41,119,132,143,6,27,114
"1061",1416,1457,1576,1443,1548,1593,1655,1691,923,1028
"1062",1907,1101,1004,1010,1405,1609,1618,1826,2136,1402
"1063",2189,2232,2026,2070,2086,2134,2174,2148,2229,2269
"1064",2365,2189,2232,1763,2229,2269,1956,1986,2156,1980
"1065",2148,2182,2162,2397,2202,2298,2360,2365,2229,2269
"1066",1447,1546,853,1392,674,1501,1450,1539,1570,830
"1067",2214,2303,2365,2260,2268,2309,2312,2400,2162,2202
"1068",2148,2397,2365,2182,2162,2202,2298,2360,2229,2269
"1069",1127,1146,1219,1343,2702,1416,1457,203,2763,2829
"1070",1541,332,203,148,1546,913,1063,140,2117,119
"1071",2077,2026,2070,2086,2134,2174,2189,2232,2222,2052
"1072",2052,2281,2077,2477,2397,2365,2122,2439,2446,2472
"1073",1447,1546,140,913,1063,1683,1397,465,513,1541
"1074",2148,2202,2298,2360,2229,2269,2397,2365,2182,2162
"1075",2281,2077,2397,2365,2052,2122,2343,1876,1878,1959
"1076",140,40,46,55,119,53,21,19,42,50
"1077",140,1447,114,853,157,38,1546,913,1063,118
"1078",40,46,55,140,90,8,119,694,53,19
"1079",1541,1546,1608,1749,1784,1132,1479,1455,1683,324
"1080",2713,2776,2802,2655,2413,2669,2668,2485,2845,2781
"1081",913,1063,586,617,647,830,970,988,503,553
"1082",1416,1457,1548,1593,1691,923,1028,1258,1342,1370
"1083",2077,2222,2052,2122,2026,2070,2086,2134,2174,2189
"1084",2083,2266,2137,1972,914,1002,1230,2347,1039,1684
"1085",1904,1911,1953,2036,1842,1852,1796,1792,2189,2232
"1086",119,140,332,1455,1392,30,1447,114,38,66
"1087",2077,2052,2122,2182,2162,1876,2202,2298,2360,1878
"1088",2052,2077,2281,2122,2148,1975,2397,2365,2236,2095
"1089",2365,2260,2268,2309,2312,2400,2802,2358,2393,2845
"1090",140,40,46,55,119,53,42,50,602,1043
"1091",914,1002,1416,1457,1864,962,977,1548,1593,1691
"1092",2802,2713,2776,2655,2413,2236,2669,2845,2735,2668
"1093",3009,2825,2851,3014,2934,2844,2834,2886,2928,1904
"1094",459,913,1063,574,625,544,586,617,647,830
"1095",1447,140,114,853,1546,913,1063,157,1455,1392
"1096",1455,1392,1447,1541,1608,1382,1189,1332,1546,8
"1097",2052,2077,2222,2122,2026,2070,2086,2134,2174,2281
"1098",140,332,31,41,203,132,143,148,119,114
"1099",140,40,46,55,157,85,21,53,602,1043
"1100",2477,332,2397,2439,2446,2472,2481,2156,2365,2351
"1101",2214,2303,2365,2260,2268,2309,2312,2400,2229,2269
"1102",2077,2365,2397,2281,2052,2122,2260,2268,2309,2312
"1103",913,1063,140,1397,465,513,586,617,647,830
"1104",2077,2281,2052,2148,2122,2397,2182,2162,2365,2202
"1105",2072,2477,2189,2232,2083,1867,1879,1576,1190,1284
"1106",2052,2281,2077,2122,2397,119,2365,2148,2477,2504
"1107",2735,2802,2655,2713,2776,2413,2670,2669,2236,2845
"1108",459,913,1063,1447,574,625,544,586,617,647
"1109",2052,2281,2077,2397,2365,2122,1975,2629,2691,1876
"1110",140,114,1455,853,1447,119,913,1063,38,157
"1111",1416,1457,1576,1443,1655,1548,1593,1691,2072,1867
"1112",2052,2077,2222,2122,2026,2070,2086,2134,2174,2189
"1113",1671,1960,1746,1375,1423,1883,1892,1954,2021,1904
"1114",2189,2232,1904,1911,1953,2036,1980,2016,2050,2062
"1115",2052,2077,2222,2122,2026,2070,2086,2134,2174,2189
"1116",2148,2077,2281,2397,2365,2182,2162,2122,2202,2298
"1117",119,140,2077,2661,46,55,30,2623,40,1796
"1118",1455,1392,1447,1541,119,140,1382,1546,1332,1189
"1119",1541,1392,913,1063,1546,1447,332,119,1455,1749
"1120",1546,1447,465,513,399,1392,581,956,1628,856
"1121",1416,1457,1548,1593,1691,923,1028,1258,1342,1370
"1122",2802,2845,2862,2783,2734,1699,2823,2788,2859,2214
"1123",119,332,66,101,52,31,41,76,30,51
"1124",1416,1457,913,1063,1548,1593,574,625,544,1691
"1125",40,46,55,140,53,19,42,50,21,90
"1126",119,140,1455,40,1447,913,1063,46,55,90
"1127",2077,2052,2222,2122,2026,2070,2086,2134,2174,2189
"1128",1541,1546,1608,913,1063,1455,1447,1683,1397,1392
"1129",2281,2077,2052,2397,2365,2122,2343,1876,1164,1878
"1130",2661,2742,2751,2651,2983,3002,2695,332,2686,2724
"1131",2672,2686,2724,2684,2784,2682,2661,3003,2702,2675
"1132",2281,2077,2052,2397,2365,2122,2343,1876,2260,2268
"1133",2052,2504,2281,119,2413,2077,2477,2252,2623,2878
"1134",2189,2232,2026,2070,2086,2134,2174,1876,1980,2016
"1135",1876,2189,2232,1763,1956,1986,1975,1980,2016,2050
"1136",2661,2742,2751,2651,2983,3002,2695,332,2680,2728
"1137",1455,40,46,55,399,140,90,853,53,1382
"1138",1576,1655,1443,1416,1457,2083,1686,1548,1593,1691
"1139",2026,2070,2086,2134,2174,2189,2232,2148,2250,332
"1140",1978,1097,1037,1839,1915,949,1590,1859,406,1202
"1141",1447,140,114,913,1063,1546,1455,853,157,1392
"1142",2661,2651,1796,2742,2751,1904,1911,1953,2036,2695
"1143",2083,2072,1867,1576,332,1655,1416,1457,1443,2266
"1144",2052,2077,2122,2281,1876,1878,1959,1975,2236,2095
"1145",2148,2077,2182,2162,2202,2298,2360,2229,2269,2397
"1146",119,30,38,140,42,50,332,145,86,114
"1147",332,119,140,31,41,66,6,27,132,143
"1148",2077,2052,2122,1876,1878,1959,2202,2298,2360,2236
"1149",1541,1455,1392,119,332,8,1447,1608,46,55
"1150",2504,119,2477,2281,2413,2623,2878,2880,2894,332
"1151",119,140,1455,1392,1447,332,30,114,1541,38
"1152",1447,140,1546,853,114,913,1063,1683,1397,1455
"1153",140,853,114,1447,157,1450,1539,1570,38,119
"1154",140,114,853,1447,157,38,118,1450,1539,1570
"1155",1455,1541,1392,119,1447,8,46,55,332,1608
"1156",1904,1911,1953,2036,1842,1852,1796,2189,2232,1792
"1157",2477,332,2397,2339,2365,2439,2446,2472,2481,2916
"1158",140,853,40,602,1043,1264,1344,674,1261,1397
"1159",140,913,1063,1455,1397,853,465,513,114,1043
"1160",2229,2269,2162,2182,2202,2298,2360,1941,2214,2303
"1161",2214,2303,2365,2260,2268,2309,2312,2400,2757,2162
"1162",140,114,853,38,157,1447,119,118,1450,1539
"1163",119,1455,140,1392,1447,332,30,853,114,1541
"1164",189,332,375,411,173,101,218,258,203,1685
"1165",31,41,189,332,119,6,27,913,1063,30
"1166",1455,119,1392,1447,140,1541,1608,90,8,332
"1167",2052,2077,2281,2122,2148,2397,2365,2182,2162,2202
"1168",140,2661,46,55,119,2672,40,30,114,1127
"1169",140,114,853,38,157,118,119,1447,30,145
"1170",2661,140,2651,2742,2751,2686,2724,2695,2983,3002
"1171",2661,140,2077,2672,119,46,55,1904,1911,1953
"1172",2281,2077,2504,2052,119,2397,2413,2365,2477,2122
"1173",1699,2189,2232,2214,2303,2365,2802,1980,2016,2050
"1174",2439,2446,2472,2481,2156,2365,1796,2281,2026,2070
"1175",1541,1455,1397,913,1063,1132,465,513,473,1546
"1176",1447,1546,913,1063,140,1683,1397,465,513,586
"1177",119,1455,140,114,853,1382,332,1332,30,1189
"1178",1541,119,332,1455,1392,140,8,913,1063,1447
"1179",913,1063,1447,1546,46,55,140,586,617,647
"1180",2077,2052,2122,1876,1878,1959,2182,2236,2095,2162
"1181",140,1397,569,602,46,55,1043,1264,1344,40
"1182",140,40,46,55,157,21,85,53,42,50
"1183",2661,140,2651,2742,2751,2695,2680,2728,2983,3002
"1184",140,1447,114,853,157,38,118,119,913,1063
"1185",2052,2281,2413,2477,2252,2077,2160,2205,2439,2446
"1186",2763,2829,189,2682,2784,2702,2686,2724,332,2167
"1187",1455,1392,1541,1447,119,140,1608,8,1546,913
"1188",459,913,1063,501,875,806,1443,1377,574,625
"1189",119,332,30,140,38,1455,1392,138,192,199
"1190",1455,1392,1541,1447,8,119,46,55,1608,90
"1191",1546,1447,1683,1397,913,1063,465,513,1541,399
"1192",2365,2260,2268,2309,2312,2400,2358,2393,2214,2303
"1193",2077,2052,2122,1876,1878,1959,2236,2095,2182,2046
"1194",1397,569,399,46,55,465,513,1455,567,853
"1195",2477,332,2439,2446,2472,2481,2156,2397,2339,2351
"1196",1447,1546,140,913,1063,1683,1397,1455,465,513
"1197",2214,2303,1699,2365,1767,1738,2260,2268,2309,2312
"1198",2148,2182,2162,2202,2298,2360,2026,2070,2086,2134
"1199",1392,1541,1447,1455,1546,1382,1332,119,1749,1784
"1200",2122,2222,2236,2182,2095,2202,2298,2360,2281,2250
"1201",2260,2268,2309,2312,2400,2349,2380,2441,2202,2298
"1202",2365,2260,2268,2309,2312,2400,2077,2162,2397,2358
"1203",2477,2397,332,2339,2365,2916,2703,2439,2446,2472
"1204",2397,2365,2148,2343,2260,2268,2309,2312,2400,86
"1205",2148,2397,2365,2182,2162,2202,2298,2360,2343,2229
"1206",1447,1546,465,513,399,1628,1392,491,1685,1501
"1207",2083,2266,2041,2137,1972,2003,2219,2262,2347,2259
"1208",2148,2182,2162,2202,2298,2360,2229,2269,2077,2214
"1209",2077,2148,2052,2182,2162,2202,2298,2360,2122,2229
"1210",1967,2105,1699,2162,2214,2303,1866,2365,2077,1767
"1211",2052,2077,2122,1975,2148,1876,1878,1959,2236,2095
"1212",913,1063,1397,465,513,140,586,617,647,830
"1213",140,1447,114,853,913,1063,1546,157,38,118
"1214",1455,1392,1447,1541,119,140,8,46,55,1608
"1215",40,46,55,90,8,1455,53,19,21,42
"1216",2477,2365,2189,2232,2229,2269,2439,2446,2472,2481
"1217",2413,1904,1911,1953,2036,2077,1796,2661,2641,2802
"1218",140,1455,119,913,1063,40,114,46,55,90
"1219",1455,1541,1392,1447,8,46,55,1608,1546,90
"1220",2229,2269,2202,2298,2360,2214,2303,2148,2365,2162
"1221",31,41,119,332,189,30,34,76,51,38
"1222",2281,2077,2052,2397,2365,2122,2148,30,2504,2629
"1223",2182,2202,2298,2360,2260,2268,2309,2312,2400,2349
"1224",1975,1876,2052,1878,1959,1941,2046,2077,2000,140
"1225",2477,2397,2148,2365,332,2439,2446,2472,2481,2156
"1226",2365,2260,2268,2309,2312,2400,2358,2393,2214,2303
"1227",1416,1457,2001,914,1002,1864,1548,1593,86,1691
"1228",1455,1447,1392,1541,140,119,1546,46,55,913
"1229",868,2672,2682,503,553,570,587,636,2686,2724
"1230",1699,2365,2214,2303,1738,1767,2260,2268,2309,2312
"1231",399,1397,465,513,46,55,1191,569,19,67
"1232",399,40,46,55,140,602,1043,1264,1344,569
"1233",2148,2026,2070,2086,2134,2174,2189,2232,2182,2162
"1234",2365,2260,2268,2309,2312,2400,2214,2303,2358,2393
"1235",2281,2077,2052,2397,2629,2691,2365,38,2122,2148
"1236",2661,2651,2742,2751,140,119,2672,2983,3002,2695
"1237",694,40,5,49,46,55,484,679,753,459
"1238",913,1063,459,1447,586,617,647,830,970,988
"1239",119,1455,138,192,199,332,5,49,8,28
"1240",1455,1541,1392,1447,119,8,46,55,1608,332
"1241",2182,2202,2298,2360,2148,2162,2343,2229,2269,2260
"1242",1416,1457,1127,1146,1219,1343,1864,1057,1548,1593
"1243",1699,2214,2303,2365,1738,1767,1833,2802,1763,2260
"1244",2077,2222,2052,2122,2026,2070,2086,2134,2174,2189
"1245",119,2661,2672,2623,332,1904,1911,1953,2036,140
"1246",1397,1191,465,513,853,46,55,830,970,988
"1247",140,119,40,46,55,114,913,1063,90,8
"1248",1904,1911,1953,2036,2189,2232,1842,1852,1980,2016
"1249",972,1317,1337,1383,1451,1127,1146,1219,1343,67
"1250",1546,913,1063,1541,1447,1683,1397,67,465,513
"1251",332,1541,31,41,853,1546,203,189,1171,119
"1252",2504,2052,119,2281,2413,2623,2477,2077,2878,2880
"1253",2052,2281,2077,2397,2365,2122,1975,2148,2343,1876
"1254",2672,2686,2724,2684,2784,2682,3003,2661,2615,2665
"1255",2504,2281,119,2413,2052,2477,2252,2077,2623,2878
"1256",1904,1911,1953,2036,1842,1852,2713,2776,1796,2742
"1257",1546,1447,465,513,399,586,617,647,830,1171
"1258",2365,2439,2446,2472,2481,2156,2802,2260,2268,2309
"1259",2365,2260,2268,2309,2312,2400,2214,2303,2358,2393
"1260",2477,332,2351,2397,2003,2219,2262,2301,2439,2446
"1261",2077,2052,2122,1876,1878,1959,2236,2095,2182,2162
"1262",1576,1655,1443,1416,1457,1686,1548,1593,1691,923
"1263",1455,1447,1392,1541,140,119,1382,1189,1332,853
"1264",1455,119,1382,140,1332,1189,8,1236,46,55
"1265",1455,140,119,1382,1332,913,1063,853,1397,1043
"1266",2148,2052,2182,2162,2202,2298,2360,2229,2269,1941
"1267",2229,2269,2214,2303,2365,2189,2232,2260,2268,2309
"1268",1397,465,513,399,913,1063,1191,1455,586,617
"1269",2229,2269,2214,2303,2365,2189,2232,2202,2298,2360
"1270",2162,2148,2229,2269,2182,2365,2202,2298,2360,2397
"1271",140,853,114,1447,157,1450,1539,1570,1304,38
"1272",1127,1146,1219,1343,1416,1457,1057,1864,1200,1262
"1273",119,140,1455,1392,1447,114,90,30,1541,332
"1274",1127,1146,1219,1343,1416,1457,1057,1200,1262,1378
"1275",2026,2070,2086,2134,2174,2189,2232,2477,2072,1967
"1276",2504,2413,119,2252,2623,2802,2052,2878,2880,2894
"1277",140,119,114,157,332,46,55,503,553,570
"1278",2281,2077,2052,2397,2365,2122,2148,2343,2260,2268
"1279",2365,2077,2439,2446,2472,2481,2281,2156,2802,2026
"1280",2077,2281,2397,2365,2052,2122,1876,1878,1959,2260
"1281",2052,2077,2122,1975,2148,1876,1878,1959,2236,2095
"1282",2077,2052,2122,1876,1878,1959,2236,2095,2182,2046
"1283",1447,140,913,1063,46,55,1546,40,1455,114
"1284",2077,2052,2222,2122,2026,2070,2086,2134,2174,2148
"1285",2052,2077,2222,2122,2026,2070,2086,2134,2174,2189
"1286",913,1063,1397,465,513,1455,46,55,399,586
"1287",399,794,46,55,449,447,1397,569,44,465
"1288",2397,2365,2148,2343,2260,2268,2309,2312,2400,2349
"1289",2477,2504,2281,119,2413,332,2252,2077,2397,2439
"1290",2281,2077,2397,2365,2052,2122,2343,1876,1878,1959
"1291",2077,2052,2122,2148,2236,2182,2095,2162,2046,2202
"1292",2735,2802,2713,2776,2655,2413,2670,2668,2669,2236
"1293",2026,2070,2086,2134,2174,2148,2189,2232,2162,2072
"1294",1447,1546,1392,853,465,513,491,1501,399,586
"1295",1455,1541,1392,1447,119,8,1608,140,46,55
"1296",46,55,19,67,40,8,140,53,96,2672
"1297",1541,1546,46,55,913,1063,8,1447,1683,19
