"","V1","V2","V3","V4","V5","V6","V7","V8","V9","V10"
"1",186,2855,875,3009,731,950,2784,580,656,657
"2",2855,3009,2784,3010,2706,2630,2781,3008,2550,2932
"3",24,25,26,27,97,98,99,100,101,102
"4",2784,2859,2781,2862,2939,3015,2863,2936,3006,2870
"5",108,109,176,177,178,179,184,185,186,253
"6",109,185,186,255,580,656,657,731,807,875
"7",1,2,3,4,5,6,7,18,19,20
"8",109,185,186,580,656,657,729,731,807,875
"9",1027,1185,1186,1187,1188,1259,1260,1261,1263,1264
"10",731,2784,185,272,805,1170,580,656,657,184
"11",97,98,101,109,173,174,175,176,177,178
"12",2784,3009,2855,3010,2781,2706,2550,2859,2932,2630
"13",2784,3009,2706,2855,3010,2859,2630,2780,2781,2932
"14",2784,3009,2859,3010,2781,2706,2783,2932,2939,3015
"15",25,26,27,31,32,97,98,99,101,102
"16",2784,272,195,196,2947,2948,2949,2950,2951,2952
"17",1,2,3,4,5,6,7,8,9,10
"18",1481,1572,1573,1708,1709,1725,1726,1787,1788,1789
"19",2784,2862,3006,2938,2863,2939,3015,2859,2633,2780
"20",1481,1572,1708,1725,1726,1788,1789,1863,2258,2259
"21",1788,2552,2633,2703,2705,2780,2784,2861,2862,2863
"22",25,26,27,50,51,101,102,103,109,177
"23",18,19,20,21,22,23,24,25,26,27
"24",101,109,177,178,179,185,186,253,254,255
"25",31,32,97,98,99,101,108,109,113,173
"26",2784,2859,2781,3009,2935,2862,2863,3010,2936,2939
"27",2855,2784,3009,2630,2859,2706,2932,195,2781,3010
"28",21,22,23,24,25,26,27,31,32,51
"29",2784,2859,2706,3009,2781,2783,3010,2855,2932,2630
"30",2633,2784,2938,3006,2862,2939,3015,2863,3014,2780
"31",2784,3009,2859,3010,2781,2706,2939,3015,2863,2862
"32",2784,2633,2862,2939,3015,2938,2863,2870,2871,2872
"33",2855,3009,2784,3010,2781,2706,2550,2630,2779,2859
"34",1788,2780,2784,2705,2552,2706,2630,2862,3006,3009
"35",11,12,13,14,15,16,17,18,19,20
"36",1481,1725,1726,1788,1789,2552,2627,2633,2703,2705
"37",1,2,3,4,5,6,7,8,9,10
"38",1,2,3,4,5,6,7,8,9,10
"39",21,22,23,24,25,26,27,31,32,51
"40",1027,1186,1187,1263,1334,1481,1482,1483,1485,1496
"41",1,2,3,4,5,6,7,8,9,10
"42",2784,2855,2859,186,3006,3009,2706,2781,2862,2863
"43",21,22,23,24,25,26,27,50,51,97
"44",2784,3006,2870,2871,2872,2873,2874,2875,2876,2877
"45",1027,1185,1186,1187,1188,1263,1264,1334,1481,1482
"46",186,731,875,580,656,657,1170,950,1405,951
"47",2855,3009,2784,3010,2630,2706,2550,2781,2932,3008
"48",2855,3009,2784,3010,2706,2630,2781,195,2932,2550
"49",2855,3009,2784,3010,2781,2550,2932,2630,2706,3008
"50",2784,1788,2780,2862,2863,3006,2938,2861,2939,3015
"51",18,19,20,21,22,23,24,25,26,27
"52",24,25,26,27,97,98,99,100,101,102
"53",2784,3009,2781,2859,3010,2935,2706,2936,2550,2932
"54",2784,2870,2871,2872,2873,2874,2875,2876,2877,3006
"55",20,21,22,23,24,25,26,27,31,32
"56",2784,731,272,805,493,736,875,580,656,657
"57",2784,2947,2948,2949,2950,2951,2952,2953,2954,2955
"58",21,22,23,24,25,26,27,31,32,50
"59",2784,2939,3015,2862,2859,2863,2870,2871,2872,2873
"60",2784,2859,2935,2791,2639,2640,2641,2715,2870,2871
"61",25,26,27,31,32,97,98,99,101,102
"62",2633,2784,2862,2938,3006,2939,3015,2863,2705,3014
"63",2784,2859,2855,3009,2781,2935,3010,2932,2936,2550
"64",1788,2633,2705,2780,2784,2862,2938,3006,2863,2939
"65",1788,2552,2705,2784,2703,3006,2862,2780,2627,2633
"66",2784,272,2947,2948,2949,2950,2951,2952,2953,2954
"67",2784,3009,3010,2781,2859,3008,2706,2935,2932,3011
"68",2784,2862,2863,2938,2939,3006,3015,3014,2633,2861
"69",21,22,23,24,25,26,27,31,32,33
"70",186,580,656,657,731,875,950,1170,1405,255
"71",97,98,108,109,173,174,175,176,177,178
"72",24,25,26,27,50,51,100,101,102,103
"73",2784,2855,2859,3009,2630,195,2932,109,2706,2781
"74",2630,2706,2855,3009,2932,3010,2550,2781,3008,2782
"75",1,2,3,4,5,6,7,8,9,10
"76",2784,2862,2863,2938,2939,3015,3006,2870,2871,2872
"77",21,22,23,24,25,26,27,31,32,33
"78",1481,1482,1557,1572,1573,1649,1708,1709,1713,1725
"79",101,109,177,178,179,185,186,253,254,255
"80",2784,2859,2939,3015,2947,2948,2949,2950,2951,2952
"81",2784,3009,3010,2855,2781,2706,2859,2932,3008,2630
"82",2784,3009,2855,3010,2781,2550,3008,2706,2932,2630
"83",2784,2859,2781,2939,3015,2862,2863,2870,2871,2872
"84",1481,1725,1726,1788,2390,2552,2627,2633,2703,2705
"85",20,21,22,23,24,25,26,27,31,32
"86",2784,2855,3009,3010,2781,2706,2932,2630,2550,2859
"87",2784,1788,731,2859,1170,875,186,3006,2862,580
"88",1481,1482,1557,1558,1559,1572,1573,1648,1649,1708
"89",3009,2855,3010,2784,2781,2706,3008,2630,2550,2932
"90",1,2,3,4,5,6,7,8,9,10
"91",2784,2859,3006,2862,2939,3015,2863,2706,2938,2781
"92",21,22,23,24,25,26,27,31,32,97
"93",1788,2552,2703,2705,2780,2784,2862,1481,2633,3006
"94",1,2,3,4,5,6,7,18,19,20
"95",1,2,3,4,5,6,7,11,12,13
"96",2784,3009,2859,3010,2781,2706,2855,2935,2550,2783
"97",1,2,3,4,5,6,7,8,9,10
"98",2784,2859,2939,3015,2862,2781,2863,2870,2871,2872
"99",2784,2859,2862,2939,3015,2863,2938,2781,3006,2861
"100",1,2,3,4,5,6,7,18,19,20
"101",2855,3009,2784,2630,2932,2706,3010,2550,2781,195
"102",18,19,20,21,22,23,24,25,26,27
"103",21,22,23,24,25,26,27,31,32,33
"104",1,2,3,4,5,6,7,11,12,13
"105",21,22,23,24,25,26,27,50,51,54
"106",1481,1788,1789,2552,2633,2635,2703,2705,2780,2784
"107",2784,2859,2855,2706,109,2781,2630,185,184,3006
"108",1,2,3,4,5,6,7,11,12,13
"109",1481,1482,1557,1558,1559,1572,1573,1648,1649,1708
"110",24,25,26,27,31,32,97,98,99,100
"111",2784,2862,2939,3015,2938,2863,3006,2861,3014,2633
"112",1023,1027,1095,1103,1111,1112,1113,1170,1172,1184
"113",1,2,3,4,5,6,7,8,9,10
"114",2784,2855,3009,2630,2859,195,2932,2706,2781,109
"115",2784,2855,3009,3010,2781,2932,2630,2550,2706,3008
"116",186,875,1788,1703,50,1628,1170,1704,1245,1627
"117",2784,3009,2855,2781,3010,2932,2550,2706,2630,2859
"118",2633,2705,2784,2861,2862,2863,2938,2939,3006,3014
"119",2784,3009,2781,3010,2859,2550,2935,2706,176,2932
"120",1027,1186,1187,1188,1263,1264,1334,1481,1482,1483
"121",2784,2855,3009,3010,2781,2550,2630,2706,2932,3008
"122",1,2,3,4,5,6,7,8,9,10
"123",2784,2855,3009,2630,2932,3010,2706,2781,2550,2859
"124",1027,1185,1186,1187,1188,1259,1260,1261,1263,1264
"125",2784,3009,2855,3010,2781,2859,2706,2932,2630,2550
"126",2784,3009,2859,3010,2706,2781,2855,2630,2932,2783
"127",1,2,3,4,5,6,7,8,9,10
"128",21,22,23,24,25,26,27,31,32,97
"129",2855,2784,3009,2630,2780,1788,2706,3010,2779,2552
"130",2784,3009,2859,2781,3010,2939,3015,2862,2863,2936
"131",2784,3009,3010,2781,2855,2706,2932,2859,3008,2630
"132",21,22,23,24,25,26,27,50,51,52
"133",2855,3009,2784,2630,2706,3010,195,2550,2932,2781
"134",1,2,3,4,5,6,7,8,9,10
"135",1,2,3,4,5,6,7,8,9,10
"136",1,2,3,4,5,6,7,8,9,10
"137",21,22,23,24,25,26,27,31,32,33
"138",1027,1334,1481,1482,1483,1485,1496,1557,1558,1559
"139",1,2,3,4,5,6,7,11,12,13
"140",2784,3009,3010,2781,2859,2706,2932,2855,2630,3008
"141",25,26,27,50,51,101,102,103,109,177
"142",2855,3009,2784,2630,3010,2706,2781,2932,2550,3008
"143",2784,3009,2859,2781,3010,2935,2936,2706,2863,2862
"144",3009,2855,2784,3010,2781,2550,2706,2779,2932,3008
"145",21,22,23,24,25,26,27,31,32,33
"146",21,22,23,24,25,26,27,31,32,51
"147",2784,3009,3010,2781,2859,2935,2550,2936,3011,2706
"148",2784,272,2855,2859,499,2706,2319,2839,2932,2781
"149",2855,3009,2784,3010,2550,2781,2932,2630,2706,3008
"150",21,22,23,24,25,26,27,31,32,50
"151",21,22,23,24,25,26,27,31,32,51
"152",1,2,3,4,5,6,7,8,9,10
"153",21,22,23,24,25,26,27,31,32,33
"154",2784,3009,2781,3010,2859,2935,2550,3011,2936,2932
"155",2784,2855,3009,3010,2781,2932,2706,2550,2630,3008
"156",1,2,3,4,5,6,7,10,11,12
"157",1,2,3,4,5,6,7,10,11,12
"158",1,2,3,4,5,6,7,8,9,10
"159",1,2,3,4,5,6,7,8,9,10
"160",2784,3009,2855,3010,2781,2859,2550,2935,2779,2932
"161",21,22,23,24,25,26,27,31,32,33
"162",2855,3009,2784,2630,2706,2932,2550,3010,2781,2782
"163",21,22,23,24,25,26,27,31,32,33
"164",1,2,3,4,5,6,7,18,19,20
"165",1,2,3,4,5,6,7,8,9,10
"166",2784,2859,3009,2935,2781,3010,2936,2791,2870,2871
"167",101,109,176,177,178,179,185,186,253,254
"168",1027,1185,1186,1187,1188,1263,1264,1334,1481,1482
"169",1481,1482,1557,1572,1573,1708,1709,1725,1726,1786
"170",1,2,3,4,5,6,7,11,12,13
"171",2784,2947,2948,2949,2950,2951,2952,2953,2954,2955
"172",1,2,3,4,5,6,7,18,19,20
"173",2784,3009,2855,3010,2706,2781,2630,2859,2932,3008
"174",1,2,3,4,5,6,7,18,19,20
"175",2784,2855,3009,2550,2781,2859,2630,116,2779,3010
"176",2784,2862,2938,2939,3015,2863,3006,2870,2871,2872
"177",580,656,657,731,805,807,729,185,950,186
"178",25,27,50,51,101,103,177,178,179,186
"179",31,32,97,98,99,108,109,113,173,174
"180",21,22,23,24,25,26,27,31,32,97
"181",21,22,23,24,25,26,27,32,50,51
"182",1027,1170,1185,1186,1187,1188,1259,1260,1261,1263
"183",2784,3009,2781,3010,2550,2932,2706,2630,2859,3008
"184",11,12,13,14,15,16,17,18,19,20
"185",20,21,22,23,24,25,26,27,31,32
"186",2784,3009,2855,2781,2859,2550,3010,2630,2932,2706
"187",2784,2855,3009,3010,2781,2706,2630,2550,2932,2859
"188",2784,3009,3010,2781,2855,2550,3008,2706,2859,2935
"189",1027,1185,1186,1187,1188,1259,1263,1264,1333,1334
"190",2784,2855,3009,2630,2932,2706,195,3010,2550,2781
"191",21,22,23,24,25,26,27,31,32,33
"192",1,2,3,4,5,6,7,8,9,10
"193",21,22,23,24,25,26,27,31,32,52
"194",2855,3009,2630,2784,3010,2550,2779,2706,2932,195
"195",1027,1170,1185,1186,1187,1188,1259,1260,1263,1264
"196",2784,2862,2863,2939,3015,2938,3006,1788,2861,3014
"197",2855,3009,3010,2784,2550,2779,2630,2706,2781,195
"198",2784,3009,2859,2781,3010,2935,2855,2706,2936,2932
"199",2784,2862,2939,3015,2863,2938,2870,2871,2872,2873
"200",1788,2784,2862,2863,2938,2939,3006,3015,3014,2861
"201",2855,3009,2784,3010,2550,2781,2932,2630,2706,3008
"202",1027,1185,1186,1187,1188,1263,1264,1334,1481,1482
"203",272,731,805,2784,185,803,729,184,876,1415
"204",1,2,3,4,5,6,7,8,9,10
"205",2855,3009,3010,3008,2781,2550,2706,2784,2630,2779
"206",1027,1185,1186,1187,1188,1263,1264,1334,1481,1482
"207",2784,3009,2859,2781,3010,2855,2706,2932,2630,2783
"208",1,2,3,4,5,6,7,8,9,10
"209",2784,2859,3006,2939,3015,2706,2862,2863,2938,2781
"210",2784,2870,2871,2872,2873,2874,2875,2876,2877,2859
"211",2784,2862,2938,3006,2939,3015,2863,2633,3014,2705
"212",24,25,26,27,31,32,97,98,99,100
"213",2784,2859,2706,2781,3006,2936,2855,2630,2783,3009
"214",1,2,3,4,5,6,7,8,9,10
"215",2855,3009,3010,2784,2630,2706,2781,2932,2550,3008
"216",2784,2855,2859,2706,2932,2781,184,2630,109,185
"217",2784,2862,2859,2939,3015,2863,2938,3006,2937,2861
"218",1,2,3,4,5,6,7,10,11,12
"219",2855,3009,2784,2630,2550,2932,195,3010,2706,2781
"220",2784,2859,2630,2935,2855,2781,3009,2706,2932,3006
"221",21,22,23,24,25,26,27,31,32,33
"222",25,26,27,101,102,103,109,176,177,178
"223",2784,2855,3009,3010,2781,2550,2932,2630,2706,2859
"224",21,22,23,24,25,26,27,31,32,33
"225",2784,2859,2939,3015,2862,2863,2938,2947,2948,2949
"226",2784,2859,2947,2948,2949,2950,2951,2952,2953,2954
"227",2784,2855,3009,3010,2781,2706,3008,2550,2932,2630
"228",1,2,3,4,5,6,7,8,9,10
"229",2784,3009,3010,2781,2859,2706,2935,580,656,657
"230",108,109,176,177,178,184,185,186,252,253
"231",3009,3010,2784,2781,3008,2855,2550,2706,3011,2859
"232",2784,2947,2948,2949,2950,2951,2952,2953,2954,2955
"233",2784,3006,2633,2705,2862,2938,1788,2703,2863,2939
"234",2784,3009,2859,3010,2781,2862,2706,2863,2939,3015
"235",2784,2862,2939,3015,2863,2938,2859,3006,2861,2633
"236",1481,1482,1483,1485,1557,1558,1559,1572,1573,1648
"237",1027,1185,1186,1187,1188,1259,1263,1264,1333,1334
"238",1027,1170,1185,1186,1187,1188,1259,1260,1261,1263
"239",1,2,3,4,5,6,7,8,9,10
"240",1,2,3,4,5,6,7,10,11,12
"241",1481,1482,1483,1557,1558,1559,1572,1573,1648,1649
"242",2784,2859,2870,2871,2872,2873,2874,2875,2876,2877
"243",2784,2859,2855,2781,2947,2948,2949,2950,2951,2952
"244",21,22,23,24,25,26,27,32,50,51
"245",272,736,2855,731,493,188,805,734,735,876
"246",1481,1725,1726,1788,1789,2390,2552,2627,2628,2633
"247",11,12,13,14,15,16,17,18,19,20
"248",18,19,20,21,22,23,24,25,26,27
"249",186,731,875,1788,255,109,2780,1405,2705,580
"250",1027,1185,1186,1187,1188,1259,1260,1263,1264,1326
"251",3009,2855,2784,3010,2781,2932,3008,2706,2550,2630
"252",1,2,3,4,5,6,7,8,9,10
"253",21,22,23,24,25,26,27,31,32,33
"254",2784,3009,2855,3010,2781,2550,2859,2706,2932,2935
"255",2855,3009,2784,2630,3010,2706,2779,2781,195,3008
"256",1,2,3,4,5,6,7,11,12,13
"257",2784,2862,2863,2939,3015,2938,2859,2861,3006,2937
"258",2855,3009,3010,2784,2781,2706,3008,2550,2630,2779
"259",20,21,22,23,24,25,26,27,31,32
"260",2784,3009,2855,3010,2781,2706,3008,2550,2932,2859
"261",1788,2784,2862,2863,2938,2939,3006,3015,3014,2861
"262",2784,3009,3010,2855,2781,2550,2706,2859,3008,2932
"263",1334,1481,1482,1483,1557,1558,1559,1564,1572,1573
"264",109,176,177,178,185,186,253,254,255,277
"265",2784,3009,2855,2781,3010,2859,2706,2550,2630,2932
"266",2784,2870,2871,2872,2873,2874,2875,2876,2877,2862
"267",21,22,23,24,25,26,27,31,32,33
"268",26,27,31,32,97,98,101,102,103,108
"269",2784,2859,2781,2939,3015,2862,2863,2936,2870,2871
"270",1027,1185,1186,1187,1188,1259,1260,1263,1264,1333
"271",21,22,23,24,25,26,27,50,51,52
"272",21,22,23,24,25,26,27,31,32,97
"273",2784,2855,3009,3010,2781,2706,3008,2932,2630,2550
"274",186,2855,3009,3010,2784,2706,875,2932,2781,344
"275",1023,1027,1028,1113,1170,1172,1184,1185,1186,1187
"276",1027,1170,1184,1185,1186,1187,1188,1203,1259,1260
"277",25,26,27,97,98,101,102,103,109,173
"278",2855,2784,3009,2630,2706,272,2932,344,3010,186
"279",2784,3009,3010,2859,2781,2706,2855,2935,3008,2783
"280",2706,2781,2784,2855,2932,3009,3010,2630,3008,2550
"281",21,22,23,24,25,26,27,50,51,52
"282",18,19,20,21,22,23,24,25,26,27
"283",2784,2855,3009,2630,2932,2706,195,2782,2550,2859
"284",2550,2630,2706,2781,2855,2932,3008,3009,3010,2784
"285",18,19,21,22,23,24,25,26,27,32
"286",2784,3009,2855,3010,2779,2550,2935,2781,2706,2859
"287",2784,3009,2781,3010,2859,2935,2863,2939,3015,2706
"288",25,26,27,101,102,103,109,176,177,178
"289",1481,1708,1725,1726,1788,1789,2332,2390,2552,2627
"290",1027,1028,1113,1170,1172,1184,1185,1186,1187,1188
"291",2855,3009,3010,2706,2630,3008,2784,2932,2781,2550
"292",2784,3009,3010,2781,2855,2550,2706,2859,3008,2932
"293",2784,3009,3010,2781,2859,2706,3008,2932,2783,2935
"294",1027,1184,1185,1186,1187,1188,1203,1259,1260,1261
"295",3009,3010,2784,186,2781,2855,3008,580,656,657
"296",2784,2862,2863,2938,2939,3015,2780,1788,3006,2861
"297",1027,1185,1186,1187,1188,1263,1264,1334,1481,1482
"298",1,2,3,4,5,6,7,8,9,10
"299",2855,3009,3010,2630,2784,2706,2932,2550,2781,3008
"300",21,22,23,24,25,26,27,32,97,98
"301",2784,2862,2863,2938,2939,3015,2861,3014,3006,2937
"302",1788,2552,2633,2705,2780,2784,2861,2862,2863,2933
"303",21,22,23,24,25,26,27,31,32,33
"304",1,2,3,4,5,6,7,11,12,13
"305",21,22,23,24,25,26,27,97,98,99
"306",2855,3009,3010,2630,2706,3008,2781,2932,2550,2779
"307",2784,2855,3009,2932,2781,2550,2630,3010,2706,2859
"308",1,2,3,4,5,6,7,8,9,10
"309",1,2,3,4,5,6,7,8,9,10
"310",2784,2862,2938,2939,3015,2863,3006,3014,2861,1788
"311",1027,1113,1170,1172,1184,1185,1186,1187,1188,1190
"312",1,2,3,4,5,6,7,8,9,10
"313",2784,2855,3009,2630,2706,2932,3010,2781,2859,3008
"314",21,22,23,24,25,26,27,31,32,51
"315",18,19,20,21,22,23,24,25,26,27
"316",2784,2855,3009,3010,2781,2706,2550,3008,2932,2630
"317",1788,2552,2633,2703,2705,2780,2784,2861,2862,2863
"318",2855,3009,3010,2550,3008,2781,2706,2779,2630,2932
"319",2784,2855,3009,3010,2781,2706,3008,2932,2550,2859
"320",1,2,3,4,5,6,7,8,9,10
"321",1481,1725,1726,1788,1789,1863,2181,2258,2259,2332
"322",1481,1482,1557,1572,1573,1649,1708,1709,1725,1726
"323",1788,2705,2784,2862,2938,2863,2633,2552,3006,2939
"324",1,2,3,4,5,6,7,8,9,10
"325",2784,2862,2938,2863,2939,3015,3006,2780,2861,2859
"326",1481,1572,1708,1725,1726,1788,1789,1863,2181,2258
"327",1334,1481,1482,1483,1557,1558,1559,1564,1572,1573
"328",1481,1572,1708,1725,1726,1788,1789,1863,2181,2256
"329",2784,2859,2862,2939,3015,2863,2938,2781,2706,2861
"330",1,2,3,4,5,6,7,8,9,10
"331",1,2,3,4,5,6,7,8,9,10
"332",185,272,580,656,657,731,805,109,2784,807
"333",2855,3009,3010,2784,2781,2550,2932,2706,2630,3008
"334",3009,2784,2855,3010,2706,2859,2781,3008,2630,2935
"335",2784,2855,3009,3010,2781,2550,2932,3008,2706,2630
"336",2855,3009,3010,2784,2706,2781,2630,3008,2932,2550
"337",18,19,20,21,22,23,24,25,26,27
"338",2784,3009,3010,2706,3008,2781,2780,2630,2935,2859
"339",21,22,23,24,25,26,27,50,51,52
"340",1,2,3,4,5,6,7,11,12,13
"341",1027,1185,1186,1187,1188,1203,1259,1260,1261,1263
"342",186,580,656,657,731,1170,185,805,875,493
"343",2784,2862,2939,3015,2863,2938,2859,2861,3006,2937
"344",1,2,3,4,5,6,7,8,9,10
"345",2855,3009,3010,2784,2706,2630,2781,2932,3008,2550
"346",10,11,12,13,14,15,16,17,18,19
"347",2855,3009,3010,2706,2630,2784,2781,2932,3008,2550
"348",18,19,20,21,22,23,24,25,26,27
"349",24,25,26,27,97,98,99,100,101,102
"350",2784,2859,3009,2939,3015,2862,2863,2781,3010,2938
"351",2784,3006,2705,2552,2859,1481,2778,2633,2703,2630
"352",2784,3009,3010,2781,2859,2550,2706,2935,3008,2855
"353",2855,3009,2784,3010,2630,2706,2781,2932,2550,2782
"354",2855,3009,2784,3010,2781,2706,2932,2630,3008,2550
"355",2855,3009,2784,3010,2550,2932,2630,2781,2706,195
"356",21,22,23,24,25,26,27,31,32,33
"357",1,2,3,4,5,6,7,8,9,10
"358",2784,3006,2859,2870,2871,2872,2873,2874,2875,2876
"359",2855,2784,3009,2630,2932,2706,2550,195,2781,3010
"360",1481,1788,2552,2627,2633,2635,2703,2705,2780,2784
"361",2784,2859,2947,2948,2949,2950,2951,2952,2953,2954
"362",24,25,26,27,97,98,99,100,101,102
"363",1,2,3,4,5,6,7,8,9,10
"364",1,2,3,4,5,6,7,8,9,10
"365",24,25,26,27,50,51,100,101,102,103
"366",186,1788,875,731,255,1170,1405,950,580,656
"367",2784,2862,2939,3015,2863,2859,2938,2861,3006,2937
"368",2781,2784,3009,3010,2706,3008,2859,2932,2855,2630
"369",1,2,3,4,5,6,7,8,9,10
"370",1,2,3,4,5,6,7,8,9,10
"371",1,2,3,4,5,6,7,8,9,10
"372",1023,1027,1028,1104,1111,1112,1113,1170,1172,1184
"373",2784,3009,3010,2781,2855,2859,2550,2706,2932,2630
"374",2855,3009,2784,2630,2706,2550,2932,3010,2781,195
"375",2784,3006,2862,2780,2938,2863,2939,3015,2859,2706
"376",1,2,3,4,5,6,7,8,9,10
"377",1,2,3,4,5,6,7,8,9,10
"378",2784,2855,2859,3009,2781,2706,2630,3010,2932,2935
"379",2784,3009,3010,2781,2859,2706,3008,2855,2932,2630
"380",2855,2784,3009,2630,2932,2706,2781,3010,2550,2782
"381",2855,3009,3010,2784,2550,2706,2932,195,2781,2779
"382",1,2,3,4,5,6,7,18,19,20
"383",2784,2855,3009,3010,2781,3008,2706,2550,2932,2859
"384",1,2,3,4,5,6,7,8,9,10
"385",2784,2870,2871,2872,2873,2874,2875,2876,2877,3025
"386",2784,2855,3009,3010,2781,2932,2706,2550,2630,195
"387",21,22,23,24,25,26,27,50,51,52
"388",1334,1481,1482,1559,1572,1573,1708,1709,1725,1726
"389",1,2,3,4,5,6,7,10,11,12
"390",1481,1572,1573,1708,1709,1725,1726,1788,1789,1863
"391",1,2,3,4,5,6,7,8,9,10
"392",2784,2855,3009,2550,2932,2630,2781,2706,3010,2782
"393",1481,1788,1789,2551,2552,2627,2628,2633,2635,2703
"394",1,2,3,4,5,6,7,18,19,20
"395",21,22,23,24,25,26,27,31,32,33
"396",18,19,20,21,22,23,24,25,26,27
"397",2784,272,731,185,805,2939,3015,2862,2870,2871
"398",1,2,3,4,5,6,7,8,9,10
"399",2855,3009,2784,2630,195,2932,3010,2706,2550,2781
"400",21,22,23,24,25,26,27,31,32,33
"401",2855,3009,2784,2630,2706,2932,3010,2781,2550,3008
"402",1,2,3,4,5,6,7,11,12,13
"403",2784,2859,3009,2781,3010,2935,2936,2863,2862,2939
"404",2784,2939,3015,2870,2871,2872,2873,2874,2875,2876
"405",2784,2855,3009,3010,2781,2932,2550,3008,2706,2630
"406",1027,1185,1186,1187,1188,1259,1263,1264,1334,1336
"407",1,2,3,4,5,6,7,18,19,20
"408",2784,2855,3009,2706,3010,2932,2630,2781,2859,272
"409",2784,2855,3009,2932,2859,2630,2781,2706,195,3010
"410",2784,2855,3009,3010,2781,3008,2550,2706,2932,2630
"411",2784,2859,2862,2939,3015,2863,2781,2938,2870,2871
"412",1,2,3,4,5,6,7,18,19,20
"413",2855,3009,3010,2706,2781,2932,2630,2784,3008,2782
"414",1,2,3,4,5,6,7,8,9,10
"415",184,185,272,729,731,736,803,805,2784,876
"416",2784,2862,3006,2705,2938,2633,2863,2939,3015,3014
"417",1,2,3,4,5,6,7,8,9,10
"418",2781,2784,3009,3010,2859,2932,2706,3008,2935,2630
"419",101,109,177,178,185,186,253,254,255,494
"420",2784,2859,2862,2863,3006,2939,3015,2780,2935,3009
"421",1,2,3,4,5,6,7,10,11,12
"422",2784,2855,3009,2859,2781,3010,2706,2932,2630,2782
"423",1,2,3,4,5,6,7,8,9,10
"424",1,2,3,4,5,6,7,10,11,12
"425",1481,1482,1557,1572,1573,1649,1708,1709,1725,1726
"426",2784,2870,2871,2872,2873,2874,2875,2876,2877,2792
"427",1027,1185,1186,1187,1188,1259,1260,1261,1263,1264
"428",2855,3009,2784,3010,2706,2630,2781,3008,2932,2550
"429",1,2,3,4,5,6,7,8,9,10
"430",2784,2855,3009,2859,2781,2706,2932,3010,2630,2782
"431",21,22,23,24,25,26,27,31,32,33
"432",2855,2784,3009,2630,2932,2706,3010,2781,344,186
"433",21,22,23,24,25,26,27,31,32,50
"434",2784,3009,3010,2855,2781,2550,2706,2859,3008,2932
"435",2855,3009,2784,3010,2706,2630,2781,2932,2550,2859
"436",2855,3009,2550,2779,3010,2781,2630,2706,2932,3008
"437",2855,3009,2784,3010,2706,2781,3008,2630,2932,2859
"438",2784,2862,2939,3015,2863,2938,2859,2861,2937,3014
"439",1,2,3,4,5,6,7,8,9,10
"440",1,2,3,4,5,6,7,11,12,13
"441",1027,1028,1113,1170,1172,1184,1185,1186,1187,1188
"442",2784,3009,3010,2781,2855,2706,2859,3008,2932,2550
"443",1027,1170,1185,1186,1187,1188,1259,1260,1261,1263
"444",1,2,3,4,5,6,7,8,9,10
"445",2855,3009,3010,2630,2706,2781,2550,3008,2932,2779
"446",1481,1788,1789,2552,2627,2633,2635,2703,2704,2705
"447",1,2,3,4,5,6,7,8,9,10
"448",21,22,23,24,25,26,27,31,32,33
"449",2784,2862,2938,2939,3015,2863,3006,2861,3014,2633
"450",1334,1481,1482,1483,1557,1558,1559,1564,1572,1573
"451",1027,1185,1186,1187,1188,1263,1264,1334,1411,1481
"452",1,2,3,4,5,6,7,10,11,12
"453",21,22,23,24,25,26,27,31,32,97
"454",2784,2862,2939,3015,2863,2938,2859,2861,3006,2937
"455",2784,2859,2781,3009,2855,2936,2935,3010,2706,2791
"456",21,22,23,24,25,26,27,31,32,52
"457",2784,2855,3009,2932,2781,3010,2706,2630,2859,2550
"458",1027,1170,1172,1184,1185,1186,1187,1188,1259,1260
"459",3009,2784,2855,3010,2781,2706,2932,2550,2630,3008
"460",2855,3009,2784,2630,2932,195,3010,2706,2550,2781
"461",2784,2855,3009,3010,2781,2550,2932,2706,2630,2782
"462",2784,2859,2862,3006,2939,3015,2938,2863,2947,2948
"463",1481,1788,1789,2319,2552,2630,2703,2705,2780,1726
"464",2784,2862,2863,2938,2939,3015,3006,2870,2871,2872
"465",2784,3009,186,2855,1788,3010,2706,875,2630,731
"466",1027,1334,1481,1482,1483,1485,1496,1557,1558,1559
"467",1,2,3,4,5,6,7,8,9,10
"468",1023,1027,1103,1104,1111,1112,1113,1170,1172,1184
"469",1481,1572,1573,1708,1709,1725,1726,1788,1789,1863
"470",1023,1027,1028,1104,1111,1112,1113,1172,1184,1185
"471",2784,2859,3009,2862,2939,3015,2863,2781,3010,2937
"472",2784,2859,3009,2862,2939,3015,2863,2706,3010,2781
"473",2784,3009,3010,2781,2859,2706,2932,3008,2935,2855
"474",21,22,23,24,25,26,27,32,50,51
"475",2784,2859,2862,2939,3015,2863,3006,2938,2781,2706
"476",2784,2861,2862,2863,2937,2938,2939,3006,3014,3015
"477",2784,3009,3010,2855,2781,2550,3008,196,2706,2859
"478",2855,3009,3010,2784,3008,2706,2779,2781,2550,2630
"479",2784,2855,2630,3009,2932,2706,2781,2859,3010,2782
"480",2784,2935,2552,2862,2859,2863,3006,1788,2780,2939
"481",2784,2855,3009,2859,2781,2630,2550,2706,2932,2782
"482",1,2,3,4,5,6,7,8,9,10
"483",21,22,23,24,25,26,27,31,32,33
"484",2784,2855,3009,2630,2706,2932,2859,195,3010,2781
"485",1,2,3,4,5,6,7,8,9,10
"486",2784,2855,3009,3010,2706,2630,2781,2932,3008,2550
"487",1,2,3,4,5,6,7,8,9,10
"488",1788,2552,2633,2635,2703,2705,2780,2784,2861,2862
"489",18,19,20,21,22,23,24,25,26,27
"490",1481,1572,1573,1708,1709,1725,1726,1784,1786,1788
"491",97,98,99,101,108,109,113,173,174,175
"492",1,2,3,4,5,6,7,8,9,10
"493",2784,3009,2859,2781,3010,2935,2936,2706,2550,2932
"494",1334,1481,1482,1483,1485,1557,1558,1559,1564,1572
"495",2784,2859,3009,2781,3010,2862,2935,2863,2939,3015
"496",2784,2855,3009,195,2932,272,2859,2630,2706,2781
"497",1481,1572,1708,1709,1725,1726,1784,1787,1788,1789
"498",185,731,805,2784,184,272,807,729,803,580
"499",2784,2862,2863,2939,3015,2859,2938,2861,2933,2781
"500",2855,3009,3010,2779,3008,2706,2630,2781,2550,195
"501",3009,2784,2855,3010,2781,2550,3008,2706,2932,2630
"502",101,109,113,176,177,178,179,184,185,186
"503",2784,2859,3006,2870,2871,2872,2873,2874,2875,2876
"504",1,2,3,4,5,6,7,8,9,10
"505",2784,2855,3009,3010,2781,2706,2932,3008,2859,2630
"506",1,2,3,4,5,6,7,8,9,10
"507",1788,2552,2633,2635,2703,2705,2780,2784,2861,2862
"508",2784,2859,2781,3009,2706,2932,3010,2936,2939,3015
"509",1481,1572,1573,1708,1709,1725,1726,1784,1787,1788
"510",2855,2784,2630,3009,2550,2708,2932,2706,2781,2780
"511",2855,3009,3010,2784,2630,2706,2781,2932,2550,3008
"512",2784,2859,2870,2871,2872,2873,2874,2875,2876,2877
"513",1334,1481,1482,1483,1485,1496,1557,1558,1559,1572
"514",2784,2855,3009,3010,2781,2550,3008,2932,2706,2630
"515",1027,1185,1186,1187,1188,1259,1263,1264,1333,1334
"516",2784,2859,3006,2706,2862,2633,2863,2938,2630,2939
"517",2855,2784,3009,2781,3010,2550,2706,2932,2630,2859
"518",1,2,3,4,5,6,7,8,9,10
"519",1,2,3,4,5,6,7,18,19,20
"520",1481,1725,1726,1788,1789,2552,2627,2633,2635,2703
"521",2855,3009,2784,3010,2932,2630,2781,2706,2550,3008
"522",2784,3009,3010,2781,2855,2550,2859,2706,2932,2935
"523",2784,2859,3006,2870,2871,2872,2873,2874,2875,2876
"524",1334,1481,1482,1557,1564,1572,1573,1648,1649,1708
"525",1,2,3,4,5,6,7,8,9,10
"526",2855,3009,3010,2550,2630,2781,2932,2706,3008,2784
"527",2781,2784,3008,3009,3010,2932,2706,2550,2630,2859
"528",21,22,23,24,25,26,27,31,32,51
"529",3009,2784,2855,3010,2781,2706,3008,2550,2630,2932
"530",2784,2855,3009,2859,2932,2630,2706,2781,195,109
"531",2784,2862,2939,3015,2859,2863,2938,2861,2781,3006
"532",2784,2862,2939,3015,2870,2871,2872,2873,2874,2875
"533",2784,2859,2781,3009,2936,2706,2932,2935,3010,2630
"534",2784,2859,3009,2706,2781,3010,2939,3015,2862,2863
"535",109,186,580,656,657,731,875,950,951,1170
"536",1481,1708,1725,1726,1788,1789,2390,2552,2627,2633
"537",2784,2855,3009,2630,2932,2550,2706,195,2782,2781
"538",1027,1187,1263,1334,1481,1482,1483,1485,1496,1557
"539",2784,3009,3010,2859,2781,2862,2863,2939,3015,2937
"540",2784,3009,731,580,656,657,3010,807,2855,2781
"541",1023,1027,1113,1170,1172,1184,1185,1186,1187,1188
"542",1027,1113,1172,1184,1185,1186,1187,1188,1190,1203
"543",2784,2947,2948,2949,2950,2951,2952,2953,2954,2955
"544",1027,1185,1186,1187,1188,1259,1260,1263,1264,1333
"545",24,25,26,27,31,32,51,97,98,99
"546",2784,3006,2862,2938,2633,2863,2939,3015,2780,2859
"547",2784,2862,1788,2552,2705,3006,2863,3025,3026,3027
"548",1,2,3,4,5,6,7,8,9,10
"549",185,272,731,805,950,1415,186,493,874,1405
"550",2784,2855,3009,2550,2781,2859,2932,3010,580,656
"551",2784,2862,2939,3015,2863,2938,2859,2861,2937,3014
"552",24,25,26,27,50,51,97,98,100,101
"553",2784,731,3009,580,656,657,2781,3010,2859,807
"554",21,22,23,24,25,26,27,50,51,97
"555",2784,1788,2862,2780,2938,3006,2863,2939,3015,2633
"556",186,731,875,1788,255,1405,580,656,657,950
"557",2630,2706,2855,3009,3010,3008,2781,2932,2550,2782
"558",2784,2859,2862,2939,3015,2863,2938,3006,2861,2937
"559",2855,3009,2630,3010,2550,2784,2706,3008,2781,2932
"560",24,25,26,27,51,97,98,99,100,101
"561",2784,272,2947,2948,2949,2950,2951,2952,2953,2954
"562",2784,2862,2939,3015,2863,2938,2859,2861,3006,3014
"563",2855,3009,3010,2781,2932,2706,3008,2630,2550,2779
"564",2784,2862,2939,3015,2863,2859,2938,2870,2871,2872
"565",21,22,23,24,25,26,27,50,51,97
"566",1,2,3,4,5,6,7,8,9,10
"567",101,109,176,177,178,179,185,186,252,253
"568",272,729,731,736,803,805,876,2784,956,493
"569",1027,1170,1172,1184,1185,1186,1187,1188,1203,1259
"570",18,19,20,21,22,23,24,25,26,27
"571",97,98,109,173,174,175,176,177,178,184
"572",2784,2855,3009,2859,2630,2706,3010,2932,2781,2935
"573",2784,2859,2870,2871,2872,2873,2874,2875,2876,2877
"574",2784,2861,2862,2863,2937,2938,2939,3014,3015,3006
"575",2855,3009,2784,3010,2630,195,2706,2932,2781,2550
"576",21,22,23,24,25,26,27,31,32,33
"577",2784,3009,2855,3010,2781,2706,2859,2550,2630,2932
"578",1,2,3,4,5,6,7,8,9,10
"579",1027,1185,1187,1188,1263,1264,1334,1481,1482,1483
"580",2784,2859,2939,3015,2862,2706,2863,3009,2938,2861
"581",2855,3009,3010,2550,2784,2781,3008,2706,2779,2630
"582",2855,3009,2784,2630,2932,2706,2550,2781,3010,2782
"583",2784,2947,2948,2949,2950,2951,2952,2953,2954,2955
"584",2784,2859,3009,2781,2935,2706,2630,2932,3010,2936
"585",2784,2792,2793,2794,2795,2796,2797,2798,2799,2947
"586",2784,2862,2870,2871,2872,2873,2874,2875,2876,2877
"587",2784,2862,2939,3015,2859,2863,2938,3006,2861,2870
"588",2855,3009,2630,195,2706,2779,3010,2932,270,2550
"589",2784,2862,2939,3015,2870,2871,2872,2873,2874,2875
"590",1,2,3,4,5,6,7,8,9,10
"591",2784,2859,2781,2706,2932,2939,3015,3009,2862,2319
"592",1334,1481,1482,1483,1557,1558,1559,1564,1572,1573
"593",2784,2862,2939,3015,2863,2938,2870,2871,2872,2873
"594",2784,731,580,656,657,807,28,188,185,2485
"595",2784,3009,2781,2859,3010,2935,2936,2932,2862,2863
"596",1023,1027,1113,1170,1172,1184,1185,1186,1187,1188
"597",2855,2784,3009,2630,2706,3010,2859,2932,2781,344
"598",1788,2552,2633,2703,2705,2780,2784,2862,2938,3006
"599",2784,3009,2855,2859,2630,2706,3010,2781,2935,2550
"600",2855,3009,3010,3008,2779,2781,2706,2550,2784,3011
"601",18,19,20,21,22,23,24,25,26,27
"602",1481,1725,1726,1788,1789,2332,2551,2552,2627,2628
"603",2855,3009,2784,2779,3010,2630,2550,195,2706,2932
"604",2784,3009,3010,2781,2859,3008,2706,2935,3011,2550
"605",1334,1481,1482,1483,1557,1558,1559,1564,1572,1573
"606",1,2,3,4,5,6,7,18,19,20
"607",1023,1027,1170,1172,1184,1185,1186,1187,1188,1193
"608",2784,2939,3015,2862,2859,2863,2870,2871,2872,2873
"609",1027,1185,1186,1187,1188,1259,1263,1264,1333,1334
"610",2855,2784,3009,2630,2706,2932,3010,195,2781,2859
"611",101,109,185,186,255,580,656,657,731,807
"612",2784,2859,2862,2939,3015,2870,2871,2872,2873,2874
"613",731,2784,805,185,272,729,580,656,657,807
"614",2784,2855,3009,2859,2706,2781,2630,2932,3010,2550
"615",1,2,3,4,5,6,7,8,9,10
"616",2784,3009,2855,2779,3010,2550,2859,2781,2935,2706
"617",2855,3009,3010,2706,3008,2630,2781,2784,2932,2550
"618",1788,2705,2784,2862,2938,3006,2863,2633,2939,3015
"619",32,97,98,101,108,109,113,173,174,175
"620",3009,2784,2855,3010,2781,2706,2630,3008,2550,2859
"621",2784,2855,3009,2630,2932,3010,2550,2781,2706,3008
"622",18,19,20,21,22,23,24,25,26,27
"623",1788,2784,2862,2780,2863,2938,2939,3015,3006,2705
"624",186,3009,875,1405,1170,580,656,657,731,950
"625",2855,2784,2630,3009,2706,272,195,2932,2859,344
"626",2855,3009,2784,3010,2781,2550,2706,2932,2630,3008
"627",24,25,26,27,31,32,97,98,99,100
"628",21,22,23,24,25,26,27,31,32,33
"629",109,185,186,580,656,657,729,731,805,807
"630",1,2,3,4,5,6,7,8,9,10
"631",1,2,3,4,5,6,7,8,9,10
"632",2855,3009,2630,2784,2706,3010,2550,2781,3008,2932
"633",1027,1185,1186,1187,1188,1259,1260,1261,1263,1264
"634",2855,3009,2784,3010,2706,2630,2781,2550,2932,3008
"635",2784,2855,2859,3009,2781,2935,2932,3010,195,2630
"636",1788,2552,2627,2633,2703,2705,2780,2784,2862,2938
"637",1,2,3,4,5,6,7,8,9,10
"638",2784,2855,3009,2859,2781,3010,2706,2935,2936,3006
"639",580,656,657,729,731,805,807,736,493,184
"640",18,19,20,21,22,23,24,25,26,27
"641",25,26,27,31,32,97,98,99,101,102
"642",1,2,3,4,5,6,7,10,11,12
"643",2855,3009,3010,2630,2706,2781,2550,2932,3008,344
"644",3009,2784,2855,2781,3010,2932,2550,2630,2706,3008
"645",24,25,26,27,31,32,97,98,99,100
"646",2784,2862,1788,2863,2938,2939,3015,2780,3006,2861
"647",21,22,23,24,25,26,27,31,32,51
"648",25,26,27,97,98,99,101,102,103,108
"649",1,2,3,4,5,6,7,8,9,10
"650",2784,2859,2862,2863,2939,3015,3006,2938,2706,3009
"651",11,12,13,14,15,16,17,18,19,20
"652",2784,2552,2705,3006,1788,2780,2859,2862,2935,2863
"653",24,25,26,27,31,32,97,98,99,100
"654",2784,2855,2630,2778,3009,195,2932,2859,2706,3002
"655",1481,1572,1573,1708,1709,1725,1726,1787,1788,1789
"656",2855,3009,2784,3010,2781,2932,2706,2630,2550,2782
"657",18,19,20,21,22,23,24,25,26,27
"658",2784,2859,3009,2781,3010,2706,2939,3015,2783,2863
"659",2784,2855,186,3009,1170,272,875,2859,2706,344
"660",2784,2780,2630,2706,2552,2705,1788,3009,2859,3006
"661",3009,2855,2784,3010,2550,2781,2779,2706,3008,2932
"662",2855,3009,3010,2779,2550,2784,2630,2706,2781,3008
"663",18,19,20,21,22,23,24,25,26,27
"664",1481,1725,1726,1788,1789,2390,2552,2627,2633,2635
"665",2784,3009,2781,3010,2859,2862,2939,3015,2863,2935
"666",1,2,3,4,5,6,7,8,9,10
"667",2784,2859,2781,3009,2936,2939,3015,2863,2870,2871
"668",21,22,23,24,25,26,27,31,32,33
"669",18,19,20,21,22,23,24,25,26,27
"670",2855,3009,3010,2779,2550,2784,2781,195,2706,2932
"671",18,19,20,21,22,23,24,25,26,27
"672",21,22,23,24,25,26,27,31,32,97
"673",1481,1708,1725,1726,1788,1789,2258,2332,2390,2475
"674",2784,2855,186,3009,2630,2859,875,2706,2932,2781
"675",18,19,20,21,22,23,24,25,26,27
"676",18,19,20,21,22,23,24,25,26,27
"677",2784,2862,2863,2938,2939,3015,1788,3006,3014,2705
"678",21,22,23,24,25,26,27,32,50,51
"679",25,50,51,101,109,177,178,179,185,186
"680",1,2,3,4,5,6,7,18,19,20
"681",21,22,23,24,25,26,27,31,32,33
"682",2784,2859,3009,2781,2706,3010,2939,3015,2862,2863
"683",2784,3009,3010,2706,2781,2859,2630,2932,3008,2783
"684",2855,3009,3010,2630,2706,3008,2781,2932,2779,2550
"685",2784,2859,2781,2706,2939,3015,3009,2936,2862,2863
"686",2784,2859,2862,2939,3015,2863,2781,2870,2871,2872
"687",2855,3009,2784,2630,2550,3010,2932,2706,2781,195
"688",731,580,656,657,2784,3009,807,2855,950,344
"689",1,2,3,4,5,6,7,8,9,10
"690",21,22,23,24,25,26,27,50,51,97
"691",1,2,3,4,5,6,7,8,9,10
"692",1,2,3,4,5,6,7,8,9,10
"693",2784,2855,3009,2859,2706,2932,2630,3010,195,2781
"694",2784,2855,3009,2859,2706,3010,2781,2630,195,2932
"695",2784,2859,2862,2939,3015,2781,2863,2938,3006,2936
"696",109,185,272,580,656,657,731,950,1170,807
"697",3009,2855,2779,3010,2784,2550,2781,3008,2935,2626
"698",2855,2784,186,3009,2630,2932,2706,2550,875,2782
"699",2784,2855,3009,2859,3010,195,2706,2935,2630,2781
"700",2784,3009,2855,2859,3010,2706,2630,2935,2781,2932
"701",2784,2862,2939,3015,2870,2871,2872,2873,2874,2875
"702",1,2,3,4,5,6,7,18,19,20
"703",1,2,3,4,5,6,7,8,9,10
"704",2855,3009,2784,3010,2932,2550,195,2630,2781,2706
"705",2784,2862,2939,3015,2938,2863,3006,3014,2633,2861
"706",2784,3009,2855,2781,2859,3010,2935,2550,2936,196
"707",2784,3009,2859,2781,3010,2939,3015,2862,2863,2936
"708",2784,2870,2871,2872,2873,2874,2875,2876,2877,2859
"709",2855,3009,2784,2779,3010,2550,2630,195,2706,2932
"710",1481,1482,1557,1572,1573,1708,1709,1713,1725,1726
"711",24,25,26,27,51,97,98,99,100,101
"712",21,22,23,24,25,26,27,31,32,50
"713",21,22,23,24,25,26,27,31,32,97
"714",2784,2862,2939,3015,2870,2871,2872,2873,2874,2875
"715",731,580,656,657,2784,950,807,1405,875,185
"716",21,22,23,24,25,26,27,31,32,97
"717",1481,1572,1573,1708,1709,1725,1726,1784,1786,1787
"718",1481,1482,1572,1573,1649,1708,1709,1725,1726,1784
"719",2855,2784,3009,2932,2630,2706,3010,2781,195,2782
"720",2784,3006,2862,2938,2705,2633,2863,2939,3015,3014
"721",109,185,580,656,657,731,950,807,1170,1405
"722",2855,3009,2784,3010,2781,2630,2706,2932,2550,195
"723",2784,2705,2862,3006,2633,2703,2552,2938,2863,2939
"724",1027,1185,1186,1187,1188,1259,1263,1264,1333,1334
"725",1,2,3,4,5,6,7,10,11,12
"726",2784,3009,2781,2859,3010,2706,2935,2939,3015,2936
"727",1334,1481,1482,1483,1557,1558,1559,1564,1572,1573
"728",1,2,3,4,5,6,7,18,19,20
"729",2784,2862,3006,2870,2871,2872,2873,2874,2875,2876
"730",2784,3009,2781,2859,3010,2935,2706,2939,3015,2863
"731",21,22,23,24,25,26,27,31,32,33
"732",21,22,23,24,25,26,27,31,32,33
"733",2784,2859,2862,2939,3015,2863,2870,2871,2872,2873
"734",1,2,3,4,5,6,7,8,9,10
"735",2784,2855,3009,3010,2781,2706,2550,2630,2932,2859
"736",185,580,656,657,729,731,805,807,109,1405
"737",1481,1725,1726,1788,1789,2552,2627,2628,2633,2635
"738",3009,2784,2855,731,3010,580,656,657,2781,2706
"739",1481,1788,2552,2627,2633,2703,2705,2784,1726,3006
"740",2784,2855,3009,2706,2630,3010,2932,2781,2859,2782
"741",2784,2859,2939,3015,2862,2863,2781,2706,2938,3006
"742",2784,3009,3010,2859,2781,2862,2939,3015,2863,2706
"743",11,12,13,14,15,16,17,18,19,20
"744",2784,3009,2855,3010,2550,2781,195,2932,2859,2779
"745",1788,2703,2705,2784,2862,2938,3006,2633,2552,2863
"746",2784,186,3009,2855,3010,875,1170,2859,2706,2781
"747",1788,2552,2633,2635,2703,2705,2780,2784,2861,2862
"748",2855,2784,3009,2630,2550,2932,2706,2781,3010,2782
"749",1,2,3,4,5,6,7,18,19,20
"750",1,2,3,4,5,6,7,8,9,10
"751",2784,2859,2862,2939,3015,2863,2781,2936,2938,2937
"752",2784,3009,2781,3010,2859,2550,2706,2935,2630,2932
"753",2784,3009,2855,2781,3010,2706,2630,2932,2859,2550
"754",1027,1334,1481,1482,1483,1485,1496,1557,1558,1559
"755",2784,3009,2855,2550,2781,2932,3010,2630,2859,2706
"756",2784,2859,2855,2947,2948,2949,2950,2951,2952,2953
"757",21,22,23,24,25,26,27,31,32,33
"758",21,22,23,24,25,26,27,31,32,33
"759",24,25,26,27,50,51,52,53,54,55
"760",21,22,23,24,25,26,27,50,51,52
"761",21,22,23,24,25,26,27,31,32,51
"762",2784,176,727,97,98,173,174,175,99,403
"763",2855,3009,2630,2706,2932,2708,2784,2550,3010,3008
"764",109,185,186,580,656,657,731,950,1405,807
"765",21,22,23,24,25,26,27,31,32,51
"766",1788,2633,2705,2784,2861,2862,2863,2938,2939,3006
"767",2784,3009,2855,3010,2550,2779,2781,2859,195,2706
"768",2784,3009,2630,2781,2932,3010,2706,2859,2855,2550
"769",2633,2784,2861,2862,2863,2937,2938,2939,3006,3014
"770",1027,1185,1187,1188,1263,1264,1334,1481,1482,1483
"771",1,2,3,4,5,6,7,8,9,10
"772",2855,3009,2784,3010,2706,2630,2781,2932,3008,2550
"773",24,25,26,27,31,32,97,98,99,100
"774",2784,3006,2862,2859,2938,2939,3015,2863,2633,2870
"775",18,19,20,21,22,23,24,25,26,27
"776",2784,2859,2781,2936,2870,2871,2872,2873,2874,2875
"777",1,2,3,4,5,6,7,8,9,10
"778",1027,1187,1263,1334,1481,1482,1483,1485,1496,1557
"779",1481,1788,2552,2627,2628,2633,2635,2703,2704,2705
"780",18,19,20,21,22,23,24,25,26,27
"781",2784,3009,2859,2781,3010,2935,2706,2936,2932,2550
"782",2784,3009,731,803,580,656,657,2550,2630,805
"783",2784,2870,2871,2872,2873,2874,2875,2876,2877,2859
"784",1481,1708,1725,1726,1788,1789,1863,2181,2258,2259
"785",1,2,3,4,5,6,7,8,9,10
"786",1788,2552,2633,2635,2703,2705,2780,2784,2861,2862
"787",2784,3009,3010,2859,2935,2937,2781,2936,2862,2863
"788",1,2,3,4,5,6,7,18,19,20
"789",32,101,108,109,113,176,177,178,179,184
"790",2784,3009,2781,3010,2550,731,2859,580,656,657
"791",1,2,3,4,5,6,7,8,9,10
"792",21,22,23,24,25,26,27,50,51,97
"793",1023,1027,1113,1170,1172,1184,1185,1186,1187,1188
"794",2784,3009,2855,3010,2781,2706,2859,2932,2630,2550
"795",2855,3009,3010,2550,2781,3008,2779,2706,2784,2932
"796",2784,2705,2862,1788,2633,2703,2552,3006,2938,2863
"797",21,22,23,24,25,26,27,31,32,50
"798",26,27,31,32,101,102,103,108,109,113
"799",1027,1170,1172,1184,1185,1186,1187,1188,1203,1259
"800",2784,2862,2939,3015,2863,2938,2861,3014,2937,3006
"801",2784,3009,2781,3010,2859,2932,2550,2706,2630,2935
"802",21,22,23,24,25,26,27,31,32,33
"803",2784,3009,2855,3010,2781,2859,2706,2550,2932,2630
"804",1,2,3,4,5,6,7,8,9,10
"805",2784,3009,2855,2781,2932,3010,2706,2630,2859,2550
"806",2784,731,580,656,657,807,3009,2859,2935,184
"807",2784,3009,2855,2781,3010,2550,2932,2706,2859,2630
"808",1,2,3,4,5,6,7,18,19,20
"809",21,22,23,24,25,26,27,31,32,33
"810",1788,2552,2633,2705,2780,2784,2861,2862,2863,2933
"811",21,22,23,24,25,26,27,31,32,52
"812",2784,2859,2855,3006,2935,3009,2564,2563,2791,2936
"813",1481,1788,2551,2552,2627,2628,2633,2635,2703,2705
"814",2855,2784,3009,2630,2932,2550,186,2706,2781,50
"815",2784,2859,3006,2863,2862,2939,3015,2706,2783,3009
"816",272,729,731,803,805,2784,580,656,657,1415
"817",2784,2861,2862,2863,2870,2871,2872,2873,2874,2875
"818",3009,2855,2784,3010,2781,2550,2932,2706,2859,195
"819",2784,3009,2855,2781,3010,2550,2859,2932,2630,2706
"820",2784,3009,2855,3010,2550,2781,2932,2706,2630,2859
"821",2784,3009,2855,3010,2781,2859,2550,2706,2932,2630
"822",18,19,20,21,22,23,24,25,26,27
"823",21,22,23,24,25,26,27,50,51,52
"824",1481,1725,1726,1788,1789,2390,2483,2551,2552,2627
"825",1,2,3,4,5,6,7,10,11,12
"826",2784,2870,2871,2872,2873,2874,2875,2876,2877,3025
"827",1481,1572,1573,1708,1709,1725,1726,1787,1788,1789
"828",21,22,23,24,25,26,27,31,32,50
"829",2855,3009,2779,3010,3008,2550,2781,2706,195,2626
"830",1481,1572,1573,1708,1709,1725,1726,1786,1787,1788
"831",2784,2855,2630,2859,2706,3006,2780,3009,2932,2705
"832",2855,3009,2784,3010,2781,2550,2932,2706,2779,2630
"833",2784,2862,2863,2938,1788,2939,3015,3006,2705,2633
"834",21,22,23,24,25,26,27,32,51,52
"835",1027,1185,1186,1187,1188,1259,1263,1264,1334,1411
"836",1027,1185,1186,1187,1188,1259,1260,1261,1263,1264
"837",2784,3009,2855,3010,2630,2706,2781,2932,2550,2859
"838",2784,2859,3009,2781,2862,2939,3015,2863,2936,2870
"839",2784,2855,195,3009,2932,272,2859,193,2630,499
"840",25,26,27,50,51,101,102,103,109,177
"841",2784,2947,2948,2949,2950,2951,2952,2953,2954,2955
"842",2784,2855,3009,2859,2935,195,2550,2932,2630,3010
"843",1,2,3,4,5,6,7,11,12,13
"844",2855,2784,3009,2550,2630,3010,195,2932,2781,2706
"845",1481,1708,1725,1726,1788,1789,1863,2181,2258,2259
"846",2784,3009,3010,2781,2859,2855,2706,2550,2935,2932
"847",1,2,3,4,5,6,7,8,9,10
"848",1481,1573,1708,1725,1726,1788,1789,1863,2332,2390
"849",2784,3009,3010,2855,2781,2706,3008,2550,2859,2932
"850",3009,2855,2784,3010,2781,2550,731,580,656,657
"851",3009,2784,2855,3010,2781,2550,2932,2706,3008,2630
"852",2855,2784,3009,2630,344,195,2706,2932,267,188
"853",1788,2552,2627,2633,2635,2703,2705,2780,2784,2861
"854",2784,3009,2855,2859,3010,2781,2706,2783,2630,2932
"855",1027,1185,1186,1187,1188,1263,1264,1334,1481,1482
"856",21,22,23,24,25,26,27,50,51,52
"857",1,2,3,4,5,6,7,8,9,10
"858",1,2,3,4,5,6,7,18,19,20
"859",2784,3009,736,731,805,2932,2781,729,2859,493
"860",1,2,3,4,5,6,7,18,19,20
"861",2784,2859,2781,3009,2935,3010,2932,2706,2936,2863
"862",1027,1170,1185,1186,1187,1188,1259,1263,1264,1333
"863",1788,2552,2703,2705,2784,2633,2627,1481,3006,2862
"864",21,22,23,24,25,26,27,31,32,33
"865",1481,1482,1557,1559,1572,1573,1649,1708,1709,1725
"866",1,2,3,4,5,6,7,8,9,10
"867",1,2,3,4,5,6,7,8,9,10
"868",1481,1572,1573,1708,1709,1725,1726,1784,1787,1788
"869",2784,2859,176,2781,2780,21,22,23,97,98
"870",1,2,3,4,5,6,7,8,9,10
"871",24,25,26,27,50,51,100,101,102,103
"872",21,22,23,24,25,26,27,31,32,51
"873",2784,2859,2862,2939,3015,2863,2938,2781,2706,3006
"874",21,22,23,24,25,26,27,31,32,33
"875",1,2,3,4,5,6,7,10,11,12
"876",21,22,23,24,25,26,27,50,51,97
"877",18,19,20,21,22,23,24,25,26,27
"878",1481,1572,1573,1708,1709,1725,1726,1784,1787,1788
"879",2784,2855,3009,2781,3010,2859,2706,2932,2630,2782
"880",2784,731,1788,580,656,657,109,185,2862,950
"881",2784,2859,2870,2871,2872,2873,2874,2875,2876,2877
"882",1,2,3,4,5,6,7,8,9,10
"883",2784,2859,3006,2630,2706,2780,2552,2936,2935,2705
"884",2784,2855,3009,2859,2781,2706,2630,2932,3010,2550
"885",18,19,20,21,22,23,24,25,26,27
"886",1,2,3,4,5,6,7,8,9,10
"887",3009,3010,2784,2855,3008,2781,2550,2706,2779,2859
"888",2784,2781,2859,2862,2939,3015,2863,3009,3010,2936
"889",2784,2859,3009,2781,2855,2936,3010,2706,2932,2935
"890",11,12,13,14,15,16,17,18,19,20
"891",2784,3009,2859,2781,2935,3010,176,2550,2791,2870
"892",18,19,20,21,22,23,24,25,26,27
"893",1481,1482,1559,1572,1573,1649,1708,1709,1713,1725
"894",21,22,23,24,25,26,27,31,32,97
"895",24,25,26,27,51,97,98,99,100,101
"896",18,19,20,21,22,23,24,25,26,27
"897",21,22,23,24,25,26,27,31,32,33
"898",2784,2862,1788,2863,2939,3015,2938,2705,2633,3006
"899",1481,1573,1708,1725,1726,1788,1789,1863,2258,2259
"900",2784,3009,2859,2781,731,3010,580,656,657,2706
"901",2784,2862,2939,3015,2863,2938,3006,2859,2861,3014
"902",2855,3009,2784,2550,3010,2781,2630,2706,2932,2782
"903",3009,2784,2855,3010,2781,2706,2550,3008,2932,2630
"904",1481,1788,2552,2627,2633,2703,2705,2780,2784,2862
"905",21,22,23,24,25,26,27,31,32,51
"906",1,2,3,4,5,6,7,8,9,10
"907",109,580,656,657,729,731,807,805,950,1405
"908",2784,2862,2939,3015,2863,2938,2859,2861,2937,3014
"909",2784,731,805,272,1415,580,656,657,803,729
"910",18,19,20,21,22,23,24,25,26,27
"911",2784,3009,2855,2781,3010,2550,2932,2706,2859,2630
"912",2784,3009,2855,3010,2781,2859,2706,2630,2932,2935
"913",2784,3009,2855,2859,2781,3010,2706,2630,2935,2932
"914",2784,2859,2781,2870,2871,2872,2873,2874,2875,2876
"915",2784,2862,2863,2939,3015,2938,2859,3006,2861,3014
"916",1481,1708,1709,1725,1726,1784,1787,1788,1789,1863
"917",21,22,23,24,25,26,27,31,32,51
"918",186,580,656,657,875,950,1170,731,951,255
"919",1481,1725,1726,1788,1789,2390,2552,2627,2633,2635
"920",1,2,3,4,5,6,7,8,9,10
"921",2784,3009,3010,2781,2550,2859,3008,2855,3011,2706
"922",1788,2552,2627,2633,2703,2705,2780,2784,2862,2938
"923",2784,3009,3010,2855,2781,2859,2706,2550,3008,3011
"924",272,731,803,805,2784,876,729,956,736,184
"925",1,2,3,4,5,6,7,18,19,20
"926",21,22,23,24,25,26,27,50,51,52
"927",2784,2939,3015,2859,2862,2863,2947,2948,2949,2950
"928",2784,2855,3009,2630,2932,3010,2706,2781,2550,3008
"929",1,2,3,4,5,6,7,8,9,10
"930",21,22,23,24,25,26,27,50,51,52
"931",2784,3009,3010,2781,2859,2550,2706,3008,2935,2855
"932",2784,3009,2855,3010,2781,2706,2859,2932,2630,2550
"933",2784,2859,2870,2871,2872,2873,2874,2875,2876,2877
"934",2784,3009,3010,2781,2859,2706,3008,2932,2783,2630
"935",1,2,3,4,5,6,7,18,19,20
"936",24,25,26,27,32,97,98,99,100,101
"937",2784,2862,2939,3015,2863,2859,2938,2861,2937,3014
"938",2784,2855,3009,3010,2781,2550,2932,2706,2630,3008
"939",1,2,3,4,5,6,7,8,9,10
"940",2855,3009,3010,2784,2781,3008,2706,2550,2932,2630
"941",1788,2552,2703,2705,2784,1481,2633,2627,1726,2780
"942",21,22,23,24,25,26,27,31,32,54
"943",20,21,22,23,24,25,26,27,31,32
"944",2784,3009,3010,2781,3008,2859,2932,2706,2935,2863
"945",2784,2862,2939,3015,2863,2859,2938,2861,2937,2781
"946",21,22,23,24,25,26,27,31,32,33
"947",1,2,3,4,5,6,7,8,9,10
"948",18,19,20,21,22,23,24,25,26,27
"949",2784,2862,2939,3015,2863,2938,2870,2871,2872,2873
"950",2784,3009,2781,2859,3010,2939,3015,2862,2863,2936
"951",1334,1481,1482,1483,1557,1558,1559,1572,1573,1648
"952",2855,3009,3010,3008,2706,2779,2781,2630,2550,2784
"953",1,2,3,4,5,6,7,8,9,10
"954",2784,3009,3010,2781,2859,2935,2550,3011,3008,2706
"955",2784,2947,2948,2949,2950,2951,2952,2953,2954,2955
"956",2855,3009,2784,3010,2630,195,2706,2550,2781,2932
"957",2784,3009,2859,2781,3010,2939,3015,2862,2863,2936
"958",1,2,3,4,5,6,7,8,9,10
"959",1481,1572,1573,1708,1709,1725,1726,1786,1787,1788
"960",1027,1185,1186,1187,1188,1259,1260,1261,1263,1264
"961",1,2,3,4,5,6,7,10,11,12
"962",2784,2855,3009,2550,2781,3010,2932,195,2630,2706
"963",2784,3009,3010,2859,2781,2706,2862,2863,2939,3015
"964",2784,2855,3009,2630,2859,2706,2781,2932,2550,3010
"965",21,22,23,24,25,26,27,31,32,33
"966",2784,2862,2939,3015,2938,2863,2870,2871,2872,2873
"967",2784,2870,2871,2872,2873,2874,2875,2876,2877,2947
"968",2784,2870,2871,2872,2873,2874,2875,2876,2877,2947
"969",1027,1185,1186,1187,1188,1263,1264,1334,1481,1482
"970",1481,1726,1788,1789,2552,2627,2633,2635,2703,2705
"971",21,22,23,24,25,26,27,50,51,97
"972",21,22,23,24,25,26,27,31,32,33
"973",1,2,3,4,5,6,7,8,9,10
"974",2784,3009,2855,2781,3010,2859,2550,2932,2935,2706
"975",1,2,3,4,5,6,7,8,9,10
"976",1,2,3,4,5,6,7,8,9,10
"977",1,2,3,4,5,6,7,8,9,10
"978",1,2,3,4,5,6,7,8,9,10
"979",1,2,3,4,5,6,7,8,9,10
"980",2855,3009,2784,3010,2781,2706,2630,2550,2932,2859
"981",1788,2784,2862,2938,2863,3006,2939,3015,2633,2705
"982",1,2,3,4,5,6,7,18,19,20
"983",2784,2862,2859,2939,3015,2863,2938,3006,2861,2937
"984",2784,2862,2863,2938,2939,3015,2861,2937,2859,3014
"985",2855,2784,3009,3010,2630,2706,2932,2781,2859,2550
"986",21,22,23,24,25,26,27,31,32,97
"987",1481,1708,1725,1726,1788,1789,2332,2390,2552,2627
"988",2784,3006,2862,2705,2552,1788,2863,2938,2859,2633
"989",2784,2862,2939,3015,2859,2863,2938,3006,2870,2871
"990",2784,2855,272,2859,499,195,2706,3006,2630,3009
"991",18,19,20,21,22,23,24,25,26,27
"992",3009,2855,2784,3010,2781,2706,2630,2550,2932,3008
"993",2784,2862,2939,3015,3006,2863,2938,2859,2937,2861
"994",1,2,3,4,5,6,7,8,9,10
"995",2855,3009,2784,2630,2706,3010,2932,2781,2550,195
"996",1481,1572,1573,1708,1709,1725,1726,1784,1786,1787
"997",1027,1185,1186,1187,1188,1259,1263,1264,1334,1411
"998",1481,1572,1708,1725,1726,1788,1789,1863,2181,2258
"999",2784,3009,3010,2781,2932,3008,2706,2630,2859,2550
"1000",21,22,23,24,25,26,27,31,32,97
"1001",1334,1481,1482,1483,1557,1558,1559,1572,1573,1648
"1002",1,2,3,4,5,6,7,8,9,10
"1003",1023,1027,1028,1104,1111,1112,1113,1170,1172,1184
"1004",1027,1185,1186,1187,1188,1263,1264,1334,1411,1481
"1005",24,25,26,27,32,97,98,99,100,101
"1006",2784,2705,2552,1788,2703,3006,2862,2633,2628,2780
"1007",109,185,186,580,656,657,731,807,950,1170
"1008",1788,1789,2552,2627,2628,2633,2635,2703,2705,2780
"1009",2784,3009,3010,2781,2859,2706,2932,3008,2862,2780
"1010",1027,1187,1188,1263,1264,1334,1481,1482,1483,1485
"1011",32,97,98,99,101,108,109,113,173,174
"1012",2784,3009,3010,2859,2781,2706,2935,2932,3008,2630
"1013",2784,2859,2781,2939,3015,3009,2862,2863,3010,2938
"1014",2784,2859,2939,3015,2862,2781,2863,3009,2706,2938
"1015",1,2,3,4,5,6,7,8,9,10
"1016",1481,1788,2552,2627,2703,2705,1726,2633,1725,1789
"1017",2855,3009,3010,2781,3008,2706,2550,2784,2932,2779
"1018",1481,1788,2552,2627,2633,2635,2703,2705,2780,2784
"1019",1027,1185,1186,1187,1188,1259,1260,1261,1263,1264
"1020",25,26,27,31,32,97,98,99,101,102
"1021",1481,1725,1726,1788,1789,2319,2552,2627,2633,2635
"1022",24,25,26,27,97,98,99,100,101,102
"1023",2855,3009,2784,3010,2781,2706,2550,2932,2859,2630
"1024",1481,1788,1789,2552,2627,2633,2635,2703,2705,2780
"1025",2855,3009,3010,2781,3008,2706,2932,2630,2550,2784
"1026",1,2,3,4,5,6,7,8,9,10
"1027",20,21,22,23,24,25,26,27,31,32
"1028",2630,2706,2855,3008,3009,3010,2932,2781,2550,2779
"1029",2855,3009,2784,3010,2706,2630,2781,2932,3008,2550
"1030",1,2,3,4,5,6,7,8,9,10
"1031",1481,1788,2552,2633,2703,2705,2627,2780,1726,1725
"1032",11,12,13,14,15,16,17,18,19,20
"1033",1,2,3,4,5,6,7,8,9,10
"1034",109,176,184,185,253,272,493,580,656,657
"1035",18,19,20,21,22,23,24,25,26,27
"1036",20,21,22,23,24,25,26,27,31,32
"1037",2784,2862,2938,2939,3015,2863,3006,3014,2870,2871
"1038",2784,3009,2855,3010,2781,2550,2932,2630,2706,2859
"1039",101,108,109,176,177,178,184,185,186,253
"1040",2784,3009,2855,736,2630,2932,2706,2781,2550,659
"1041",731,3009,186,580,656,657,736,2855,2784,493
"1042",1,2,3,4,5,6,7,18,19,20
"1043",2784,2862,2859,2939,3015,2863,2781,2938,2861,3009
"1044",1,2,3,4,5,6,7,8,9,10
"1045",2784,2855,3009,2781,3010,2932,2706,2550,2630,2859
"1046",3009,2784,2855,3010,2781,2550,2779,195,3008,2706
"1047",186,1788,2784,875,2780,2705,2862,255,1399,2856
"1048",21,22,23,24,25,26,27,31,32,50
"1049",2784,2859,1788,2862,2781,2863,2939,3015,2932,3006
"1050",2784,2870,2871,2872,2873,2874,2875,2876,2877,2564
"1051",2784,2859,2639,2640,2641,2715,2870,2871,2872,2873
"1052",1481,1708,1726,1788,1789,2181,2258,2332,2552,2627
"1053",21,22,23,24,25,26,27,32,97,98
"1054",18,19,20,21,22,23,24,25,26,27
"1055",2784,3009,2855,2550,2781,2932,3010,2630,2706,2859
"1056",18,19,20,21,22,23,24,25,26,27
"1057",1027,1185,1186,1187,1188,1203,1259,1260,1261,1263
"1058",2784,2855,3009,2630,2932,2550,2781,2706,2782,3010
"1059",1,2,3,4,5,6,7,11,12,13
"1060",25,26,27,101,102,103,109,113,176,177
"1061",2784,272,736,1170,731,2859,493,499,805,659
"1062",186,875,1170,1788,2784,255,950,731,951,177
"1063",2784,2855,3009,3010,2706,2781,2859,2630,2932,2782
"1064",1481,1725,1726,1788,1789,2552,2627,2633,2703,2705
"1065",2784,2855,3009,3010,2781,2706,195,2932,2550,2630
"1066",1,2,3,4,5,6,7,8,9,10
"1067",1027,1185,1186,1187,1188,1193,1203,1259,1260,1261
"1068",2855,3009,2630,3010,2784,2706,2550,3008,2781,2932
"1069",2784,3009,2859,2781,3010,2706,2935,2630,2932,2936
"1070",18,19,20,21,22,23,24,25,26,27
"1071",1788,2552,2633,2635,2703,2705,2780,2784,2861,2862
"1072",2630,2706,2781,2784,2855,2932,3008,3009,3010,2859
"1073",1,2,3,4,5,6,7,18,19,20
"1074",2781,2784,3009,3010,2932,2706,3008,2630,2855,2859
"1075",2784,2862,2859,2939,3015,2863,2781,2938,2932,2861
"1076",109,185,186,580,656,657,731,950,875,272
"1077",1,2,3,4,5,6,7,8,9,10
"1078",1,2,3,4,5,6,7,8,9,10
"1079",18,19,20,21,22,23,24,25,26,27
"1080",2784,2870,2871,2872,2873,2874,2875,2876,2877,2947
"1081",1,2,3,4,5,6,7,18,19,20
"1082",2784,2855,3009,3010,2781,2706,2630,2932,2550,2859
"1083",2784,2862,2863,2938,2939,3015,2861,2937,2933,2859
"1084",2855,2784,3009,2630,2706,2781,3010,2550,2932,2859
"1085",1481,1708,1725,1726,1788,1789,2332,2390,2552,2627
"1086",1,2,3,4,5,6,7,8,9,10
"1087",2781,2784,2932,3009,3010,2706,3008,2630,2859,2550
"1088",2784,3009,2855,3010,2781,2859,2706,2550,2932,2630
"1089",1027,1185,1186,1187,1188,1203,1259,1260,1261,1263
"1090",25,26,27,31,32,97,98,99,101,102
"1091",2855,3009,2630,3010,2550,2784,2706,2932,2779,2781
"1092",2784,2939,3015,2862,2863,2870,2871,2872,2873,2874
"1093",1481,1708,1725,1726,1788,1789,1863,2258,2259,2332
"1094",24,25,26,27,97,98,99,100,101,102
"1095",1,2,3,4,5,6,7,8,9,10
"1096",21,22,23,24,25,26,27,31,32,33
"1097",2784,3009,3010,2781,2859,2706,2862,3008,2863,2939
"1098",18,19,20,21,22,23,24,25,26,27
"1099",24,25,26,27,31,32,97,98,99,100
"1100",2855,3009,3010,2781,3008,2784,2706,2630,2550,2932
"1101",1027,1334,1481,1482,1483,1485,1496,1557,1558,1559
"1102",1481,1788,1789,2551,2552,2627,2628,2633,2635,2703
"1103",1,2,3,4,5,6,7,18,19,20
"1104",2784,3009,3010,2780,2706,1788,2630,2859,2781,2932
"1105",2855,3009,2784,3010,2781,2932,2706,2630,2550,3008
"1106",3009,2784,3010,2706,2859,3008,2630,2781,2935,2780
"1107",2784,2633,2862,2939,3015,2705,2863,2938,2870,2871
"1108",186,580,656,657,731,875,950,1170,255,1405
"1109",2784,2862,2939,3015,2863,2859,2938,2870,2871,2872
"1110",1,2,3,4,5,6,7,11,12,13
"1111",3009,2855,2784,3010,2781,2706,2550,2630,2932,3008
"1112",2784,2862,2939,3015,2863,2859,2870,2871,2872,2873
"1113",1027,1334,1481,1482,1483,1485,1557,1558,1559,1564
"1114",1481,1482,1557,1558,1559,1572,1573,1648,1649,1708
"1115",2784,2862,2939,3015,2863,2859,2938,2861,2937,3006
"1116",2784,3009,3010,2781,2550,2855,2935,3008,2706,2859
"1117",2784,2855,2859,3009,2630,2706,3010,2781,2935,116
"1118",1,2,3,4,5,6,7,18,19,20
"1119",1,2,3,4,5,6,7,8,9,10
"1120",24,25,26,27,51,97,98,99,100,101
"1121",2855,3009,2784,3010,2630,2706,2781,2550,2932,3008
"1122",1027,1185,1186,1187,1188,1203,1259,1260,1261,1263
"1123",21,22,23,24,25,26,27,31,32,33
"1124",731,186,3009,580,656,657,2855,950,875,807
"1125",1,2,3,4,5,6,7,11,12,13
"1126",21,22,23,24,25,26,27,50,51,52
"1127",2784,3009,3010,2781,2859,2935,3008,2706,2783,2863
"1128",21,22,23,24,25,26,27,31,32,33
"1129",2784,2862,2939,3015,2863,2938,2870,2871,2872,2873
"1130",2784,3009,2859,2781,2935,3010,2855,2706,2936,2630
"1131",2784,2862,3006,2938,2863,2939,3015,2633,2705,3014
"1132",2784,2862,2939,3015,2863,2938,3006,2861,3014,2937
"1133",2784,2859,2862,2939,3015,2863,2781,2938,2870,2871
"1134",2784,2862,2938,3006,2863,2939,3015,2705,1788,2633
"1135",2784,2862,2938,2939,3015,3006,2863,3014,1788,2633
"1136",2784,3009,2859,2781,3010,2935,2550,2932,2706,2630
"1137",1,2,3,4,5,6,7,8,9,10
"1138",2784,3009,731,580,656,657,3010,2781,2859,807
"1139",2855,3009,2784,3010,2706,2630,2781,2550,2932,2859
"1140",185,272,493,731,805,874,184,729,950,1415
"1141",1,2,3,4,5,6,7,11,12,13
"1142",2784,2859,3009,2855,2781,2935,2791,3010,2936,176
"1143",2855,3009,2784,3010,2781,2550,2706,2932,3008,2630
"1144",2784,2859,2939,3015,2862,2863,2947,2948,2949,2950
"1145",2855,3009,3010,2784,2781,2550,2706,3008,2630,2932
"1146",21,22,23,24,25,26,27,50,51,52
"1147",21,22,23,24,25,26,27,31,32,52
"1148",1788,2633,2705,2784,2861,2862,2863,2937,2938,2939
"1149",1,2,3,4,5,6,7,8,9,10
"1150",2784,3009,2855,3010,2781,2706,2550,3008,2630,2932
"1151",18,19,20,21,22,23,24,25,26,27
"1152",1,2,3,4,5,6,7,11,12,13
"1153",18,19,20,21,22,23,24,25,26,27
"1154",1,2,3,4,5,6,7,11,12,13
"1155",1,2,3,4,5,6,7,8,9,10
"1156",1481,1572,1573,1708,1709,1725,1726,1788,1789,1863
"1157",2855,3009,3010,2781,3008,2550,2784,2706,2630,2932
"1158",1,2,3,4,5,6,7,8,9,10
"1159",21,22,23,24,25,26,27,31,32,37
"1160",2784,2780,2706,1788,2630,2859,3009,2932,2862,3006
"1161",1027,1185,1186,1187,1188,1263,1264,1334,1481,1482
"1162",1,2,3,4,5,6,7,18,19,20
"1163",18,19,20,21,22,23,24,25,26,27
"1164",2784,2855,2630,186,736,3009,2706,272,731,493
"1165",21,22,23,24,25,26,27,31,32,97
"1166",1,2,3,4,5,6,7,8,9,10
"1167",2784,3009,3010,2859,2781,2706,2855,2630,2932,2935
"1168",2784,2859,2870,2871,2872,2873,2874,2875,2876,2877
"1169",1,2,3,4,5,6,7,18,19,20
"1170",2784,3009,2859,2781,2855,3010,2935,2706,2932,2550
"1171",2784,2859,2870,2871,2872,2873,2874,2875,2876,2877
"1172",2784,3009,2781,2859,3010,2932,2706,2630,2935,2550
"1173",1481,1572,1573,1708,1709,1713,1725,1726,1784,1786
"1174",1481,1788,1789,2552,2627,2628,2633,2635,2703,2705
"1175",18,19,20,21,22,23,24,25,26,27
"1176",18,19,20,21,22,23,24,25,26,27
"1177",1,2,3,4,5,6,7,8,9,10
"1178",21,22,23,24,25,26,27,31,32,51
"1179",21,22,23,24,25,26,27,32,50,51
"1180",1788,2784,2862,2863,2939,3015,2938,2861,2932,2933
"1181",1,2,3,4,5,6,7,8,9,10
"1182",731,2784,805,185,729,807,580,656,657,184
"1183",2784,2859,2781,2855,2780,2934,2936,2860,2932,2928
"1184",21,22,23,24,25,26,27,32,51,52
"1185",2784,2862,2939,3015,2863,2870,2871,2872,2873,2874
"1186",2784,2855,2859,2706,2630,3006,3009,2780,2783,3010
"1187",21,22,23,24,25,26,27,31,32,97
"1188",101,109,177,178,185,186,253,254,255,426
"1189",21,22,23,24,25,26,27,31,32,33
"1190",1,2,3,4,5,6,7,10,11,12
"1191",1,2,3,4,5,6,7,11,12,13
"1192",1027,1028,1113,1172,1184,1185,1186,1187,1188,1190
"1193",2784,2939,3015,2862,2859,2863,2938,2861,3006,2937
"1194",21,22,23,24,25,26,27,31,32,97
"1195",2855,3009,3010,2630,2784,2706,2550,2932,2781,2782
"1196",21,22,23,24,25,26,27,31,32,51
"1197",1027,1185,1186,1187,1188,1259,1263,1264,1334,1336
"1198",2855,3009,2784,3010,2781,2550,2706,2932,2630,3008
"1199",24,25,26,27,32,97,98,99,100,101
"1200",2784,2862,2863,2870,2871,2872,2873,2874,2875,2876
"1201",1481,1572,1573,1649,1708,1709,1725,1726,1784,1787
"1202",1481,1482,1557,1558,1559,1572,1573,1708,1709,1725
"1203",2855,3009,3010,2784,2781,2550,3008,2706,2932,2630
"1204",3009,2855,2784,3010,2781,2706,2550,3008,2630,2932
"1205",2784,3009,3010,2855,2781,2550,2706,3008,2932,2859
"1206",109,185,186,255,580,656,657,731,807,875
"1207",2784,2855,3009,3010,2859,2706,2779,2630,2781,2783
"1208",3009,2855,3010,2784,2781,3008,2706,2630,2550,2932
"1209",2784,3009,2550,2781,2630,2855,2932,3010,2706,2859
"1210",1481,1482,1557,1558,1559,1572,1573,1708,1709,1713
"1211",2781,2784,3009,3010,2859,2935,2932,3008,2706,2936
"1212",1,2,3,4,5,6,7,8,9,10
"1213",1,2,3,4,5,6,7,8,9,10
"1214",21,22,23,24,25,26,27,31,32,33
"1215",1,2,3,4,5,6,7,8,9,10
"1216",2855,3009,2784,2630,2550,2932,2706,195,3010,2781
"1217",2784,2859,3006,2633,2862,2870,2871,2872,2873,2874
"1218",24,25,26,27,97,98,99,100,101,102
"1219",21,22,23,24,25,26,27,31,32,51
"1220",2784,3009,2855,3010,2781,2550,2630,2706,2932,3008
"1221",21,22,23,24,25,26,27,50,51,52
"1222",3009,2784,3010,2855,2781,2550,2706,3008,2859,2935
"1223",2784,1788,2780,2705,3006,2552,2630,2862,2706,2859
"1224",2784,2859,2870,2871,2872,2873,2874,2875,2876,2877
"1225",2855,3009,2784,2630,2706,3010,2550,2932,2781,3008
"1226",1027,1187,1263,1334,1481,1482,1483,1485,1496,1557
"1227",2855,3009,2784,2550,3010,2781,2932,2630,2706,2782
"1228",21,22,23,24,25,26,27,31,32,97
"1229",2784,2862,2863,2870,2871,2872,2873,2874,2875,2876
"1230",1027,1185,1186,1187,1188,1263,1264,1334,1481,1482
"1231",1,2,3,4,5,6,7,11,12,13
"1232",11,12,13,14,15,16,17,18,19,20
"1233",2855,3009,2630,2784,2706,2932,3010,2550,2781,3008
"1234",1481,1482,1557,1558,1559,1572,1573,1648,1649,1708
"1235",2784,3009,3010,2781,2859,2550,2935,3008,2706,3011
"1236",2784,3009,2855,2859,2781,3010,2550,2706,2935,2630
"1237",24,25,26,27,97,98,99,100,101,102
"1238",21,22,23,24,25,26,27,50,51,52
"1239",21,22,23,24,25,26,27,50,51,52
"1240",21,22,23,24,25,26,27,32,33,50
"1241",2784,2781,2859,2932,3009,3010,2939,3015,2706,2936
"1242",2784,2859,2781,2855,2932,3009,2630,2936,2935,2860
"1243",1027,1170,1172,1184,1185,1186,1187,1188,1203,1259
"1244",2784,3009,3010,2862,2935,2780,2859,2863,1788,2781
"1245",2784,2705,3006,2552,2859,1481,2633,2630,2703,2704
"1246",21,22,23,24,25,26,27,31,32,50
"1247",101,108,109,113,176,177,178,179,184,185
"1248",1027,1334,1481,1482,1483,1485,1496,1557,1558,1559
"1249",2784,2859,2870,2871,2872,2873,2874,2875,2876,2877
"1250",21,22,23,24,25,26,27,31,32,33
"1251",11,12,13,14,15,16,17,18,19,20
"1252",2784,3009,2781,3010,2859,2935,2939,3015,2863,2862
"1253",2784,2862,2939,3015,2863,2938,2870,2871,2872,2873
"1254",2784,2862,2939,3015,2863,2938,3006,2859,2870,2871
"1255",2784,3009,2855,3010,2781,2859,2706,3008,2932,2550
"1256",1481,1725,1726,1788,1789,2319,2390,2552,2627,2633
"1257",21,22,23,24,25,26,27,50,51,97
"1258",1481,1708,1725,1726,1788,1789,1863,2258,2332,2390
"1259",1027,1185,1187,1263,1334,1481,1482,1483,1485,1496
"1260",2784,2855,3009,3010,2781,2630,2706,2932,2550,3008
"1261",2784,2862,2939,3015,2863,2938,2859,2861,3014,2933
"1262",731,2784,3009,580,656,657,807,805,184,729
"1263",18,19,20,21,22,23,24,25,26,27
"1264",11,12,13,14,15,16,17,18,19,20
"1265",21,22,23,24,25,26,27,31,32,33
"1266",2784,3009,2855,2781,2859,3010,2932,2706,2630,2550
"1267",1788,2552,2627,2633,2635,2703,2705,2780,2784,2861
"1268",1,2,3,4,5,6,7,8,9,10
"1269",2784,2855,3009,2630,2706,3010,2932,2859,2781,195
"1270",2784,2859,2781,3009,2932,2706,3010,2630,2936,2935
"1271",1,2,3,4,5,6,7,8,9,10
"1272",2784,2855,3009,2781,3010,2859,2706,2932,2630,2550
"1273",20,21,22,23,24,25,26,27,31,32
"1274",2784,2859,2855,3009,2781,2706,2936,3006,3010,2935
"1275",3009,2855,3010,2784,2779,2781,2550,3008,2706,2859
"1276",2781,2784,3009,3010,2932,2859,3008,2706,2550,3011
"1277",21,22,23,24,25,26,27,31,32,33
"1278",2784,3009,3010,2855,2781,2859,2550,2706,3008,2935
"1279",1788,2552,2627,2633,2635,2703,2705,2780,2784,2861
"1280",2784,2862,2863,2870,2871,2872,2873,2874,2875,2876
"1281",2781,2784,3009,3010,3008,2859,2932,2706,2935,3011
"1282",2784,2859,2862,2939,3015,2863,2781,2938,2870,2871
"1283",21,22,23,24,25,26,27,31,32,50
"1284",2784,3009,3010,2781,3008,2706,2859,3011,2550,2855
"1285",2784,2939,3015,2862,2863,2859,2938,2870,2871,2872
"1286",21,22,23,24,25,26,27,31,32,52
"1287",1788,2784,731,875,186,580,656,657,2780,2705
"1288",2784,3009,2855,3010,2781,2706,2859,2630,2550,2932
"1289",3009,2784,2855,3010,2781,2550,3008,2706,2932,2859
"1290",2784,2862,2939,3015,2938,2863,3006,3014,2861,2870
"1291",3009,2784,3010,2855,2781,2706,3008,2630,2550,2932
"1292",2784,2939,3015,2947,2948,2949,2950,2951,2952,2953
"1293",2855,3009,2784,3010,2630,2706,2781,2550,3008,2932
"1294",21,22,23,24,25,26,27,50,51,97
"1295",1,2,3,4,5,6,7,8,9,10
"1296",2784,2859,2781,3009,2936,2862,2939,3015,2863,2706
"1297",21,22,23,24,25,26,27,31,32,97
