"","V1","V2","V3","V4","V5","V6","V7","V8","V9","V10"
"1",1100,3022,3020,337,2938,3024,285,2977,2758,135
"2",2972,3007,2981,2998,2988,2918,3013,2360,2811,2960
"3",1258,1342,1799,1173,1782,1085,1645,1370,1525,1856
"4",2763,2705,2672,2598,2651,3003,2724,2786,2945,2686
"5",219,222,268,606,375,469,442,332,189,262
"6",2387,1501,2444,465,2328,2408,406,2334,2235,2442
"7",2354,2055,1891,1957,1780,1940,2286,2117,2318,1983
"8",1943,2286,2044,2354,1468,2180,1891,1957,2201,2383
"9",2802,2823,2734,2160,2306,1526,1569,2307,2363,2783
"10",1101,1617,1933,2140,921,1294,728,1206,1798,2015
"11",1771,1863,1545,1785,1847,1534,1829,617,747,837
"12",2397,2380,2441,2298,2349,2358,2393,2400,2477,2439
"13",2602,2618,2516,2268,2309,2312,2659,2733,2349,2360
"14",2963,3007,3020,3000,3038,2961,3013,3002,3021,2910
"15",2391,2044,2299,1943,1891,1957,2142,2331,1641,2180
"16",2665,2819,2619,2575,2311,2319,2804,2238,1494,1700
"17",2329,2354,1983,2055,1877,2005,1891,1957,1536,1653
"18",2019,2074,1776,2068,2106,2131,2177,2624,2711,2755
"19",2222,2281,2827,2763,2720,2996,3030,2686,2211,2232
"20",3003,3034,2840,2854,2895,2953,2989,2994,2945,2870
"21",2414,2602,2618,2462,2516,2438,2521,2646,2677,2659
"22",1344,1001,1094,778,586,913,988,1063,1161,647
"23",1344,1397,795,893,965,1170,1334,1264,1261,1094
"24",1294,1108,1295,1100,1288,896,990,1091,196,1386
"25",2334,2391,1617,1933,2140,2331,2235,1798,2015,2120
"26",2945,2786,2995,2954,2950,2953,2989,2994,2967,2724
"27",3002,2897,3022,2967,2915,2948,2973,2954,3020,2985
"28",1863,1537,1771,1274,1408,1340,1555,1829,1400,1785
"29",2665,2686,2705,2749,2682,2724,2649,3034,2690,2741
"30",2106,2131,2177,2167,2281,2066,2169,2446,2472,2481
"31",2026,2070,2086,2174,2189,1975,2134,2232,2016,2036
"32",2661,2819,2915,2695,2665,2804,2961,2675,2749,2919
"33",2232,2189,3007,2072,2963,2516,2827,2360,2574,2016
"34",2298,2360,2229,2269,2349,2202,2380,2441,2281,2189
"35",2391,2299,1641,1891,1957,1943,2487,2044,2331,2238
"36",2749,3034,2454,2518,2576,2897,2915,3003,2786,2819
"37",2299,2391,2223,1641,1660,2331,1555,1511,2394,1891
"38",1891,1957,1613,1677,1747,1818,1863,1641,2383,1274
"39",2005,1344,1923,1976,2110,2208,2180,2094,1949,795
"40",3034,3003,2945,2840,2854,2895,2848,2953,2989,2994
"41",2324,1498,2387,1587,1598,2328,2408,2226,1720,2235
"42",2975,3007,3038,1864,2980,2992,3036,2910,2939,2988
"43",1501,1891,1957,2329,1397,1043,875,1541,1534,1377
"44",2957,2983,2804,2772,3002,2619,2668,2995,2985,2751
"45",2268,2309,2312,2762,2706,2732,2667,2260,2365,2636
"46",98,1771,1534,1891,1957,1863,41,145,38,1810
"47",2733,2602,2618,2715,1684,989,1742,2072,2516,2592
"48",2134,2232,2026,2070,2086,2174,2189,2360,2072,3007
"49",2398,2448,219,222,268,2298,2397,2592,2569,2380
"50",2001,2397,2066,2169,2358,2393,2400,1467,2268,2309
"51",2238,2322,2341,2425,2426,1499,1494,1597,1700,2079
"52",2334,2391,1933,2140,2235,2238,1798,2015,2120,2192
"53",2298,2202,2122,2369,2978,2403,2360,2281,2162,2236
"54",2651,2672,2598,2413,2464,2385,2763,2686,3003,2705
"55",2487,2238,1499,1405,2322,2341,2425,2426,2237,1618
"56",728,2910,1294,1617,804,872,1113,1933,2140,1197
"57",2288,2281,2462,2343,2733,2516,2402,2581,2602,2618
"58",1344,1541,1608,795,893,965,1397,1094,1382,1170
"59",1975,1878,1959,2026,2070,2086,2174,2189,2655,2052
"60",2897,3022,2954,2967,2786,3002,2995,2950,2820,2948
"61",1344,1397,795,893,965,1264,1334,1170,1261,2005
"62",3034,2840,2854,2895,2686,2950,3003,2953,2989,2994
"63",3022,3002,3020,2897,2954,3024,2967,2820,2915,2985
"64",2222,1878,1959,2026,2070,2086,2174,2189,2281,1876
"65",2897,2983,2948,2973,2672,2651,2915,2682,2686,2385
"66",2674,2643,2334,2431,2625,2690,2665,2619,2391,1598
"67",2090,2236,1975,2298,2281,2211,2122,2077,1878,1959
"68",2686,2665,2619,2804,2919,2749,2661,2675,2643,2682
"69",1344,1397,183,795,893,965,1334,1264,1170,1261
"70",1406,1495,1115,1328,1298,1319,1107,1498,2133,1395
"71",221,110,55,72,59,40,1101,135,337,19
"72",442,1427,1799,1258,1342,189,262,1277,880,1135
"73",2786,3022,2954,3021,2967,3033,3024,2950,3003,2953
"74",2072,2477,2268,2309,2312,2439,2569,2380,2441,2232
"75",1344,2502,1382,1189,2487,1455,1541,1397,795,893
"76",2643,2675,2596,2714,2679,2591,2522,3027,2564,2719
"77",1498,2324,1720,2114,2334,1838,795,893,965,2387
"78",2565,2167,2156,2446,2472,2481,2026,2070,2086,2174
"79",1107,989,1799,365,1258,1342,1025,1203,875,1406
"80",2665,3020,2819,2686,2607,2749,2804,2682,2311,2625
"81",2148,2360,2298,2077,2162,2229,2269,2026,2070,2086
"82",2298,2281,2236,2202,2397,2122,2360,2148,2380,2441
"83",2281,2651,2236,2675,2661,3021,2992,2222,2672,2763
"84",2686,2672,2741,2705,2413,2464,3034,2682,2651,2724
"85",1344,2005,1541,183,1608,1397,118,140,157,1899
"86",2268,2309,2312,2592,2360,2516,2602,2618,1796,2156
"87",2615,2705,2651,2672,2724,2598,2763,2413,2464,2686
"88",1337,897,1564,1375,919,976,1067,1143,1378,1593
"89",2977,3022,2758,3020,2986,3005,3010,2504,2901,2963
"90",98,1541,1534,1810,1608,2329,1189,1863,1382,1891
"91",2763,2672,2598,2945,2705,2651,2786,2724,2686,2702
"92",1405,2238,2237,1609,1826,1618,1733,2299,1206,2322
"93",2862,2823,2827,2802,2845,2797,2810,2792,3018,2451
"94",1541,1608,2331,2299,1618,1789,1817,2487,1891,1957
"95",1397,1344,956,856,1441,1191,795,893,965,1623
"96",2674,2643,2675,2889,2936,3007,2422,2975,2733,2596
"97",1344,1397,795,893,965,1369,956,1264,1170,1261
"98",2643,2675,2714,2674,2596,2705,2522,2724,2686,2607
"99",2222,2211,2281,2164,2236,2274,2039,2026,2070,2086
"100",1344,795,893,965,1170,1264,1369,1261,1397,1334
"101",2072,1825,1752,1864,1643,1684,1942,923,2269,782
"102",2329,98,1891,1957,2286,1983,2354,2055,1613,1677
"103",1344,183,795,893,965,1170,2005,1397,1264,1094
"104",1054,1771,1863,1454,1585,1537,2299,1754,1891,1957
"105",11,65,50,88,98,2180,193,2201,6,27
"106",2349,2066,2169,2167,2358,2393,2400,2106,2131,2177
"107",2724,2786,2945,3003,3034,2953,2989,2994,2950,2954
"108",2502,2406,2487,1897,1382,1344,1618,2233,2354,1189
"109",2802,2845,2590,2823,2537,2561,2654,2775,2903,2734
"110",1344,795,893,965,1170,1334,1264,1397,1369,1261
"111",2281,2438,2106,2131,2177,2349,2066,2169,2602,2618
"112",2802,2711,2755,2793,2924,2934,2951,2823,2762,2164
"113",2310,2357,1537,155,1979,192,199,1189,1770,1382
"114",2954,2967,3022,3024,2680,2728,2786,2820,3020,3021
"115",2269,1752,1825,2232,2229,2072,1842,1852,1792,2268
"116",2302,193,2200,2249,2422,406,202,2314,2161,2227
"117",2268,2309,2312,2360,2733,1796,2581,2516,2602,2618
"118",2643,2675,2679,2714,2596,2564,2591,2522,2698,2597
"119",2281,2343,2438,2720,2733,2288,2397,2268,2309,2312
"120",2845,2802,3034,1874,2479,2862,2788,1763,2057,2840
"121",2397,2380,2441,2298,219,222,268,2349,2605,2477
"122",1541,1771,1054,1863,1608,1454,1274,1537,1408,1785
"123",2229,2380,2441,2189,2269,2298,2349,2232,2214,1924
"124",2802,2074,2823,2306,2307,2363,2734,2124,2845,2252
"125",2827,2574,2527,2720,2733,2422,2581,2715,2516,2565
"126",2945,3003,2786,2953,2989,2994,2724,3034,2977,2950
"127",1189,1983,1344,2354,1382,2502,1455,1536,1653,1724
"128",1720,2180,1498,1344,2005,1413,1571,1729,1824,795
"129",1796,2268,2309,2312,2733,2602,2618,2715,2592,2380
"130",2414,2462,2733,2281,2325,2516,2581,2513,2580,2791
"131",2222,2211,2446,2472,2481,2477,2281,2189,2026,2070
"132",2238,2322,2341,2425,2426,2235,1798,2015,2120,2192
"133",2733,2581,2715,2516,2918,2998,2972,2268,2309,2312
"134",1897,1979,1601,1716,1618,2406,1291,2233,1793,2057
"135",2238,2322,2341,2425,2426,2487,1499,2391,2136,907
"136",2357,2310,1979,1537,1291,1770,2145,2057,1382,1541
"137",1541,1608,1054,1863,1771,1891,1957,2299,1274,1408
"138",2958,2947,3009,3027,2889,2936,2946,2881,2959,2762
"139",1618,2487,2494,1983,1405,2354,2329,1891,1957,1536
"140",2298,2202,923,1416,1548,2360,2162,2148,2229,1831
"141",1344,647,681,795,893,965,778,674,758,1153
"142",2313,2827,2720,2307,2363,2351,2437,2144,332,2257
"143",2325,2631,2695,2644,2661,2988,2675,2530,2811,2768
"144",2504,2827,2963,2606,2691,2720,2630,2860,2878,2880
"145",2299,1541,1608,1891,1957,1863,1613,1677,1274,1408
"146",2299,1405,2238,2237,1618,1386,1492,1609,1826,2514
"147",2720,2298,2281,2343,2797,2810,2202,2792,2380,2441
"148",2919,2868,2876,3002,2958,2961,3000,2985,2852,2902
"149",2269,2229,2232,2189,3007,2303,2072,2214,2733,2268
"150",1344,2005,1923,1976,2110,2208,795,893,965,114
"151",2354,2055,2487,2238,1780,1940,2322,2341,2425,2426
"152",1541,1608,1899,1849,1962,1397,1760,1783,1549,1823
"153",2324,2317,2387,2328,2408,2226,1344,2444,2235,2442
"154",2325,2811,2721,2817,2513,2580,2791,2922,2631,2372
"155",2477,2439,2351,2437,2446,2472,2481,2492,2542,2818
"156",1344,1397,795,893,965,956,1170,856,1441,1264
"157",1344,795,893,965,1170,2005,1264,1334,1261,1369
"158",2487,1618,1983,1405,2354,2494,2055,2238,1536,1653
"159",1189,1979,2357,1541,1608,1382,1455,2310,155,1344
"160",2873,3002,3020,2918,3007,2922,2915,2985,2988,2507
"161",1382,1189,1455,1344,1541,1397,1557,1132,1608,1264
"162",2592,2733,989,2715,2602,2618,1684,718,2605,2398
"163",1344,1397,795,893,965,956,856,1170,1441,1264
"164",98,2323,1534,2197,1541,172,1608,1863,1891,1957
"165",1344,1264,1334,1261,1397,795,893,965,1170,1043
"166",2786,2724,3022,3034,2651,3003,2954,2950,2967,3021
"167",98,1382,1455,172,1189,1397,1557,1132,1810,1043
"168",2214,2303,2268,2309,2312,2762,2360,2162,2229,1878
"169",3034,3003,2957,2840,2854,2895,2870,2983,2915,2897
"170",1189,1455,1382,2406,1608,1541,2502,1897,1618,1334
"171",2675,2919,2661,2961,2695,2772,2674,2868,2889,2936
"172",2299,2391,1660,2331,1891,1957,1511,2394,1613,1677
"173",2827,332,2516,1796,2351,2437,2307,2363,2477,2134
"174",2324,2387,2328,2408,2444,2235,2317,2442,2133,1498
"175",2897,3022,3033,2954,2967,3002,3024,3021,3020,3031
"176",2643,2714,2675,2674,2773,2281,2992,2679,2777,2360
"177",923,1028,1645,574,1213,970,1530,544,1576,1258
"178",2442,2133,1587,1696,2030,2228,1498,2387,1599,1692
"179",2299,1618,1386,1492,1405,2238,1789,1817,2514,1708
"180",2354,2055,2238,1609,1826,1780,1940,2318,2299,1733
"181",2354,2238,2055,1609,1826,1733,2299,2334,2318,2391
"182",2214,1941,2303,2762,1878,1959,2268,2309,2312,2105
"183",2298,2360,2397,2380,2441,2202,2269,2792,2349,2605
"184",2487,1541,2331,1618,2494,1813,2354,1608,1382,2055
"185",2354,2055,1983,1891,1957,2329,1780,1940,1536,1653
"186",2733,38,2691,2268,2309,2312,2581,2516,2715,2360
"187",2360,2148,2077,2162,2229,2026,2070,2086,2174,2269
"188",30,3035,3039,66,2414,138,1796,2134,31,2232
"189",2802,2845,1944,2862,3034,2823,2840,2854,2895,1846
"190",2380,2441,2349,2358,2393,2400,2397,2569,2477,2605
"191",1344,795,893,965,1170,1397,1264,1334,1261,1369
"192",2299,2331,2391,2394,1891,1957,1600,1418,1719,410
"193",1344,2005,795,893,965,1170,183,1923,1976,2110
"194",2072,1942,1825,2137,2189,1752,1919,1833,2232,1684
"195",2845,2802,2827,2124,2252,2306,2307,2363,2313,1705
"196",2281,2438,2349,2167,2446,2472,2481,2307,2363,2343
"197",2268,2309,2312,2581,2715,2733,2360,2972,2918,2516
"198",2984,2764,2829,2978,2943,2702,2763,2945,2705,2724
"199",2686,2705,2724,2672,3034,2665,2707,2675,2607,2651
"200",2360,2643,2675,2269,2229,2298,2714,2438,2232,2189
"201",2072,2592,2269,2733,2602,2618,2268,2309,2312,2229
"202",2189,1904,1911,2845,1874,2057,2802,1842,1852,3034
"203",2311,2238,1700,2079,2319,2322,2341,2425,2426,2575
"204",1344,2005,795,893,965,1170,183,1264,1334,1094
"205",2477,2439,2397,2569,2268,2309,2312,2134,2380,2441
"206",2984,2943,2763,3009,2945,2928,2893,3016,2900,1337
"207",2733,2581,2715,2516,2602,2618,2620,2657,2660,2683
"208",907,2299,1101,2238,1405,1618,2391,1499,2237,2322
"209",2307,2363,2252,2281,2013,2257,2313,2049,2351,2437
"210",2819,2665,2686,2804,2749,3021,2915,2919,2682,2672
"211",2686,2705,2672,2724,2665,3034,2749,2707,2741,2682
"212",2487,907,2238,2322,2341,2425,2426,1499,1618,1405
"213",2724,2651,3003,3021,2786,2963,3034,2518,2576,3033
"214",2238,2322,2341,2425,2426,1499,907,2136,2487,1101
"215",2827,2232,2574,2134,2733,2268,2309,2312,2477,2072
"216",2958,3027,2269,2360,2947,2975,2232,2298,2959,2889
"217",2705,2615,2702,2763,2625,2466,2614,2607,2690,2764
"218",1189,1608,1541,1455,1501,1382,98,1557,1132,816
"219",2733,2232,2477,2268,2309,2312,2439,2818,2715,2574
"220",3021,2945,3022,3033,2954,2967,3024,3020,2786,2910
"221",1277,183,880,297,929,1545,442,1520,147,118
"222",1294,40,168,728,49,92,322,416,337,450
"223",2298,2134,2026,2070,2086,2174,2307,2363,2148,2360
"224",1789,1817,1541,2299,1618,1708,1608,1386,1492,2331
"225",2222,2211,2236,2090,2281,2827,2026,2070,2086,2174
"226",2919,2724,2868,2876,2778,3002,2915,2804,2751,2820
"227",2901,2857,2908,2923,2827,2916,2931,2963,2925,2736
"228",1897,2233,1601,1716,1979,2406,1813,2238,1793,2502
"229",2072,2360,2733,2602,2618,1691,1593,2268,2309,2312
"230",1397,1191,1344,956,1541,856,1608,1779,1623,1683
"231",2281,2827,2477,2013,2439,2720,2446,2472,2481,2307
"232",2615,2651,2763,2707,2690,1733,2528,2391,2299,1609
"233",2705,2724,2672,2763,2598,2686,2786,3003,2651,2953
"234",1878,1959,1975,2077,1876,2095,2281,2052,2164,2046
"235",1975,1878,1959,2026,2070,2086,2174,2222,2189,2485
"236",2885,2958,2946,2863,2891,3027,2922,1904,1911,2646
"237",2214,2303,2268,2309,2312,1878,1959,2360,2762,2162
"238",3003,2840,2854,2895,2879,2896,2996,2955,2802,2870
"239",1397,1760,1745,1644,1585,1191,956,1382,856,1454
"240",2238,907,1618,2322,2341,2425,2426,1499,1405,1101
"241",1337,897,1564,1593,1375,919,976,1067,1143,1378
"242",2651,2672,2385,2682,2413,2464,2661,2897,2686,2340
"243",2763,2945,2702,3003,2975,2786,2651,2910,2829,2939
"244",2005,1344,183,1923,1976,2110,2208,795,893,965
"245",923,1576,1548,1880,1416,1028,1681,1645,1856,1910
"246",2686,2749,2672,2572,2682,2840,2854,2895,2705,2741
"247",1344,795,893,965,1170,1264,1397,1334,1261,1369
"248",1863,1537,1274,1408,1555,1771,1054,1829,1534,1400
"249",1846,1766,1526,1569,1944,488,1149,1301,1358,1432
"250",2802,2306,2307,2363,2124,2252,2590,2160,2352,1526
"251",989,782,365,1880,1883,1977,2014,2021,1892,1681
"252",1189,1455,1382,1608,1541,2406,1122,1043,1344,1979
"253",1344,2005,183,795,893,965,1170,114,1923,1976
"254",1796,2776,2504,2781,2156,2026,2070,2086,2174,2189
"255",2001,2298,1924,1960,2066,2169,1880,1548,2792,1864
"256",192,199,2329,98,1534,2286,1891,1957,1863,1340
"257",2360,2229,2414,2189,2521,2269,2214,2602,2618,1593
"258",30,2134,2026,2070,2086,2174,2232,2189,1796,2360
"259",1382,1189,1455,1344,1264,1261,1043,1397,1334,1122
"260",2148,2077,2360,2162,2046,2229,2052,2026,2070,2086
"261",1878,1959,2222,2281,1876,1975,2164,2095,2189,2026
"262",2077,2360,2281,2148,2236,1975,2095,2046,2269,3007
"263",2802,2879,2306,2823,2307,2363,2124,2252,2351,2437
"264",38,2321,11,65,1735,188,1762,162,193,2201
"265",2026,2070,2086,2174,2189,2134,2232,2016,2036,2111
"266",2763,2615,2705,2702,2679,2696,2625,2466,2614,2607
"267",2502,337,1344,1585,2487,1405,2233,1983,2354,265
"268",2354,2055,2238,1780,1940,2286,2322,2341,2425,2426
"269",2975,3027,2958,3009,2980,2947,2889,2936,2959,2906
"270",2845,2802,3034,2862,2479,2788,2877,2840,2854,2895
"271",2238,1621,2322,2341,2425,2426,2391,1499,1931,2331
"272",1501,1344,1303,1043,1397,1094,1623,1683,1122,795
"273",2148,2026,2070,2086,2174,2077,2189,2134,2232,2360
"274",813,1548,1258,1342,2696,1799,1457,923,2679,1880
"275",2019,2074,1776,2214,2881,1951,1337,3004,897,1564
"276",2019,2074,1776,1337,1951,2214,2222,897,1564,2164
"277",2233,2238,2114,2334,2431,2322,2341,2425,2426,2502
"278",1100,322,416,3020,2938,1235,380,1324,1116,3022
"279",2980,2298,2937,2202,2148,2360,1548,1691,3028,1416
"280",2134,2026,2070,2086,2174,2232,2477,2189,2827,2156
"281",908,1258,1342,989,1799,418,506,333,1107,365
"282",1382,1043,1189,1344,1455,1264,1122,1397,2406,1261
"283",3022,3020,3024,3035,3039,2977,3021,2986,3005,3010
"284",2477,2439,2232,2446,2472,2481,2492,2542,2072,2189
"285",1498,1720,1505,1612,1393,2314,2324,2226,1107,1389
"286",3020,3002,3021,2876,2985,3007,3022,3035,3039,1752
"287",2414,2268,2309,2312,2281,1975,2288,2462,2733,2602
"288",1863,1274,1408,1771,1555,1537,1585,1829,1400,1336
"289",3034,2945,2705,2984,2943,3003,2763,2900,2953,2989
"290",2214,2019,1941,2303,2074,2268,2309,2312,1776,2105
"291",2349,2281,2298,2477,2122,2202,2001,2148,2077,2605
"292",2397,2380,2441,2605,2298,2349,2281,2477,2358,2393
"293",2026,2070,2086,2174,2222,2189,2134,1975,2232,1878
"294",2802,2896,2823,2734,2879,2832,2590,2931,2845,2616
"295",66,1975,2052,8,1878,1959,1576,1831,923,4
"296",2281,1878,1959,2222,2077,2414,2026,2070,2086,2174
"297",2074,2268,2309,2312,2358,2393,2400,2762,2066,2169
"298",1344,795,893,965,1170,1397,1264,1261,1369,1334
"299",2268,2309,2312,2592,2602,2618,2569,2260,2365,2380
"300",1501,1397,1344,1623,1683,1303,1043,1369,1545,1277
"301",1878,1959,2077,2222,1876,2026,2070,2086,2174,2281
"302",2281,2164,1878,1959,2236,2222,2039,1593,2077,2298
"303",1863,1274,1771,1408,1555,1829,1400,1336,1054,1785
"304",907,2238,2487,1405,1499,1618,2299,2237,2322,2341
"305",1541,1608,1501,1557,1132,1666,1749,1784,1623,1683
"306",2477,332,2439,396,2351,2437,2397,2380,2441,300
"307",2298,2202,2360,3011,2189,2232,2380,2441,2980,2229
"308",2238,2322,2341,2425,2426,1499,2487,2136,907,2391
"309",1979,2310,2357,1291,2145,1537,712,1189,1770,2329
"310",2281,2222,2446,2472,2481,2827,2156,2026,2070,2086
"311",2893,2019,3032,3016,2881,2074,2971,1776,3004,2222
"312",2391,2299,2331,2238,2394,2241,2025,2125,1101,2324
"313",2268,2309,2312,2733,2602,2618,2156,2715,2659,2592
"314",1849,1962,1545,1546,2084,1541,1745,1277,1520,1258
"315",1720,1498,1838,1107,2005,1505,1612,1393,2324,2226
"316",2397,2477,2380,2441,2439,2298,2349,2446,2472,2481
"317",2189,1904,1911,1842,1852,2232,2016,2036,2111,2150
"318",2360,2134,2232,2298,2268,2309,2312,2269,2569,2592
"319",2026,2070,2086,2174,2189,2148,2077,2134,1904,1911
"320",183,1344,2005,1923,1976,2110,2208,147,795,893
"321",2167,2827,2160,2301,2213,2219,2165,2106,2131,2177
"322",2945,3003,3034,2953,2989,2994,2984,2943,2763,2977
"323",2665,2749,2682,2686,2649,2705,2724,2741,3034,2672
"324",2005,1720,1344,1498,1838,1923,1976,2110,2208,795
"325",2281,2438,2446,2472,2481,2349,2377,2333,2477,2390
"326",2057,2189,1944,2845,3034,1699,1668,1874,2479,1846
"327",2019,2074,1776,2068,2106,2131,2177,2066,2169,1951
"328",2268,2309,2312,2167,2602,2618,2762,2349,2066,2169
"329",1593,1975,1878,1959,2281,2211,2077,1457,1876,1691
"330",2391,1874,2235,1641,2331,2238,1468,2299,2057,2324
"331",98,1534,1863,1771,1891,1957,1340,1810,2329,1541
"332",2334,2391,1617,1933,2140,2235,1798,2015,2120,2192
"333",2268,2309,2312,2592,2516,2360,2602,2618,2569,2397
"334",923,1548,1864,1416,1028,1681,1761,1645,1576,1880
"335",2281,2298,2349,2122,2077,2477,2202,2148,2360,2397
"336",2148,2026,2070,2086,2174,2134,2189,2232,2360,1842
"337",2406,2487,1618,2502,1897,1541,1382,1189,2238,2354
"338",2298,2202,2148,2026,2070,2086,2174,2360,2189,2122
"339",1107,1406,1115,1208,928,1060,804,832,1720,1022
"340",1054,1771,1863,1541,1274,1408,1537,1785,1847,1454
"341",2802,2823,2845,2734,2788,2306,2307,2363,2735,2896
"342",2084,1545,830,1745,1849,1962,1277,1146,1970,1028
"343",1878,1959,2077,1876,1975,2164,2095,2281,2046,1830
"344",1745,1541,1760,1608,1849,1962,1899,1397,1277,647
"345",3020,3022,3002,2977,3021,3024,2232,2758,3035,3039
"346",1618,1983,1189,1813,1132,1613,1677,1405,2238,1780
"347",2268,2309,2312,2733,2360,2581,2134,2720,2715,2232
"348",1397,1541,1608,1899,1191,956,856,1441,1546,1849
"349",1101,921,1294,1210,1004,1295,1125,1511,1203,1107
"350",2211,1975,2222,2281,2026,2070,2086,2174,1878,1959
"351",3022,2651,2504,2385,2897,2413,2464,2954,3024,3021
"352",2268,2309,2312,2397,2380,2441,2360,2733,38,2298
"353",2246,2351,2437,2827,332,2931,2439,2720,2901,2477
"354",2134,2232,3035,3039,2360,2072,2026,2070,2086,2174
"355",1292,782,3020,2918,2914,2873,1025,1183,2937,989
"356",1454,1863,1585,1274,1408,1660,1771,1054,1537,1829
"357",1189,1382,1455,1541,1608,98,819,870,875,1344
"358",2763,2702,2672,2705,2598,2945,2614,2690,2651,3003
"359",2507,2972,3007,3020,3002,2733,2873,2981,2918,2544
"360",1593,2167,2349,2281,1562,2219,2592,2301,2026,2070
"361",2763,2702,2626,2675,2625,2596,2643,2614,2714,2690
"362",2387,1498,2324,2328,2408,2235,2317,2444,1598,2442
"363",2391,2299,2331,2394,1641,1719,2223,2241,2025,2125
"364",2238,2322,2341,2425,2426,2136,2487,1499,907,2391
"365",2324,2317,2419,2328,2408,2387,1533,2391,2223,2235
"366",2161,2157,1849,1962,2175,2215,2084,3040,189,262
"367",1878,1959,2077,1876,2281,1975,2164,2095,1593,2046
"368",1975,2148,2077,2052,2360,2281,1878,1959,2162,2298
"369",2324,2317,2391,2328,2408,2419,2387,1533,1599,1696
"370",1863,1274,1408,1771,1534,1891,1957,1054,1555,1829
"371",2391,2299,2331,2394,2223,2241,2025,2125,2324,1719
"372",2074,2268,2309,2312,2762,2260,2365,2706,2732,2106
"373",2298,2397,2380,2441,2720,2307,2363,2605,2403,2592
"374",3035,3039,3022,2995,3020,3002,2876,3024,2919,2985
"375",2211,2222,2164,2307,2363,2252,2236,2090,2827,2013
"376",2238,2299,2322,2341,2425,2426,1405,2487,1609,1826
"377",2391,2299,2331,2394,2241,2025,2125,1719,2324,2223
"378",3003,2786,3022,2945,3034,3021,3035,3039,3024,2950
"379",2414,2691,2733,2281,2592,2581,2462,2972,2325,2569
"380",2360,2268,2309,2312,2298,2269,2397,2134,2260,2365
"381",2516,2134,2606,2477,2232,2268,2309,2312,138,2581
"382",2238,2322,2341,2425,2426,2354,2055,1733,2136,2114
"383",2026,2070,2086,2174,2189,2148,2134,2077,1842,1852
"384",1863,1534,1771,1891,1957,1054,1274,1340,1408,1613
"385",2651,2672,2661,3022,3035,3039,2686,2995,3020,2695
"386",3007,2981,2889,2936,2975,2998,3020,3038,2988,3013
"387",1720,2005,1498,1838,1344,337,1107,795,893,965
"388",2074,2349,2066,2169,2106,2131,2177,1924,1960,2268
"389",2487,2354,2055,1405,2238,1983,1609,1826,1536,1653
"390",2679,2624,2591,2288,2236,2719,2222,2928,2762,2698
"391",1344,795,893,965,1170,1397,1334,1264,1261,856
"392",3007,2873,2972,2988,2733,2811,3013,2507,2715,2922
"393",2827,2167,2446,2472,2481,2349,2160,2281,2845,2438
"394",2487,2238,1405,1499,2237,1618,2322,2341,2425,2426
"395",2487,2406,1618,2494,1789,1817,1891,1957,1983,2354
"396",1771,1863,1534,1891,1957,1274,1408,1340,1054,2299
"397",2651,2595,2615,2707,2334,1617,2391,2763,2690,2528
"398",1344,1397,956,183,795,893,965,1191,1369,1264
"399",3035,3039,3002,2876,2995,2985,3007,3020,3022,2919
"400",1344,1541,1608,1397,1382,1455,795,893,965,183
"401",2072,1825,1752,1643,2232,3020,1842,1852,1942,1684
"402",1891,1957,2299,1771,1613,1677,1863,1054,1747,1818
"403",3035,3039,2661,3002,2995,2983,2651,3022,2985,2623
"404",2819,2665,2686,2804,2749,2682,3021,2672,2311,2905
"405",2202,2298,2148,2122,2349,2397,2380,2441,2001,2077
"406",2896,2802,2879,3015,2840,2854,2895,3003,2870,2858
"407",1344,1397,1264,1334,1261,795,893,965,1191,1170
"408",2651,2945,2786,2724,2707,2950,2938,2778,2953,2989
"409",1100,1197,380,487,582,492,732,2938,1201,1235
"410",2298,2122,2148,2202,2077,2360,2182,2046,2199,2307
"411",1975,2222,2026,2070,2086,2174,1878,1959,2211,2189
"412",2299,2391,2331,1891,1957,2394,1511,1386,1492,1405
"413",2246,2477,2351,2437,1625,2156,1796,1842,1852,2003
"414",1344,795,893,965,1264,1170,1261,1397,1334,1369
"415",2238,2334,2331,2322,2341,2425,2426,2431,2575,2391
"416",2763,2945,3003,2786,3034,3011,2984,2953,2989,2994
"417",1891,1957,2331,1613,1677,2494,1747,1818,2531,2299
"418",2222,2281,2211,2164,2026,2070,2086,2174,2236,2189
"419",2391,2334,2331,1933,2140,2235,1798,2015,2120,2192
"420",2288,2281,2733,2762,2540,2602,2618,2627,2706,2732
"421",1863,1537,1274,1771,1408,1541,1608,1054,1585,1555
"422",2984,2829,2993,3025,3012,2764,3011,2978,2943,2974
"423",2238,2487,2322,2341,2425,2426,2136,1499,2391,2114
"424",2299,1891,1957,1613,1677,1660,1747,1818,1754,1585
"425",3034,3003,2840,2854,2895,2953,2989,2994,2686,2945
"426",2695,2631,2661,2325,2595,2988,1975,2811,2538,2546
"427",2802,2823,2845,2734,2301,2788,2849,2735,2306,2783
"428",2298,2351,2437,2134,2232,2026,2070,2086,2174,3011
"429",1344,795,893,965,1170,1397,1264,1334,1261,1369
"430",2764,2702,2705,2984,2724,2829,2943,2763,2945,2900
"431",1541,1608,1382,1455,1666,1749,1784,1549,2331,1189
"432",2347,359,606,300,2266,2259,278,2451,2083,429
"433",1660,1585,1541,1608,1454,1863,2299,1771,2391,1754
"434",2298,2360,2182,2202,2148,2397,2380,2441,2269,2134
"435",2827,2901,2246,2720,2931,2351,2437,2857,2908,2923
"436",2781,2268,2309,2312,2398,2448,30,2733,2360,2581
"437",2298,2360,2026,2070,2086,2174,2397,1796,2477,2380
"438",2281,2438,2349,2605,1562,2390,2343,2477,2397,2377
"439",1979,1291,1374,1480,1770,2057,2237,949,1591,1682
"440",2238,2487,1101,2322,2341,2425,2426,2114,2334,2136
"441",2019,2074,1776,1337,1951,2881,897,1564,2105,1948
"442",2148,2077,2360,2046,2162,2229,1975,2095,2026,2070
"443",2802,2823,1944,2361,2734,1846,2407,2845,1993,2051
"444",1344,795,893,965,1264,1170,1261,1382,1397,1369
"445",1864,2269,923,2229,1880,2072,2232,1548,2380,2441
"446",2189,2026,2070,2086,2174,2446,2472,2481,2232,2016
"447",2391,2299,1641,2223,2331,2394,2241,2025,2125,1891
"448",1382,1344,1189,1455,98,1043,1557,1264,1132,1397
"449",2521,2414,2877,2713,2565,1796,2156,2781,2655,2776
"450",2827,2783,2268,2309,2312,2797,2810,2792,2753,2823
"451",2565,2156,2571,2845,2652,2189,2602,2618,1796,2446
"452",1863,1534,1274,1891,1957,1408,1340,1771,1613,1677
"453",98,2329,1382,1541,937,1046,1119,1155,2197,1570
"454",2222,2026,2070,2086,2174,1878,1959,3035,3039,2189
"455",3021,2897,2954,3022,2967,3002,3033,2786,2995,2997
"456",2299,2331,2394,1891,1957,2391,1600,1719,1613,1677
"457",2978,2305,2980,3012,2984,2993,3025,3014,3028,3018
"458",2214,2019,2074,2762,2303,2268,2309,2312,1941,2911
"459",2733,782,989,2715,1681,419,2072,701,588,2592
"460",3020,2937,2981,2873,2910,2745,2975,2914,2507,3007
"461",2360,2269,2298,2232,2134,2268,2309,2312,2303,2581
"462",2763,2945,2598,2672,2651,2705,2724,2786,2702,2686
"463",2072,2019,2214,1416,1126,2303,2229,1663,1835,2268
"464",2919,2619,2686,2675,2661,2665,2643,2607,2705,2724
"465",2651,2910,3022,2945,2995,2786,2954,3020,2707,2967
"466",3009,3034,3029,2369,3014,2996,3011,3015,2943,2984
"467",2329,1891,1957,2286,1613,1677,1983,2354,1534,1536
"468",2802,2823,2734,2845,2788,2735,1944,2361,2051,2407
"469",3034,3003,2590,2953,2989,2994,2537,2561,2654,2775
"470",2802,2734,2823,1944,2306,2845,2307,2363,2361,2788
"471",2281,2438,2349,2605,2343,1562,2106,2131,2177,2397
"472",2222,2026,2070,2086,2174,1878,1959,2189,1975,2077
"473",2281,2733,2438,2605,2349,2516,2462,2268,2309,2312
"474",1863,1537,1585,1771,1274,41,1454,1408,1054,1754
"475",1975,1878,1959,923,1593,2148,1691,2281,1876,2052
"476",2222,2281,2164,2211,2236,2039,1878,1959,2026,2070
"477",2298,2202,2122,2148,2077,2360,2162,2229,2026,2070
"478",2026,2070,2086,2174,2189,2134,2148,2232,2016,2036
"479",2269,2072,2232,2602,2618,2303,2268,2309,2312,2659
"480",2910,3020,3007,3022,3000,2763,3038,2975,2963,3024
"481",2507,2544,2873,2501,2495,2533,2972,2459,2592,2418
"482",1541,1344,2487,1608,1397,1189,1382,1455,2354,1557
"483",2487,2406,2502,1541,1382,1618,1983,2329,2354,1344
"484",2733,2715,2667,2602,2618,2620,2657,2660,2683,2701
"485",1344,1397,1264,795,893,965,1261,1334,1170,1191
"486",2134,2827,2232,2477,2268,2309,2312,2720,2072,2574
"487",1382,1541,2329,1189,2354,1979,2055,1455,2286,98
"488",2106,2131,2177,2066,2169,2128,2143,2074,1840,2167
"489",1891,1957,337,1613,1677,1771,2329,1863,1534,1585
"490",2945,3003,3034,2840,2854,2895,2953,2989,2994,2848
"491",2391,2331,2241,2334,2328,2408,1604,1933,2140,465
"492",2238,2322,2341,2425,2426,2391,2114,2334,2136,1933
"493",2631,2325,2695,2661,2675,2988,3007,2372,2992,2998
"494",2074,2268,2309,2312,2066,2169,2106,2131,2177,2260
"495",2090,2236,1975,2039,2211,2281,1878,1959,2298,2164
"496",1100,380,2938,1197,1235,487,582,2977,1295,322
"497",2189,1904,1911,2232,1980,2016,2036,2111,2150,2026
"498",2331,2238,2431,2334,2391,2322,2341,2425,2426,2625
"499",2281,2414,2521,1878,1959,2077,2156,2026,2070,2086
"500",2268,2309,2312,2781,2134,2232,2360,2516,1796,2477
"501",219,222,268,300,2720,332,2451,258,606,208
"502",2354,2055,2238,2318,1609,1826,1780,1940,2299,2487
"503",2413,2464,2385,2454,2340,2518,2576,2504,2405,2355
"504",1863,1771,1274,1408,1537,1555,1054,1829,1400,1785
"505",2360,2148,2269,2298,2134,2232,2162,2229,2303,2026
"506",183,1397,1344,956,1191,795,893,965,789,1220
"507",2066,2169,2106,2131,2177,2268,2309,2312,1840,2162
"508",2013,2252,2307,2363,2257,2049,2199,2254,2313,2151
"509",2189,2845,2446,2472,2481,1904,1911,1842,1852,1944
"510",2305,2246,2298,2369,2202,2482,2398,2448,2252,2785
"511",2232,2827,2072,2963,2439,2477,2269,2062,2189,3030
"512",2325,2631,2695,2661,2644,2372,2988,1975,2721,2817
"513",2840,2854,2895,2870,2983,2590,2912,2749,2896,3003
"514",2268,2309,2312,2360,2581,2592,2733,2715,2972,2569
"515",2958,2947,2946,2889,2936,3027,2904,2959,2881,2962
"516",2763,2705,2945,3003,2993,3025,3012,2984,3011,2943
"517",3007,2972,2981,2988,2998,2918,3013,2873,3020,2811
"518",2502,2406,2487,1897,1382,1189,1618,1601,1716,1541
"519",2391,2299,2331,1641,2394,2241,2025,2125,2223,2324
"520",3034,2945,3003,2840,2854,2895,2953,2989,2994,2977
"521",2733,2715,989,2620,2657,2660,2683,2701,2725,2268
"522",2811,3007,2981,2918,2695,3020,2675,2922,2972,3002
"523",2763,2598,2945,3003,2651,2705,2786,2724,2672,2686
"524",2802,2734,2823,2845,2797,2810,1766,2783,2896,2879
"525",1382,1189,1541,2406,1455,2502,1344,1608,1264,1043
"526",2380,2441,2349,2605,2358,2393,2400,2477,2569,2268
"527",2252,2257,2211,2151,2198,2144,2281,2122,2307,2363
"528",2487,1405,1983,2354,2329,2055,2237,1618,2238,1536
"529",2269,2733,2268,2309,2312,2232,2715,2303,2229,2072
"530",3021,2724,2945,2786,3022,2778,3020,3035,3039,2950
"531",2414,2521,2281,2462,2402,2516,2438,2339,2602,2618
"532",2307,2363,2827,2281,2124,2313,2252,2845,2446,2472
"533",2829,2943,2910,2900,2763,2975,3017,2702,2764,2992
"534",1878,1959,2222,1975,2211,1876,2077,2281,2026,2070
"535",989,782,701,908,598,1025,875,1244,1377,574
"536",2651,2672,2786,2598,3003,2413,2464,2705,2953,2989
"537",2733,2715,2268,2309,2312,2972,2667,2620,2657,2660
"538",2958,2885,2946,2911,2922,2904,2959,2889,2936,2947
"539",2222,2211,2281,2189,2026,2070,2086,2174,2477,2827
"540",2072,1684,2137,1742,1573,1739,1825,1752,441,2156
"541",2074,2019,1776,1951,2106,2131,2177,1726,1337,2068
"542",2074,2019,2792,1776,1951,2711,2755,2793,2106,2131
"543",2665,2819,2749,2682,2804,2649,2915,2661,2948,2973
"544",2074,2792,2711,2755,2793,2797,2810,2066,2169,2757
"545",2299,2238,1733,2354,2391,2055,2318,1609,1826,2180
"546",2222,2026,2070,2086,2174,2189,2281,1878,1959,2164
"547",2385,2651,2413,2464,2340,2672,2897,2504,2454,2623
"548",1189,1382,1455,1344,1264,1334,1397,1261,1557,1132
"549",2114,2233,1406,2251,1597,1499,1793,2176,1617,1601
"550",3002,2985,2876,2995,3035,3039,2957,2983,2979,2919
"551",2167,2281,2307,2363,2252,2013,2438,2477,2306,2106
"552",1344,795,893,965,1094,1170,1043,1264,1122,1334
"553",2984,1880,2978,1681,980,1064,899,923,2937,3011
"554",1618,1789,1817,1386,1492,1597,1813,1405,907,2299
"555",2281,2438,2733,2602,2618,2659,2349,2462,2516,2106
"556",3040,574,1213,458,544,488,908,1135,813,821
"557",2477,2439,2818,2397,2446,2472,2481,2380,2441,2351
"558",2307,2363,2252,2013,2313,2049,2257,2351,2437,2295
"559",989,1051,1825,1118,1684,718,1879,914,1002,1181
"560",1405,2238,2237,1609,1826,1618,2299,2354,2318,2487
"561",2690,2457,2556,2665,2625,2594,2375,2436,2674,2371
"562",2222,2026,2070,2086,2174,2189,1878,1959,1975,2134
"563",2134,2232,2026,2070,2086,2174,2189,2360,2072,1904
"564",2643,2675,2596,2714,2522,2674,2625,2597,2591,2773
"565",2114,1770,1779,2251,1798,2015,2120,2192,2334,1979
"566",2502,1405,337,2487,2233,2237,1618,2238,1813,1609
"567",1863,1771,1274,1408,1555,1054,1829,1785,1847,1534
"568",2457,2556,2625,2594,2619,2575,2436,2267,2498,2532
"569",2074,2106,2131,2177,2066,2169,2358,2393,2400,2268
"570",1608,1541,1899,1849,1962,1745,1397,1760,1549,1546
"571",2391,2334,2235,1798,2015,2120,2192,1933,2140,1617
"572",3035,3039,3020,2072,3022,3021,2876,1825,3002,3024
"573",2945,2763,2984,3003,2724,2786,2702,2705,2829,2943
"574",2281,2827,2156,2565,2026,2070,2086,2174,2446,2472
"575",3035,3039,2876,3002,3020,3007,3021,2995,2919,2232
"576",2329,2354,1983,2055,2502,1536,1653,1724,2286,1780
"577",2369,2403,2298,2307,2363,2252,2202,2305,2739,2850
"578",1608,1541,1585,1891,1957,1754,1549,1660,1863,1613
"579",2840,2854,2895,2983,2870,2953,2989,2994,2848,2590
"580",2281,2164,1878,1959,2211,1975,2077,2236,2222,1876
"581",2026,2070,2086,2174,2189,2134,2148,2232,1904,1911
"582",2733,2268,2309,2312,2269,2620,2657,2660,2683,2701
"583",2661,2665,2915,2819,2804,2957,2686,2749,3002,2682
"584",3022,2897,3002,3020,2916,2703,3024,2915,2948,2973
"585",2661,2651,2385,2413,2464,2340,2454,2897,2375,2682
"586",2651,2615,2528,2707,2299,2607,2318,2355,2410,2589
"587",2643,2675,2714,2596,2522,2674,2679,2591,2564,2773
"588",2592,2733,2715,2602,2618,1684,2918,2268,2309,2312
"589",2675,2961,2468,2919,3000,2643,2690,2695,2804,2819
"590",1891,1957,1613,1677,2329,1747,1818,1983,2354,1863
"591",1878,1959,1975,2281,2077,1876,1593,2164,2095,2211
"592",2832,2616,2622,2635,2645,2673,2687,2802,2369,3034
"593",1975,1878,1959,919,976,1067,1143,1378,1593,2281
"594",1548,923,1416,1681,1028,1645,1761,1576,1586,1691
"595",2307,2363,2313,2246,2252,2257,2639,2144,2199,2351
"596",2268,2309,2312,2762,1284,2074,2260,2365,2706,2732
"597",2072,1942,1833,2189,1919,1576,2137,1825,1871,2232
"598",1593,1878,1959,1975,1876,2281,1416,2229,1457,1691
"599",380,1100,2938,3011,2977,3012,3020,1235,980,1064
"600",2232,2134,2360,2072,2269,2298,2189,2062,2026,2070
"601",1344,795,893,965,1170,1397,1334,1264,1261,1369
"602",2438,2349,2281,2106,2131,2177,2066,2169,2397,2343
"603",2439,2397,2477,2298,2380,2441,1796,2446,2472,2481
"604",2672,2963,3020,3022,3021,2682,2977,3011,3035,3039
"605",2167,2306,2307,2363,2252,2106,2131,2177,2124,2160
"606",2354,2055,2238,1733,2299,1780,1940,2318,1609,1826
"607",2823,1944,2802,2840,2854,2895,1846,2057,1894,1874
"608",2675,2690,2760,2889,2936,2540,2819,2689,2910,2667
"609",3034,2840,2854,2895,2848,2983,3003,2957,2919,2953
"610",2984,3011,2764,2829,2980,2978,2305,3012,2993,3025
"611",944,1445,1020,1340,332,1288,1575,550,874,1408
"612",2983,1975,2661,3002,2995,1878,1959,1876,2804,2957
"613",2457,2556,2311,2665,2334,1735,2594,2391,1839,1649
"614",2924,2934,2951,2360,2269,2975,2947,3019,2232,3036
"615",2299,2331,2391,1600,2394,2181,2218,1641,1719,2203
"616",2781,2776,2504,138,2877,2713,2623,30,2845,2606
"617",2477,2439,2446,2472,2481,2492,2542,2397,2380,2441
"618",1878,1959,2281,2077,1876,2164,1975,2095,2236,2222
"619",2391,1541,1608,1546,1397,2299,1660,1899,2331,1891
"620",2268,2309,2312,2232,2733,2827,2477,2156,2439,2260
"621",2134,2232,3035,3039,2360,2026,2070,2086,2174,2072
"622",1397,1344,1191,1541,1608,1264,1334,1546,1261,1623
"623",2996,2831,2929,3014,3030,2614,2702,2827,2211,2763
"624",81,217,184,237,163,813,2226,1278,1395,1199
"625",2938,1116,3020,322,416,1083,1178,1324,3022,986
"626",2397,2380,2441,2349,2298,2477,2358,2393,2400,2281
"627",2487,1983,2354,1536,1653,1724,2055,2329,1979,1780
"628",1397,1344,1043,1264,1122,1334,1303,1261,795,893
"629",875,1377,853,1304,1450,1539,41,93,202,1050
"630",1891,1957,2329,2237,2354,1613,1677,1983,2055,1536
"631",1344,1397,1334,1264,1261,795,893,965,1170,1191
"632",2134,2232,2268,2309,2312,2733,2516,2477,2581,2574
"633",2074,2268,2309,2312,2762,2106,2131,2177,2627,2706
"634",2351,2437,396,2516,2553,2509,2439,2477,2565,300
"635",3033,3031,3011,2984,2369,2405,2246,2993,3025,3012
"636",2705,2763,3034,2607,2615,2724,2831,2686,3003,2625
"637",1585,1754,2299,1891,1957,1660,1537,1613,1677,1420
"638",2910,2829,2975,2943,2992,3017,2945,2939,2900,2763
"639",41,145,854,875,177,1377,136,192,199,30
"640",2223,2391,2324,2299,2328,2408,1797,1533,2226,2331
"641",1397,183,1344,956,1191,856,1441,795,893,965
"642",1277,183,880,1541,929,1608,2094,1545,1899,2326
"643",2072,521,2574,260,1684,2733,2347,2266,2565,2137
"644",923,1825,1763,1548,1880,1752,1416,1856,1910,1799
"645",1745,1397,1474,1693,1970,1369,956,1588,1191,1861
"646",1878,1959,2077,1876,2281,1975,2164,2095,2046,1830
"647",66,1534,192,199,1771,98,1891,1957,41,1863
"648",875,1377,29,34,136,1501,86,853,147,1304
"649",1189,1382,1541,1455,1608,1344,1618,1813,1043,1557
"650",2414,2602,2618,2281,2462,2516,2733,2521,2659,1562
"651",2329,1891,1957,98,2286,1613,1677,2383,1534,1747
"652",3035,3039,3034,3022,3020,2919,3021,2977,2995,2804
"653",2299,1863,1771,1274,1408,1541,1608,1054,1555,1891
"654",3022,2954,2967,3020,3024,2897,3002,2995,2950,2915
"655",2268,2309,2312,2074,2106,2131,2177,2762,2260,2365
"656",3011,2977,3012,3020,3034,3022,2993,3025,2950,3003
"657",1189,1382,1455,1541,1608,1043,1122,1264,1334,1344
"658",2360,2298,2148,2269,2134,2232,2643,2675,2182,2303
"659",2651,2707,2786,2945,2950,2724,2954,3022,2967,2778
"660",2189,1842,1852,1904,1911,1792,2232,3011,2016,2036
"661",2516,2781,2268,2309,2312,1796,2134,2565,2360,2602
"662",2781,1796,2134,2877,2232,2733,2581,2268,2309,2312
"663",1344,1397,2005,183,1923,1976,2110,2208,795,893
"664",3034,3003,2953,2989,2994,3011,2996,3015,2993,3025
"665",2281,2438,2343,2397,2380,2441,2349,2605,2298,2477
"666",1979,155,712,192,199,2310,1291,2357,2329,1537
"667",2691,2530,2644,2768,2972,2629,3007,2325,2267,2513
"668",1618,2406,1189,2487,1541,1608,1382,1455,2494,2329
"669",1344,1397,1334,1264,183,1261,795,893,965,1170
"670",219,222,268,2398,2448,2569,2592,2397,2380,2441
"671",1397,1344,956,1546,1541,1191,856,1623,1683,1441
"672",1501,1541,1608,1189,1382,1455,1043,1122,1557,1132
"673",2189,2232,2016,2036,2111,2150,1953,2050,1904,1911
"674",2910,2954,2475,2967,2945,3022,2897,2943,3002,3024
"675",1498,1720,2005,1344,1838,1107,1923,1976,2110,2208
"676",1618,2406,2487,2494,2329,2502,1983,2354,1897,1891
"677",2222,2281,2164,2236,2211,2039,1878,1959,2122,2157
"678",2324,1498,2387,2328,2408,2317,1598,1587,2334,2235
"679",98,2329,2286,1891,1957,1613,1677,2383,1534,2155
"680",1618,2487,2406,1189,1405,2494,1382,1541,1455,1983
"681",1863,1274,1408,1771,1555,1829,1400,1336,1534,1660
"682",2307,2363,2252,2013,2639,2313,2257,2351,2437,2295
"683",2462,2438,2516,2602,2618,2521,2339,2402,2659,2733
"684",2072,2574,2733,2565,2266,2715,2347,2588,782,2571
"685",2675,2975,2724,3027,2748,3034,2958,2846,3009,2821
"686",1562,2980,2281,2211,1593,1975,1467,2937,3008,1691
"687",2516,2781,2134,2268,2309,2312,2232,2565,2360,2877
"688",2347,1573,1739,1634,1742,521,721,446,359,1552
"689",2391,2299,2331,2394,2238,1621,2241,2025,2125,1719
"690",1789,1817,1600,1613,1677,1618,1708,1386,1492,2299
"691",1863,1771,1274,1408,1054,1555,1829,1400,1336,1537
"692",1771,1863,1054,2299,1541,1608,1891,1957,1274,1408
"693",3022,2945,3021,2954,2786,2967,3035,3039,3024,2995
"694",2945,3003,2786,3034,2984,2953,2989,2994,3011,2975
"695",2026,2070,2086,2174,1878,1959,2189,2222,1975,2134
"696",2318,2238,1609,1826,2354,2322,2341,2425,2426,2299
"697",2134,3002,2232,2026,2070,2086,2174,3035,3039,2189
"698",2072,1825,260,1684,1752,441,521,1573,1739,1742
"699",3022,3034,3021,3024,3035,3039,3020,2724,2954,2967
"700",2977,3020,3022,2950,3011,3003,3034,2945,3021,2953
"701",2236,2039,2090,2281,1878,1959,2164,2122,1975,1968
"702",1534,1541,2329,1863,1608,1771,1891,1957,1983,1340
"703",2487,2502,2406,1618,1897,2354,1189,1983,1382,2055
"704",2781,1796,2134,2527,2156,2574,2232,2565,2581,2516
"705",2222,2281,2164,2211,2236,2039,1878,1959,2122,2090
"706",3002,2281,2804,2236,2983,2979,2413,2464,2970,2990
"707",2360,2675,2643,2298,2269,2134,2148,3038,2232,2714
"708",2763,2705,2615,2702,2614,2984,2943,2625,2690,2466
"709",2733,2715,2620,2657,2660,2683,2701,2725,2268,2309
"710",1878,1959,2214,2162,2164,2077,1876,2360,2303,1975
"711",1397,1541,1608,647,681,1344,1546,2391,1511,778
"712",1541,1608,1397,1474,1547,1382,1455,1760,1745,1606
"713",2238,1101,2322,2341,2425,2426,1499,1618,1405,907
"714",2651,2375,2707,2763,2139,2690,2318,2615,2625,2656
"715",2334,2318,2391,2354,1617,2331,2238,1933,2140,2139
"716",2487,1405,1618,2237,2238,2354,1983,1499,1609,1826
"717",2019,2074,1776,3004,1951,3032,2881,1726,2068,1071
"718",2840,2854,2895,3034,2870,3003,2749,2953,2989,2994
"719",2984,3020,3012,2977,2950,3011,2938,2953,2989,2994
"720",2705,2763,2615,2625,2466,2614,2702,2607,2690,2844
"721",2354,2318,2286,2117,2055,2238,2104,1609,1826,2195
"722",2269,2229,2232,2189,2303,2214,2072,2268,2309,2312
"723",2672,2682,2413,2464,2686,2454,2651,2741,2518,2576
"724",2946,2947,2958,2962,2904,2881,2889,2936,3017,2959
"725",98,2329,1534,2286,172,1891,1957,1863,1340,192
"726",2827,2156,2026,2070,2086,2174,2189,2720,2134,2232
"727",2879,2802,2306,2307,2363,2996,2124,2252,3029,2160
"728",1344,1397,1264,1334,1261,1043,1122,795,893,965
"729",2705,2724,2651,2686,2672,3034,2598,2763,3003,2786
"730",2026,2070,2086,2174,2189,1878,1959,2134,2077,2232
"731",1618,2299,1405,2487,2238,1386,1492,1789,1817,2237
"732",1618,2487,2494,1891,1957,1983,2354,2299,1405,2329
"733",2375,2026,2070,2086,2174,2189,2963,2134,3007,2232
"734",1608,1541,1549,1863,1274,1054,1537,1408,1843,1455
"735",2477,2439,2351,2437,332,2397,2380,2441,2298,2446
"736",2318,2237,2354,2114,2233,1609,1826,2334,2238,1780
"737",1878,1959,2164,2162,2281,1876,2236,2229,2222,2077
"738",1576,1548,1655,1416,1028,1681,1645,1761,1443,1686
"739",3034,2749,2686,2840,2854,2895,2741,2870,3003,2957
"740",3019,2980,3038,2975,2269,2947,2937,2232,3028,2991
"741",2651,2707,2615,2690,2528,2625,2340,2355,2410,2643
"742",2026,2070,2086,2174,1975,2189,1878,1959,2134,2232
"743",2238,1499,2322,2341,2425,2426,907,2487,1907,2136
"744",1796,2313,138,2307,2363,2845,2776,2504,2516,2588
"745",2705,2763,2831,2615,2844,3034,2607,3003,2686,2786
"746",2651,2707,2945,2786,2724,3022,2954,2967,2950,2778
"747",2229,2659,2646,2677,2620,2657,2660,2683,2701,2725
"748",989,1684,2715,2733,2602,2618,1742,1879,782,1825
"749",1541,1608,1789,1817,1618,2299,1557,2331,1132,1666
"750",1344,795,893,965,1170,1264,1334,1369,1261,1397
"751",1878,1959,1975,1876,2077,2095,2052,1830,2046,2148
"752",2307,2363,2403,2313,2252,2013,2351,2437,2295,2257
"753",1548,1864,1681,1416,1880,1892,1883,1977,2014,2021
"754",2840,2854,2895,2870,3003,2590,2983,3034,2912,2953
"755",2137,359,2347,2001,2003,2262,446,2380,2441,2219
"756",3034,3011,3021,2724,2786,2950,2975,3003,2984,2919
"757",1618,1897,1979,2406,1601,1716,337,1405,1291,2237
"758",1541,2406,1608,1382,1189,2487,1455,1618,2323,1043
"759",1534,1891,1957,1340,1863,1771,1408,1274,1613,1677
"760",2406,1618,2487,2502,1897,1189,1382,1455,1541,1405
"761",1608,1541,1455,1382,1537,1054,1549,1585,1771,1754
"762",2897,3021,2954,2967,3002,3022,3033,2786,2995,2997
"763",2072,1825,2938,1942,1100,1576,1833,1643,1763,1919
"764",136,86,145,989,214,229,38,782,114,236
"765",1344,795,893,965,1170,1094,1397,1264,1334,1261
"766",2281,2438,2222,2446,2472,2481,2164,2349,2343,2236
"767",2156,2026,2070,2086,2174,2733,2189,2414,2134,2827
"768",1752,1825,1763,1684,2072,1643,1742,1573,1739,1669
"769",2222,2026,2070,2086,2174,2189,2134,2232,2016,2036
"770",2802,2074,2823,1944,1846,2306,2307,2363,2301,2845
"771",1534,1891,1957,1863,1340,2323,2329,1274,1613,1677
"772",2360,2269,2268,2309,2312,2733,2298,2232,2581,2715
"773",1344,795,893,965,1170,2005,1264,1334,1397,1261
"774",2763,2945,2943,2984,3003,2900,3009,3034,3011,2844
"775",1344,795,893,965,1170,1397,1264,1334,1261,956
"776",2651,2598,2672,3003,2786,2705,3034,2724,3021,2945
"777",1344,1264,1397,1334,795,893,965,1043,1122,1261
"778",1904,1911,1953,2050,2946,2922,2885,2889,2936,2958
"779",2105,1878,1959,1866,2222,2162,2479,2827,3034,1876
"780",98,1810,875,1377,2329,1534,1501,192,199,992
"781",2026,2070,2086,2174,2189,2134,1975,2232,2422,2222
"782",2001,2380,2441,2569,2592,2733,2268,2309,2312,2792
"783",2625,2690,2643,2607,2724,2675,2619,2674,3021,2575
"784",2827,2845,2802,2783,2306,2307,2363,2124,2252,2823
"785",2238,2487,907,1499,2322,2341,2425,2426,1618,2237
"786",2026,2070,2086,2174,2189,2222,2134,2232,2016,2036
"787",1975,2268,2309,2312,2733,2288,2281,2360,2156,2162
"788",1344,1397,183,1264,795,893,965,1191,956,1261
"789",2354,2055,2487,2238,2318,1609,1826,1780,1940,2299
"790",2072,782,1942,1548,1864,1681,1416,1880,923,1752
"791",1541,1608,1899,1546,1585,1397,1549,1849,1962,1754
"792",1789,1817,1621,2391,2238,2331,1499,1626,1711,2299
"793",2802,2823,2734,2845,1944,2735,2862,1846,2896,2361
"794",2189,2232,2072,2016,2036,2111,2150,1980,2156,2574
"795",2268,2309,2312,2360,2516,2581,2602,2618,2733,2715
"796",2975,2643,1878,1959,2675,1975,2958,1876,2714,2843
"797",1344,1397,1043,1094,795,893,965,1122,1264,1334
"798",2406,2502,2487,1897,1601,1716,1043,1344,1382,1541
"799",2802,1944,1846,2879,2840,2854,2895,1993,1766,2823
"800",2026,2070,2086,2174,2189,2134,2156,2232,2222,2016
"801",2281,2438,2343,2397,2380,2441,2298,2605,2349,2268
"802",1863,1274,1408,1534,1454,1541,1608,1891,1957,1340
"803",2134,2232,2026,2070,2086,2174,3020,2189,2072,3021
"804",1344,795,893,965,1170,1397,956,1369,856,1264
"805",2268,2309,2312,2360,2516,2602,2618,2733,2260,2365
"806",1548,923,1416,1636,1645,1761,1028,1576,1691,1439
"807",2397,2398,2448,2380,2441,2298,2592,128,2569,219
"808",2324,2387,1498,2226,2328,2408,1587,2317,2235,1720
"809",1344,1189,1541,1382,1608,1455,1043,1094,1122,1537
"810",2106,2131,2177,2167,1593,2281,1878,1959,2066,2169
"811",136,86,310,177,214,229,103,139,236,29
"812",2954,2967,2778,3022,2786,3021,2820,2724,2995,3024
"813",2214,2229,2162,2189,1337,2303,2269,1878,1959,897
"814",2072,2938,1825,1573,1739,1942,1879,2347,1643,521
"815",1796,2504,2623,1625,2521,2156,2877,2590,2414,2422
"816",2665,2311,2619,2575,2607,2322,2341,2425,2426,2238
"817",2281,2438,2106,2131,2177,2167,2066,2169,2349,2164
"818",2189,2026,2070,2086,2174,2232,2134,2016,2036,2111
"819",30,1796,42,2026,2070,2086,2174,2189,2360,2148
"820",2380,2441,2477,1796,2439,2349,2358,2393,2400,2446
"821",2360,3007,2148,2988,3013,2269,2992,2298,2134,2162
"822",1344,2005,1923,1976,2110,2208,2180,795,893,965
"823",1608,1541,1397,1455,1382,1189,1618,1623,1683,1122
"824",3003,2870,2840,2854,2895,2590,3034,2945,2953,2989
"825",2310,2329,2354,1983,2357,1979,2055,1536,1653,1724
"826",2733,2581,2715,2268,2309,2312,2288,1975,2281,2540
"827",1796,2565,2845,2156,1625,2026,2070,2086,2174,2571
"828",1618,2487,2406,1897,2502,2494,1405,2238,1789,1817
"829",2134,2232,2026,2070,2086,2174,2189,2072,332,2360
"830",2827,2783,2845,2446,2472,2481,2306,2307,2363,2802
"831",1548,1831,1416,1681,2148,1880,2001,2298,2066,2169
"832",2827,3007,2156,2026,2070,2086,2174,2189,2134,2527
"833",1878,1959,2360,2229,2077,2281,2189,1876,1975,2164
"834",2502,337,2233,1405,1813,2487,2237,2238,1897,1618
"835",2074,2167,2797,2810,2160,1526,1569,2301,2019,2205
"836",2802,2823,2734,2306,2307,2363,2845,2451,2407,2124
"837",2910,2820,2975,2873,2811,3020,3027,2889,2936,2984
"838",2963,3007,2717,2682,3030,3013,2375,2695,2702,2763
"839",2984,3011,3009,2943,2900,2978,2945,2980,3031,2937
"840",1891,1957,1613,1677,2331,2494,1747,1818,2299,1618
"841",2665,2819,2686,2804,3021,2915,2919,2690,2651,2749
"842",3012,2347,1445,2984,980,1064,899,3011,2933,2867
"843",1344,1397,795,893,965,1170,1264,1334,1261,1094
"844",2189,2232,3007,2963,2016,2036,2111,2150,2072,1980
"845",1878,1959,2214,2162,2303,1876,2268,2309,2312,1975
"846",2148,2077,1975,2046,2052,2360,1878,1959,2162,2095
"847",1541,1382,1608,1455,819,870,1189,937,1046,1119
"848",2189,2026,2070,2086,2174,2222,2232,2134,2016,2036
"849",138,2026,2070,2086,2174,1796,30,2189,260,192
"850",332,396,2072,375,469,1684,1752,1825,1742,1573
"851",219,222,268,252,2398,2448,208,173,2351,2437
"852",1752,1763,1825,1576,1643,2072,1655,1548,1669,1503
"853",2643,2675,2804,2674,2919,2619,2882,2665,2686,2661
"854",2977,2758,3003,2945,2963,3035,3039,3011,2975,3020
"855",2802,2879,2840,2854,2895,2996,1766,1944,3009,2893
"856",1303,1277,1094,1530,1344,1170,1244,1799,795,893
"857",1534,1863,1891,1957,1340,98,2323,1274,1408,1771
"858",1897,1979,1601,1716,1291,2233,1618,2406,1813,337
"859",1880,989,1681,948,1548,908,1635,1039,1799,1586
"860",2299,1541,1608,2331,1789,1817,1891,1957,1618,1386
"861",2360,2268,2309,2312,2269,2298,2134,2733,2232,2288
"862",2802,2823,2734,2306,2307,2363,2124,2252,2361,2351
"863",2686,2672,2682,2741,3034,2413,2464,2665,2651,2749
"864",1344,183,795,893,965,1170,1264,1094,1334,2005
"865",2945,3003,3034,2953,2989,2994,2946,2840,2854,2895
"866",1608,1541,1549,1546,1899,1843,1397,1823,1854,1938
"867",1397,1264,1189,1334,1261,1382,1455,1043,1344,1122
"868",2167,2602,2618,2268,2309,2312,2106,2131,2177,2762
"869",2967,2680,2728,2954,3033,2997,2897,3021,2995,3003
"870",1541,1608,2331,1891,1957,2299,1613,1677,2494,1789
"871",1344,183,1397,795,893,965,1170,1094,1303,1334
"872",2329,2354,1983,2487,1536,1653,1724,2055,1405,2237
"873",1975,1878,1959,2211,2077,2148,2052,1876,2281,1593
"874",98,2329,1891,1957,2286,1613,1677,2383,1747,1818
"875",98,2329,1189,172,1455,1382,1608,1541,1534,2286
"876",2324,2387,2328,2408,2391,1498,2317,2235,2226,2444
"877",2391,2299,2331,2223,46,1511,1641,2394,2025,2125
"878",2074,2757,2268,2309,2312,2731,2792,2106,2131,2177
"879",2984,2829,2943,2763,2945,2900,2844,3011,2786,3009
"880",2318,2238,2651,2331,2322,2341,2425,2426,2391,2354
"881",2530,2639,2629,2469,2211,2763,2566,2590,2931,2504
"882",2406,1189,1455,1382,2502,1897,1122,1043,2487,1557
"883",2950,2954,2967,2875,3022,2945,2897,3024,2953,2989
"884",1125,1091,1026,1221,1210,462,990,492,732,812
"885",1863,1534,1274,1408,1891,1957,1340,1613,1677,1555
"886",1541,1608,1382,1549,1455,1843,1666,1749,1784,1054
"887",2026,2070,2086,2174,2189,2134,2232,2016,2036,2111
"888",2156,2477,2026,2070,2086,2174,2521,2189,2414,2281
"889",2984,3011,2945,2943,2900,3012,3003,2993,3025,3033
"890",1618,907,1405,2329,1789,1817,1891,1957,1613,1677
"891",2639,2590,2931,2313,2469,2529,2413,2464,2246,2369
"892",1541,1608,2299,1054,1891,1957,1549,1863,1771,1613
"893",2845,2783,2802,2306,2307,2363,2879,2827,2862,2124
"894",2238,1609,1826,2354,2318,2299,2322,2341,2425,2426
"895",1125,1091,1026,990,1210,285,1295,1511,2299,1022
"896",1189,1618,1813,1382,1455,1541,1608,1838,1043,1122
"897",1405,1618,2238,2237,2487,1609,1826,1499,2299,1983
"898",2281,2236,2090,2164,2039,2211,1975,1878,1959,2438
"899",2686,3034,2983,2840,2854,2895,2919,3003,2672,2957
"900",2347,2137,1573,1739,2083,1742,2266,1634,1879,1684
"901",2705,2763,2615,2598,2672,2702,3011,2651,3003,3033
"902",2360,2269,2298,2232,2134,2148,2733,2303,2229,2268
"903",2026,2070,2086,2174,2189,2077,2148,2134,2232,2016
"904",2763,3003,2945,3034,2786,2953,2989,2994,2950,2598
"905",1891,1957,1613,1677,1747,1818,2299,1340,1575,1641
"906",2357,2310,1979,1189,1455,1382,1608,1541,1291,1770
"907",1501,854,442,177,875,30,154,1377,192,199
"908",2281,2164,2222,2236,2039,1878,1959,1593,2122,2211
"909",2665,2311,2319,2238,1700,2079,2322,2341,2425,2426
"910",1618,2406,2487,2502,1405,1897,2494,1983,2354,2299
"911",782,989,2733,2715,2072,701,2268,2309,2312,2602
"912",2189,2232,2229,2016,2036,2111,2150,1842,1852,1904
"913",3022,3024,2954,3020,2967,3021,2995,2786,2820,2504
"914",2763,2702,2945,2984,2705,3003,2829,2786,3011,2943
"915",2281,2164,2222,2236,2039,1878,1959,2211,1593,2157
"916",2783,2797,2810,2019,2301,2074,2827,2167,2160,1776
"917",1754,2005,1585,1923,1976,2110,2208,2226,2094,2284
"918",1107,1203,1406,1404,804,928,1060,1115,1395,1101
"919",2686,2741,2665,2749,2672,2682,2655,3034,2804,2705
"920",2391,2331,2299,2238,1621,1789,1817,2394,1499,2241
"921",2360,2162,2148,2229,2077,2026,2070,2086,2174,2269
"922",2672,2651,2686,3034,2598,2705,3003,2724,2786,2945
"923",2281,1975,2090,1878,1959,2211,2236,2052,1593,2039
"924",2625,2674,2690,2596,2643,2334,2619,2391,2575,2322
"925",1344,1397,183,795,893,965,1170,956,856,1441
"926",2299,1891,1957,1613,1677,1754,1747,1818,1600,2331
"927",2827,2156,2720,2026,2070,2086,2174,2189,2281,2733
"928",2268,2309,2312,2134,2477,2232,2360,2439,2397,2827
"929",1344,183,1397,2005,795,893,965,1264,1261,1570
"930",2334,2391,2180,1617,2044,2354,2055,2238,1733,1933
"931",2307,2363,2298,2313,2351,2437,2257,2295,2144,2246
"932",2298,2134,2026,2070,2086,2174,2232,2189,2148,2202
"933",2945,3003,2413,2464,2786,2651,3035,3039,2995,2385
"934",1975,1878,1959,2052,2148,2077,1876,2095,2090,1691
"935",1891,1957,2299,1613,1677,1541,2494,1608,1863,1054
"936",2238,2318,2322,2341,2425,2426,2097,2331,2334,2391
"937",2281,2414,2268,2309,2312,1975,2602,2618,2288,2438
"938",2781,30,2877,2776,138,2845,2398,2448,2818,219
"939",1344,795,893,965,1170,1397,1303,183,1334,1264
"940",2818,2781,332,2351,2437,2827,2398,2448,2970,2680
"941",2651,2385,2413,2464,2340,2454,2945,3003,2518,2576
"942",1585,1660,2299,2391,1754,1420,1725,1511,1454,2324
"943",1344,795,893,965,1170,1397,1264,1261,1334,1369
"944",2222,2211,2281,2164,2236,2026,2070,2086,2174,2090
"945",2281,2602,2618,2438,2659,2414,2268,2309,2312,2521
"946",1344,2005,795,893,965,1923,1976,2110,2208,1949
"947",1891,1957,2329,1983,2354,2055,1613,1677,1536,1653
"948",1537,1863,1274,1408,1771,1054,1829,1555,1400,1336
"949",2281,2236,2164,2222,2039,1878,1959,2298,2122,2202
"950",2281,1975,2288,2268,2309,2312,2602,2618,2521,2414
"951",3034,2840,2854,2895,2479,2877,2862,2983,2823,1907
"952",2351,2437,2827,332,2477,2439,2720,2246,1796,396
"953",1344,1397,795,893,965,1170,183,1264,1334,956
"954",2281,2298,2202,2236,1467,2397,2343,2438,2380,2441
"955",2665,2619,2575,2607,2643,2707,2674,2322,2341,2425
"956",2268,2309,2312,2516,2360,2602,2618,2592,2581,2260
"957",2422,1975,2156,2281,2521,2468,2414,2026,2070,2086
"958",1863,1891,1957,1608,1541,1534,1274,1408,1613,1677
"959",2827,2845,2306,2307,2363,2802,2783,2252,2124,2351
"960",2019,2074,2802,1776,1337,3014,2911,2167,1951,2823
"961",1979,2406,1291,1189,1983,2354,2329,2502,1382,2145
"962",3002,3035,3039,2985,2876,3020,3007,3031,2995,2919
"963",2026,2070,2086,2174,2189,2134,2232,2016,2036,2111
"964",2733,2620,2657,2660,2683,2701,2725,2715,2602,2618
"965",1344,1397,1334,1264,1261,795,893,965,1170,1122
"966",2763,2702,2910,3017,2643,2945,2651,2772,2672,2625
"967",2686,2651,2707,3021,2778,2705,2724,3034,2672,2819
"968",2281,2438,2343,2397,2236,2298,2380,2441,2202,1878
"969",2762,2074,2268,2309,2312,2706,2732,2106,2131,2177
"970",1904,1911,2922,2229,2889,2936,2988,1339,2189,1560
"971",183,2005,114,145,147,853,875,1450,1539,1377
"972",1897,1541,1601,1716,1382,1608,1252,1189,816,1392
"973",1344,1264,1334,1261,1043,1122,795,893,965,1397
"974",3007,2972,2988,2691,3013,2768,2981,2325,2513,2580
"975",1344,1334,1264,1397,1261,795,893,965,1170,1122
"976",1397,1760,1277,1745,647,681,1644,1541,956,1344
"977",1344,795,893,965,1170,1397,1264,1369,1261,1334
"978",2329,1891,1957,1613,1677,2286,1983,2354,1536,1653
"979",1397,1557,1132,2331,1891,1957,1789,1817,2487,2494
"980",2072,1864,1643,1548,2269,1752,2229,1825,2232,2189
"981",1878,1959,2077,1337,1593,897,1564,1876,1975,2164
"982",2299,1891,1957,2331,1863,1613,1677,2394,1660,1747
"983",1878,1959,2077,1975,1876,2095,2281,2164,2046,1830
"984",2222,2281,2164,2026,2070,2086,2174,2211,1878,1959
"985",1684,1742,1573,1739,1752,1825,521,441,1879,260
"986",1258,1342,1799,2317,1645,1427,2324,970,1219,1262
"987",3034,3003,2953,2989,2994,2840,2854,2895,2945,2950
"988",3003,2945,2786,3034,2763,2953,2989,2994,2651,2950
"989",2211,2281,1593,1562,1048,1127,1531,1416,919,976
"990",2945,2950,3022,2954,2953,2989,2994,2967,1113,2910
"991",1541,1608,1897,1813,1979,1189,2431,1382,1455,1601
"992",260,1684,441,2072,1742,1573,1739,521,138,1752
"993",2651,2672,2763,2598,2786,2945,2705,2724,2950,2686
"994",1344,1397,795,893,965,956,1264,1170,856,1191
"995",2072,2232,3007,3020,3002,3013,2269,2733,2715,2189
"996",2074,2167,2106,2131,2177,2066,2169,2160,2301,2128
"997",2802,2823,2019,2306,2307,2363,2074,2845,2124,1944
"998",2222,2306,2307,2363,2845,2189,3029,2124,2252,2105
"999",2298,2202,2122,2077,2148,2052,2360,2162,2229,2046
"1000",1541,1608,1382,1189,1557,1132,1455,1397,1043,1666
"1001",3003,2945,3034,2953,2989,2994,2840,2854,2895,2590
"1002",2391,2238,2322,2341,2425,2426,2487,1499,2331,2299
"1003",2802,2823,1944,2879,1846,2845,2862,2896,3003,2734
"1004",2802,2306,2307,2363,1944,2845,2124,2301,2252,1846
"1005",1541,1608,1546,2299,1549,1666,1749,1784,1891,1957
"1006",2504,3022,2672,2590,2623,2651,3024,2682,3035,3039
"1007",1445,1091,1295,1408,1575,1100,380,1809,1620,1489
"1008",2189,2026,2070,2086,2174,2232,2016,2036,2111,2150
"1009",2222,2281,2164,2026,2070,2086,2174,1878,1959,2189
"1010",2840,2854,2895,3034,3003,2870,2616,2622,2635,2645
"1011",2238,2391,2334,2322,2341,2425,2426,2235,2136,1798
"1012",1975,1878,1959,2077,2148,2052,1876,2095,2046,2360
"1013",2211,2222,2281,2477,2026,2070,2086,2174,2446,2472
"1014",2360,2298,2846,2269,2748,2134,2182,2232,2268,2309
"1015",1344,1397,956,795,893,965,1369,1191,2324,856
"1016",3034,3003,2786,2454,2686,2749,2518,2576,2705,2672
"1017",2134,2232,2072,2026,2070,2086,2174,2189,2360,2062
"1018",2281,2167,2438,2349,2106,2131,2177,2446,2472,2481
"1019",2802,2019,2074,1944,2823,1776,1846,1337,2301,2881
"1020",1344,1397,1264,795,893,965,1261,1043,1334,1094
"1021",2945,2953,2989,2994,3034,3003,2950,2786,2977,2590
"1022",1344,795,893,965,1170,1397,1264,1094,1334,956
"1023",2298,2360,2072,2269,1864,2232,2937,2980,2202,2380
"1024",2189,2827,2232,2016,2036,2111,2150,3029,2446,2472
"1025",2134,2232,2156,2477,2268,2309,2312,2574,2072,2439
"1026",1541,1608,1397,1557,1132,1843,1382,1789,1817,1666
"1027",1541,1863,1771,1608,1829,1054,1785,1847,1274,1408
"1028",2134,2232,2268,2309,2312,2156,2477,2360,2439,2072
"1029",2072,1942,2232,2189,1919,1833,1825,2016,2036,2111
"1030",2238,2322,2341,2425,2426,1101,1405,1499,2136,1609
"1031",2686,3034,2749,2741,2705,2778,2724,2672,2651,2819
"1032",2487,2238,2391,2322,2341,2425,2426,2502,2293,2331
"1033",2299,2223,2391,1660,1555,1641,2331,1585,1454,1797
"1034",1933,2140,1499,2334,2238,1494,1498,1597,1592,1617
"1035",1541,1546,1608,1899,1585,2391,1660,1454,1397,1849
"1036",2391,2299,2331,1891,1957,2394,1660,2241,1511,2324
"1037",2281,2360,1878,1959,2438,2162,2229,2026,2070,2086
"1038",2072,1752,1825,1643,1763,2232,2189,1684,1669,1503
"1039",2324,1397,1546,956,2226,856,2387,1623,1683,2328
"1040",1825,2072,1752,1763,1643,1942,1669,1684,1503,1742
"1041",332,606,550,874,944,1020,396,189,262,615
"1042",1863,1771,1274,1054,1408,1555,1537,1829,1785,1847
"1043",1878,1959,1975,2077,1876,2281,1593,2095,2164,2148
"1044",1189,1382,1455,1344,2502,816,1253,1264,1557,1334
"1045",2072,1643,1742,1573,1739,1752,1825,1669,1503,1942
"1046",2298,3011,2980,3031,2978,2202,3002,350,258,2246
"1047",1903,1987,2300,2030,2228,1807,1798,2015,2120,2192
"1048",1771,1863,1534,1891,1957,1274,1408,1340,1054,1613
"1049",2229,2162,2189,2026,2070,2086,2174,2269,2214,1593
"1050",3022,3033,3012,3020,3031,3011,2933,3035,3039,2938
"1051",2385,2651,2413,2464,2897,2340,2672,3002,2682,2454
"1052",2074,2019,2167,2106,2131,2177,2066,2169,2301,1951
"1053",1789,1817,2329,1891,1957,2487,1494,1618,2290,2238
"1054",1397,1344,1191,1264,1334,1261,1043,1122,956,795
"1055",2347,446,2137,2072,359,2083,396,2266,489,1892
"1056",2391,2299,1660,2331,2223,1600,1511,2394,2241,1585
"1057",2802,2823,2788,2845,2849,2735,2734,2173,2723,2479
"1058",2072,2269,1825,2232,2992,923,2303,1864,1942,1548
"1059",2487,907,2238,1641,2322,2341,2425,2426,2299,2354
"1060",1863,1537,1274,1408,1585,1454,1771,1829,1555,1054
"1061",1091,990,1125,1576,923,1295,1548,1258,1342,2938
"1062",1294,1101,921,1004,1838,728,1609,1826,1617,1935
"1063",2963,2232,2134,3007,2189,2072,2026,2070,2086,2174
"1064",2715,2620,2657,2660,2683,2701,2725,2733,2646,2677
"1065",2298,2980,2397,219,222,268,2305,2978,2398,2448
"1066",795,893,965,1344,956,856,884,846,1170,1397
"1067",2962,2947,3018,2840,2854,2895,3014,3004,2881,2946
"1068",2298,2397,2360,2380,2441,2305,2246,2268,2309,2312
"1069",2764,2782,2702,2705,2696,2305,2984,2246,2724,2763
"1070",1771,1863,1054,1274,1408,1785,1847,1829,1555,1537
"1071",2222,2026,2070,2086,2174,2189,1878,1959,2134,2232
"1072",2477,2446,2472,2481,2492,2542,2257,2349,2281,2524
"1073",1344,1397,795,893,965,956,1264,1191,1261,856
"1074",2360,2298,2269,3019,2268,2309,2312,2232,3028,2303
"1075",2281,2602,2618,2659,2438,2268,2309,2312,2349,1878
"1076",2238,2354,2318,1609,1826,2322,2341,2425,2426,2299
"1077",1344,2005,1397,1923,1976,2110,2208,2180,2094,795
"1078",1618,1405,2238,2237,1499,1609,1826,2322,2341,2425
"1079",1541,1608,1771,1863,1054,1810,1549,1274,1666,1749
"1080",2625,2675,2690,2643,2674,2665,2686,2702,3021,2819
"1081",2299,2331,1891,1957,2391,2394,1660,1613,1677,1719
"1082",2072,1752,1825,2269,1643,2229,2232,1864,2360,1548
"1083",2222,2281,2026,2070,2086,2174,1878,1959,2164,2189
"1084",1684,1742,1573,1739,1752,1825,2072,260,1879,441
"1085",3034,3003,2953,2989,2994,2840,2854,2895,2950,2686
"1086",2329,1891,1957,1983,2354,2286,2055,1536,1653,1724
"1087",2298,2202,2122,2077,2360,2162,2148,2229,2182,2349
"1088",2298,2281,2343,2202,2397,1467,2380,2441,2438,2236
"1089",2802,2306,2307,2363,2823,2252,2124,2734,2845,2351
"1090",2238,2487,2322,2341,2425,2426,2354,2055,2136,1609
"1091",2072,1752,1825,1684,2592,1643,1742,1573,1739,2269
"1092",2675,2690,2643,2702,2919,2674,2625,2889,2936,2665
"1093",3009,2763,2928,2893,3016,2825,3032,3014,2881,2886
"1094",1294,728,322,416,1100,380,1324,450,1183,1197
"1095",1344,795,893,965,1170,1397,1264,1261,1369,1334
"1096",1979,1291,1897,1541,1608,1374,1480,1601,1716,1189
"1097",2026,2070,2086,2174,2189,2134,2232,2016,2036,2111
"1098",1537,1863,1585,1771,1274,1054,1408,1454,1541,1608
"1099",2238,1733,1609,1826,2322,2341,2425,2426,2318,2299
"1100",2477,2827,2439,2134,2156,2232,2026,2070,2086,2174
"1101",2946,2958,2947,2840,2854,2895,3027,2904,2881,3014
"1102",2066,2169,2106,2131,2177,2281,2438,2349,1840,2397
"1103",1344,1397,956,856,795,893,965,1441,1170,1191
"1104",2298,2281,2202,2397,2349,2380,2441,2477,2122,2360
"1105",2072,1742,1573,1739,1643,1796,2189,2232,1625,1842
"1106",2156,2026,2070,2086,2174,2189,2281,1975,2134,2268
"1107",2665,2804,2819,2675,2749,2682,2882,2686,2661,2643
"1108",923,574,1213,1028,1645,970,544,1761,1244,617
"1109",2414,2281,2602,2618,2521,2438,2462,2516,2659,2592
"1110",1344,1264,1334,1397,1261,1043,1122,795,893,965
"1111",1576,1548,1864,2072,1655,1867,2347,446,1416,1643
"1112",1975,1878,1959,2222,2026,2070,2086,2174,2211,2189
"1113",1337,897,1564,1375,2881,919,976,1067,1143,1378
"1114",2945,3003,2840,2854,2895,2844,2984,3034,2943,2896
"1115",2222,2211,2281,2236,2164,2026,2070,2086,2174,1878
"1116",2298,2397,2380,2441,2720,2477,2360,2351,2437,2439
"1117",3022,3021,3020,3024,3035,3039,2954,2967,2786,2986
"1118",2406,2502,1897,2487,1601,1716,1541,1382,1189,1608
"1119",1541,1891,1957,2299,1771,1863,2331,1613,1677,1608
"1120",2324,2387,2328,2408,2317,2391,1498,1533,1599,2235
"1121",1548,1864,2072,1416,1681,1752,1825,1880,2733,1645
"1122",2802,2734,2823,2845,2896,1944,2879,1993,2051,2361
"1123",1863,1274,1408,1771,1555,1829,1400,1336,1534,1154
"1124",1548,1645,1761,1416,1576,1028,1691,1864,1370,1525
"1125",907,1405,2487,2238,1101,2237,1618,2354,1609,1826
"1126",1043,1382,1344,1189,1261,1094,1122,2406,1264,1813
"1127",2026,2070,2086,2174,2189,2134,1975,2232,2016,2036
"1128",1608,1541,2299,1891,1957,1549,1863,1054,1600,1613
"1129",2414,2281,2521,2438,2602,2618,2268,2309,2312,2659
"1130",3022,2897,3002,2954,3021,2967,3033,3020,3024,2948
"1131",2763,2672,2598,2705,3003,2786,2651,2945,2724,3034
"1132",2281,2438,2349,2167,2343,2106,2131,2177,2624,2720
"1133",1796,2414,2521,1625,2156,2026,2070,2086,2174,2189
"1134",2686,2741,3034,2749,2672,2665,2705,2724,2682,2819
"1135",3017,2992,2975,2763,2889,2936,2958,2843,2643,2988
"1136",2897,3022,3002,2948,2973,2954,3021,2967,2819,2983
"1137",2238,2322,2341,2425,2426,907,1499,2487,2136,1907
"1138",2072,1942,1576,1919,1833,2189,1825,1643,1655,1752
"1139",3020,3021,3022,2134,3035,3039,2232,2986,3005,3010
"1140",1933,2140,1798,2015,2120,2192,1406,1617,1935,2114
"1141",1344,1498,337,1720,2005,1838,795,893,965,1170
"1142",3002,2897,3022,3021,3035,3039,2985,2995,2957,2915
"1143",2072,2232,1643,2189,1752,1942,1825,2347,2134,332
"1144",1878,1959,1975,2360,2162,2077,2229,1876,2026,2070
"1145",2360,2269,2298,2148,2134,2232,2162,2268,2309,2312
"1146",98,145,41,1501,192,199,2329,875,147,1377
"1147",1863,1274,1408,1771,1537,1534,1054,1555,1829,1891
"1148",897,1564,1337,2164,2281,1593,1375,1146,919,976
"1149",1891,1957,2299,1613,1677,2487,1747,1818,2117,1789
"1150",2156,2827,2134,2026,2070,2086,2174,2574,2232,2189
"1151",1189,1382,1455,1541,1608,2329,98,1043,1122,1983
"1152",1344,2005,2180,1923,1976,2110,2208,1397,795,893
"1153",1344,183,795,893,965,1397,2005,1170,1264,956
"1154",1344,2005,795,893,965,183,1170,1397,1264,1334
"1155",1541,1608,1382,1455,1189,1549,1557,1132,1397,1843
"1156",2840,2854,2895,3003,3034,2953,2989,2994,2870,2945
"1157",2156,2134,2026,2070,2086,2174,2232,2189,2574,2527
"1158",2238,2487,2322,2341,2425,2426,1499,2136,907,1618
"1159",1344,1397,1264,1334,1261,795,893,965,1170,1191
"1160",2298,2202,2360,2229,2162,2182,2349,2269,2380,2441
"1161",2881,2019,2074,3004,3018,1776,2893,3032,3016,1337
"1162",1344,183,1264,1334,1397,1261,795,893,965,2005
"1163",1979,1291,2145,1189,2310,2357,1455,1382,1374,1480
"1164",1294,1417,1079,2625,2665,2607,1288,2331,2155,2253
"1165",1771,247,388,1585,1863,442,1274,1785,1847,41
"1166",2238,1618,1405,1499,2487,2237,2322,2341,2425,2426
"1167",1975,2414,1878,1959,2281,2148,2360,2077,1876,2162
"1168",2651,3035,3039,2995,2661,2672,3022,2876,3021,3002
"1169",1344,2005,183,1397,1923,1976,2110,2208,2180,1264
"1170",3022,2954,2945,2967,2786,3024,2995,3033,3020,2820
"1171",2651,2661,2413,2464,2385,3002,2672,2983,2897,2340
"1172",2414,2156,2026,2070,2086,2174,2521,2516,2189,2733
"1173",2189,2479,2845,2232,2016,2036,2111,2150,3034,2214
"1174",2446,2472,2481,2281,2565,2845,2167,2156,2440,2536
"1175",1541,1608,1863,1054,1274,1537,1408,1771,1382,2299
"1176",1397,1344,1264,1334,1261,1191,795,893,965,1170
"1177",1382,1189,1344,1455,1979,2502,1983,1264,2354,1291
"1178",1891,1957,1613,1677,1747,1818,2299,1863,1274,1641
"1179",1585,1660,1754,1891,1957,1613,1677,1420,1725,2299
"1180",2281,2164,1337,2236,1593,2222,897,1564,2039,2211
"1181",2391,2238,2322,2341,2425,2426,2136,2114,2334,2331
"1182",2334,2391,2625,2235,1798,2015,2120,2192,1933,2140
"1183",3022,3033,2954,2967,3021,2945,2995,3024,2786,3020
"1184",1344,2005,795,893,965,1170,1094,1397,1923,1976
"1185",2827,2156,2026,2070,2086,2174,2281,2189,2720,2477
"1186",2945,2763,3003,2786,2977,3034,3012,2993,3025,2758
"1187",2406,1618,2494,2487,1789,1817,2502,1897,1983,2354
"1188",441,1106,450,260,521,434,740,322,416,192
"1189",192,199,2329,66,1863,1891,1957,2286,1274,1408
"1190",1618,1405,2299,2238,1789,1817,1386,1492,1499,2237
"1191",1397,1541,1899,1608,1191,956,1546,1344,2324,856
"1192",2074,2823,2451,2407,2802,2167,2797,2810,2106,2131
"1193",1878,1959,2077,1975,1876,2281,2164,2095,1593,2046
"1194",2238,2331,2299,2322,2341,2425,2426,2391,1499,2394
"1195",2156,2134,2827,2232,2026,2070,2086,2174,2574,2189
"1196",1344,1397,1094,674,758,1243,1043,1122,1623,1683
"1197",2840,2854,2895,2802,2870,2823,3003,2749,2912,3034
"1198",2298,2134,2360,2202,2232,2026,2070,2086,2174,2189
"1199",2331,2431,2238,2334,2391,2322,2341,2425,2426,1499
"1200",2686,2665,2672,2749,2705,2682,2724,3034,2649,2741
"1201",2947,2881,2646,2677,2958,2349,3027,2962,2555,2892
"1202",2167,2106,2131,2177,2306,2827,2307,2363,2160,2219
"1203",1796,2156,2781,2134,2232,2581,2026,2070,2086,2174
"1204",2581,2733,2715,2972,2268,2309,2312,2360,2667,2516
"1205",3007,2972,2981,3013,2988,2360,2733,2268,2309,2312
"1206",2387,2324,2444,465,2317,2328,2408,2442,2235,1498
"1207",260,448,521,441,2259,2347,982,630,815,2574
"1208",2298,2360,2182,219,222,268,2397,2380,2441,2269
"1209",2298,2202,2360,2397,2182,2148,2380,2441,2122,2134
"1210",2222,1878,1959,1866,2479,2105,2162,1699,1876,2214
"1211",2090,2236,2281,1975,2039,2164,2298,1878,1959,2122
"1212",1397,1344,1191,1334,1264,1455,1382,1261,856,956
"1213",2005,1344,1923,1976,2110,2208,2180,795,893,965
"1214",1618,1897,1789,1817,2238,1405,1601,1716,2299,1499
"1215",907,2487,2238,1618,1405,1499,2322,2341,2425,2426
"1216",2232,1796,2072,2189,1625,2268,2309,2312,1752,1842
"1217",2948,2973,2983,2682,2672,3021,2970,2819,3002,2651
"1218",1618,1405,2237,2238,1609,1826,1983,1499,2329,2354
"1219",1541,1608,1623,1683,1189,1501,1397,1557,1132,1382
"1220",2298,2360,2380,2441,2269,2232,2397,2349,2605,2398
"1221",1863,1274,1408,1534,1771,1891,1957,1340,1555,1829
"1222",2720,2397,2281,2380,2441,2343,2592,128,2298,2569
"1223",2924,2934,2951,2821,2863,2891,2959,2906,2787,2748
"1224",2988,2695,1975,2325,2595,2631,2661,2811,2643,2992
"1225",2827,332,2720,2351,2437,2134,2477,2232,2398,2448
"1226",2762,2268,2309,2312,2706,2732,2667,2260,2365,2636
"1227",2072,38,2733,2715,2269,91,133,2360,145,2134
"1228",2406,1897,1601,1716,1608,1541,1618,2502,1189,1122
"1229",2705,2615,2763,2702,2607,2625,2466,3011,2589,2598
"1230",2479,2802,2823,2788,2762,1904,1911,1699,2849,1941
"1231",2391,2331,2299,1600,2394,2181,2218,1719,2203,2241
"1232",2238,1789,1817,1494,1907,1499,1618,2322,2341,2425
"1233",2134,2232,2360,2072,2026,2070,2086,2174,2189,2269
"1234",2074,2762,2268,2309,2312,2711,2755,2793,2792,2624
"1235",2733,2581,2715,2414,38,2268,2309,2312,2540,2288
"1236",2954,2967,3022,2651,2786,3024,2995,2724,2820,2953
"1237",1405,1618,1609,1826,1499,1306,1488,1512,907,2034
"1238",1258,1342,1799,1277,1645,1427,1085,1028,1173,1370
"1239",192,199,1557,1253,1382,1189,1455,1043,1021,875
"1240",1618,2494,1789,1817,2406,2487,1608,1541,1891,1957
"1241",2975,2846,2773,2748,2924,2934,2951,2947,2787,2675
"1242",2910,3020,3022,1113,2945,3024,2954,2967,652,2876
"1243",1944,2802,1846,2879,2823,1766,2845,2933,2057,2301
"1244",2222,2281,2164,2211,2236,2039,2026,2070,2086,2174
"1245",2413,2464,2385,2504,2454,3022,2897,2518,2576,2340
"1246",2391,1397,2331,2324,1191,1588,1474,2241,1873,2057
"1247",2487,1405,2354,1983,2055,2329,2237,1618,2238,1536
"1248",3003,2590,3034,2840,2854,2895,2870,2953,2989,2994
"1249",2763,2705,2702,2615,2614,2690,2984,2130,2625,2466
"1250",1541,1608,1585,1546,1899,1549,1660,1843,1397,1823
"1251",1537,1863,1541,1771,1274,1408,1585,1608,1054,1555
"1252",2521,2156,2414,2422,2026,2070,2086,2174,2189,2565
"1253",2414,2281,2462,2516,2602,2618,2438,2733,2521,2581
"1254",2598,2705,2672,3003,2651,2763,2786,2724,2615,3034
"1255",2156,2827,2026,2070,2086,2174,2189,2414,2521,2134
"1256",2897,2983,2454,2957,2954,2819,3002,2967,2504,2518
"1257",2324,1587,2387,2317,2328,2408,2235,2444,1546,1598
"1258",2845,2802,2827,2307,2363,2124,2823,2252,2313,2306
"1259",2074,2106,2131,2177,2019,2066,2169,1776,2167,2128
"1260",2827,2720,2477,2574,2733,2439,2753,2516,2797,2810
"1261",2236,2164,2039,2281,1878,1959,2122,2298,2222,2202
"1262",1576,2072,1655,1942,1548,1443,1686,1833,2189,1919
"1263",2406,1897,2502,1601,1716,1189,2487,1382,1979,1455
"1264",1618,1789,1817,2406,2487,1494,2494,1626,1711,1897
"1265",2487,2502,1344,1382,2238,2406,1979,1618,1897,1397
"1266",2360,2947,2269,2298,2134,2232,2148,2992,3017,2975
"1267",2947,2962,2269,2646,2677,2958,2659,2232,2946,3027
"1268",1397,1745,1760,1644,1382,1455,1191,1464,2324,1702
"1269",2229,2189,2269,2214,2232,2016,2036,2111,2150,2360
"1270",2360,2148,2269,2162,2268,2309,2312,2229,2134,2733
"1271",1344,795,893,965,1170,1397,1334,1264,1369,1261
"1272",2984,2829,2978,3009,2943,3011,2945,2900,2980,3012
"1273",1618,1189,1983,2354,2329,1455,1382,2055,1979,2310
"1274",2984,2943,2900,2829,3011,2945,2993,3025,3012,3003
"1275",2134,2232,2026,2070,2086,2174,2189,3007,3035,3039
"1276",2414,2156,2521,2026,2070,2086,2174,2281,2189,2565
"1277",2299,2238,1405,1609,1826,2237,2318,2514,2322,2341
"1278",2733,2268,2309,2312,2581,2715,2360,38,2288,2620
"1279",2827,2783,2753,2574,2720,2685,2565,2167,2792,2281
"1280",2281,2268,2309,2312,2438,2659,2360,2162,2288,1878
"1281",1975,2077,1878,1959,2052,2148,1876,2046,2095,1593
"1282",1878,1959,1876,2077,1975,2095,1830,2046,2236,2360
"1283",1397,2494,1618,1264,2487,1623,1683,1261,1043,1334
"1284",2026,2070,2086,2174,2189,2134,2232,2016,2036,2111
"1285",2222,2211,2281,1975,2026,2070,2086,2174,1878,1959
"1286",1608,1541,1455,1382,2299,2391,1397,2331,1464,1549
"1287",1545,1301,1358,2223,1397,672,768,413,447,488
"1288",2581,2733,2715,2268,2309,2312,2972,2667,2360,2620
"1289",2199,2252,2307,2363,332,2257,2313,2144,2351,2437
"1290",2281,2438,2349,2343,2397,2380,2441,2298,2202,2446
"1291",2298,2122,2236,2148,2202,2077,2360,2182,2281,2134
"1292",2675,2690,2625,2643,2674,2702,2910,2596,2889,2936
"1293",2298,332,2134,2351,2437,2232,2026,2070,2086,2174
"1294",1498,2324,2334,2387,1598,2391,1720,1115,1616,1707
"1295",1541,1608,1618,2494,2487,1189,1557,1132,1382,1455
"1296",2651,2786,2763,2945,2672,2598,2950,2953,2989,2994
"1297",1541,1608,1771,1549,1863,1054,1274,1408,1546,1843
