"","V1","V2","V3","V4","V5","V6","V7","V8","V9","V10"
"1",28,30,106,412,2785,104,2783,3012,2784,29
"2",28,334,2785,3012,333,104,2925,2859,2783,2784
"3",32,260,271,347,350,408,412,413,483,488
"4",2995,2785,3012,2783,2784,2859,2935,2849,2705,2860
"5",412,496,558,723,1479,1858,408,495,488,483
"6",412,723,496,495,260,413,1858,558,350,488
"7",25,26,27,29,30,32,44,45,46,48
"8",412,723,1479,496,495,488,558,260,1858,413
"9",1014,1015,1101,1177,1325,1326,1329,1402,1406,1408
"10",1420,1495,1496,178,1418,1419,1340,2995,723,580
"11",333,350,412,413,495,496,558,723,334,260
"12",28,2785,334,3012,2783,2784,2859,2935,333,104
"13",28,3012,2785,2859,2783,2784,334,2936,2935,2860
"14",3012,2785,28,2859,2783,2784,2935,2860,2936,2925
"15",25,26,27,45,46,48,49,50,101,102
"16",1420,1495,1496,1418,1419,1342,2008,1416,1106,580
"17",25,26,27,29,30,31,32,35,40,43
"18",1485,1560,1561,1562,1636,1637,1638,1639,1712,1713
"19",2995,2480,1858,2849,2556,3012,2705,2936,2860,2481
"20",1485,1561,1562,1636,1637,1638,1712,1713,1842,1843
"21",1485,1561,1858,2480,2556,2685,2705,2761,2849,2995
"22",32,260,333,412,413,495,496,497,572,723
"23",25,26,27,29,30,31,32,44,45,46
"24",412,495,496,723,1858,260,497,333,413,572
"25",25,26,27,45,46,48,49,50,101,102
"26",2785,2995,3012,2783,2859,2784,2935,28,2705,2782
"27",28,30,106,2785,29,2783,105,2784,104,181
"28",25,32,45,46,101,108,122,178,184,196
"29",2785,28,3012,2783,2859,2784,2935,2860,30,106
"30",2480,2995,2849,2685,1858,2556,2761,2481,2686,2913
"31",3012,2785,2859,2935,2783,2784,28,2860,2936,2925
"32",2995,2480,2849,1858,2556,2919,2685,2019,2481,3012
"33",28,334,333,2785,104,30,106,3012,2859,29
"34",1485,1561,2480,1637,3012,28,1858,2705,2859,2782
"35",25,26,27,28,29,32,34,35,37,38
"36",1485,1561,1637,1858,1860,2480,2481,2556,2622,2852
"37",23,25,26,27,28,29,30,31,32,34
"38",25,26,27,29,30,31,32,35,37,39
"39",25,26,27,32,44,45,46,48,49,50
"40",1177,1406,1479,1485,1556,1559,1560,1561,1562,1563
"41",25,26,27,29,30,31,32,40,44,45
"42",28,2785,30,106,2783,2859,2784,3012,104,29
"43",32,108,198,260,271,274,333,334,335,347
"44",2995,2480,1858,2556,2919,2607,2849,2608,2684,2685
"45",1177,1326,1402,1406,1408,1409,1479,1481,1483,1485
"46",412,28,496,495,723,30,106,260,497,413
"47",28,2785,334,30,106,104,2783,29,2784,3012
"48",28,334,30,106,2785,29,105,104,181,333
"49",28,2785,104,2783,30,106,2784,3012,2859,29
"50",2995,1485,3012,2705,2849,28,2859,2936,2480,2782
"51",26,29,30,32,44,45,46,101,105,106
"52",32,198,260,271,274,333,334,335,347,349
"53",2785,28,2935,3012,2859,2783,334,2784,2685,2837
"54",2995,2480,2607,2685,2481,2779,2919,2556,2608,2684
"55",25,26,27,29,32,35,44,45,46,48
"56",1420,1495,1496,558,496,495,1191,1340,1418,1419
"57",2995,3012,2785,2859,2783,2935,2784,2860,2242,2849
"58",25,26,27,29,32,44,45,46,101,102
"59",2995,3012,2849,2785,2859,2919,2935,2783,2860,1858
"60",2995,334,2982,2755,2678,2754,2858,2935,2831,2837
"61",26,27,32,45,46,101,102,103,122,178
"62",1858,2480,2995,2849,2685,2556,2761,1485,2481,1561
"63",28,2785,2935,2858,2859,2783,2784,2845,104,2982
"64",1485,1858,2480,2849,2995,2685,1561,2556,2761,1637
"65",1858,2480,2995,1561,1637,1485,2481,2556,2755,1638
"66",1418,1419,1420,1495,1496,1416,1340,1342,1425,2008
"67",28,2785,3012,2859,2935,2783,334,2784,2925,2685
"68",2849,2995,2480,1858,2556,2019,2705,2685,2919,2867
"69",25,26,27,29,30,32,44,45,46,101
"70",412,495,496,333,572,497,723,260,1780,413
"71",25,178,412,495,496,558,580,723,1340,1418
"72",30,32,106,260,333,350,408,412,413,483
"73",28,2785,2858,105,334,29,181,2783,2784,30
"74",28,29,30,104,105,106,181,333,334,409
"75",23,24,25,26,27,28,29,30,31,32
"76",2995,2849,1858,2480,2556,2919,2019,2685,2705,2608
"77",25,26,27,29,30,32,44,45,46,48
"78",1485,1559,1560,1561,1562,1636,1637,1638,1639,1712
"79",412,495,496,723,1858,260,413,497,488,32
"80",2995,2849,3012,1420,1495,1496,2242,1418,1419,2785
"81",28,2785,3012,2783,2859,2784,2935,2925,334,104
"82",28,334,2785,3012,333,2935,2859,2783,2784,2925
"83",2995,3012,2785,2859,2935,2783,2784,2860,2936,2938
"84",1485,1561,1637,1858,2480,2481,2556,2685,2761,2852
"85",25,26,27,29,30,32,44,45,46,48
"86",28,2785,3012,2783,2784,2859,334,104,2935,30
"87",2995,2705,496,495,2849,558,723,1191,2785,412
"88",1485,1559,1560,1561,1562,1635,1636,1637,1638,1639
"89",28,2785,3012,104,2925,30,106,2859,2783,2784
"90",23,24,25,26,27,28,29,30,31,32
"91",2785,3012,2995,2783,2859,2784,1420,1495,1496,2705
"92",25,26,27,32,44,45,46,48,49,50
"93",1485,1561,1637,1858,2480,2481,2705,2995,2556,2849
"94",25,26,27,29,30,31,32,44,45,46
"95",25,26,27,29,30,32,35,37,43,44
"96",28,2785,3012,2935,2859,334,2783,2784,333,2685
"97",23,24,25,26,27,29,30,31,32,33
"98",2995,2785,3012,2849,2783,2859,2784,2935,2994,2019
"99",2995,3012,2849,2705,2785,1858,2859,2783,2935,2784
"100",25,26,27,29,30,31,32,35,37,39
"101",28,104,2785,2783,2784,30,106,29,105,3012
"102",25,26,27,29,30,31,32,44,45,46
"103",25,26,27,29,30,31,32,44,45,46
"104",25,26,27,29,30,31,32,40,44,45
"105",32,191,198,260,265,266,271,274,333,334
"106",1485,1561,1637,1858,2480,2481,2556,2685,2705,2761
"107",28,2785,2858,2783,2784,2994,2859,30,106,29
"108",25,26,27,29,30,31,32,35,37,38
"109",1485,1559,1560,1561,1562,1564,1635,1636,1637,1638
"110",25,26,27,32,45,46,48,49,50,101
"111",2995,2849,2480,1858,3012,2556,2685,2761,2705,2019
"112",1014,1015,1101,1102,1164,1177,1249,1253,1325,1326
"113",24,25,26,27,28,29,30,31,32,34
"114",28,2858,105,29,2785,181,334,30,106,104
"115",28,334,2685,2783,2784,2785,2859,3012,2935,104
"116",1939,412,1780,28,1416,257,1417,30,106,333
"117",28,334,2685,2783,2784,2785,3012,2859,2935,2837
"118",1858,2480,2556,2849,2995,2705,2019,2685,2852,2867
"119",2685,334,28,2837,2785,2913,2935,2859,3012,2761
"120",1177,1406,1479,1485,1559,1560,1561,1562,1563,1564
"121",28,334,2785,3012,333,2783,2784,2859,2685,104
"122",24,25,26,27,28,29,30,31,32,34
"123",28,2785,334,2783,2784,3012,104,2859,29,105
"124",1101,1177,1325,1326,1329,1402,1406,1408,1409,1479
"125",28,2785,2783,2784,3012,2859,2935,30,106,104
"126",28,2785,3012,2783,2859,2784,2935,334,2860,2936
"127",24,25,26,27,29,30,31,32,35,37
"128",25,26,27,32,45,46,101,102,103,108
"129",28,30,106,104,334,3012,2859,29,105,181
"130",2785,3012,2859,2935,2783,2784,28,2860,334,2936
"131",28,2783,2784,2785,2859,3012,2925,2935,3001,2936
"132",32,101,108,184,191,198,259,260,266,271
"133",28,334,30,106,29,104,105,333,181,2785
"134",25,26,27,29,30,31,32,35,40,41
"135",25,26,27,28,29,32,34,35,37,38
"136",23,24,25,26,27,28,29,30,31,32
"137",25,26,27,29,32,35,44,45,46,48
"138",1177,1406,1485,1559,1560,1561,1562,1563,1564,1635
"139",25,26,27,29,30,32,35,37,38,39
"140",28,2785,3012,2783,2859,2784,2935,334,104,2925
"141",32,260,333,412,413,495,496,497,572,723
"142",28,334,2785,104,333,3012,30,106,29,105
"143",2785,2935,3012,2859,28,334,2783,2784,2685,2837
"144",28,334,2785,333,2935,3012,104,2925,2859,2783
"145",25,26,27,29,32,44,45,46,48,49
"146",25,26,27,32,44,45,46,48,49,50
"147",2935,2785,28,334,2859,3012,2783,2685,2784,333
"148",1420,1495,1496,1418,1419,2785,2783,2784,1342,1115
"149",28,334,2785,2783,2784,104,3012,2685,2859,2935
"150",25,26,27,32,45,46,101,102,103,108
"151",25,26,27,32,45,46,101,102,103,108
"152",23,24,25,26,27,28,29,30,31,32
"153",25,26,27,29,30,31,32,44,45,46
"154",2785,2685,2935,2859,3012,2783,2784,2837,28,2913
"155",28,104,334,2783,2784,2785,2859,2925,2935,3012
"156",25,26,27,29,30,31,32,44,45,46
"157",25,26,27,29,30,31,32,35,37,39
"158",25,26,27,29,30,31,32,40,43,44
"159",23,24,25,26,27,29,30,31,32,35
"160",28,2935,2785,334,2859,2685,2837,2783,3012,2784
"161",25,26,27,29,32,35,37,44,45,46
"162",28,29,30,104,105,106,181,334,2783,2784
"163",25,26,27,29,30,32,44,45,46,48
"164",25,26,27,29,30,31,32,35,43,44
"165",25,26,27,29,30,31,32,35,37,38
"166",2995,2935,28,334,3012,2785,2859,2783,2837,2784
"167",260,333,412,413,495,496,723,1479,1858,1780
"168",1101,1177,1406,1409,1483,1485,1559,1560,1561,1562
"169",1485,1561,1562,1637,1638,1712,1713,1842,1843,1858
"170",25,26,27,29,30,32,35,37,38,39
"171",1420,1495,1496,2995,1418,1419,1416,2242,1342,1425
"172",25,26,27,29,30,32,40,44,45,46
"173",28,2785,3012,2783,2784,2859,2935,334,104,2925
"174",25,26,27,29,30,31,32,35,44,45
"175",28,30,106,104,29,105,334,2785,181,2935
"176",2995,2480,1858,2849,2556,2685,2919,1485,2852,2481
"177",558,412,723,496,178,495,580,1858,25,408
"178",259,260,333,334,335,412,496,572,880,884
"179",25,26,27,45,46,101,102,103,122,177
"180",25,26,27,32,44,45,46,48,49,50
"181",26,29,32,45,46,101,108,119,120,121
"182",1014,1015,1101,1102,1177,1325,1326,1329,1402,1406
"183",28,2685,2785,334,3012,2837,2913,2859,2935,2783
"184",25,26,27,29,30,32,35,37,43,44
"185",25,26,27,29,30,31,32,35,37,38
"186",28,334,2785,2783,2935,2784,2859,2685,2837,2913
"187",28,2785,334,2784,2783,3012,2859,29,104,30
"188",28,334,2785,3012,2935,2925,333,2859,2685,2783
"189",1101,1177,1326,1329,1402,1406,1408,1409,1479,1481
"190",28,29,104,105,334,2785,333,2783,2784,181
"191",25,26,27,29,30,32,45,46,101,102
"192",25,26,27,29,30,31,32,34,35,37
"193",25,26,27,29,32,35,44,45,46,48
"194",28,334,104,30,106,333,29,105,181,2785
"195",1101,1177,1325,1326,1329,1402,1406,1408,1409,1420
"196",2995,1858,2849,2480,2705,2556,3012,2019,2919,2685
"197",28,333,334,2925,2785,104,29,30,106,3012
"198",28,2785,2935,2859,2783,3012,2784,334,333,2685
"199",2995,2849,2480,2556,2019,3012,2919,2685,2761,3013
"200",1858,2849,2995,2480,2705,2556,2019,2919,2852,2867
"201",28,2785,334,104,3012,2783,2784,2859,30,106
"202",1177,1406,1479,1483,1485,1556,1559,1560,1561,1562
"203",1418,1419,1420,1495,1496,178,1416,1340,2008,580
"204",25,26,27,29,30,31,32,40,44,45
"205",28,104,333,334,2783,2785,2859,2925,2935,3012
"206",1101,1177,1329,1406,1408,1409,1483,1485,1486,1559
"207",2785,28,3012,2783,2784,2859,2935,2860,334,2936
"208",25,26,27,28,29,32,34,35,36,37
"209",3012,2785,28,2995,2849,2859,2783,2784,2860,2705
"210",2995,2480,2556,1420,1495,1496,2849,2919,1418,1419
"211",2995,2480,1858,2849,2556,2685,2481,2761,2019,2919
"212",25,26,27,35,45,46,47,48,49,50
"213",2785,2858,1420,1495,1496,2994,2783,2784,1418,1419
"214",25,26,27,28,29,30,32,34,35,36
"215",28,29,30,104,105,106,181,333,334,2783
"216",2785,1115,28,2783,2784,2859,2994,30,106,1191
"217",2995,3012,2785,2859,2935,2783,2936,2860,2784,3015
"218",25,26,27,29,30,31,32,35,37,39
"219",28,334,104,333,29,105,30,106,2785,181
"220",28,2785,2858,2783,2995,2859,2705,2784,2935,104
"221",25,26,27,29,30,31,32,44,45,46
"222",260,350,412,413,488,495,496,497,558,723
"223",28,2785,334,104,2783,2935,2784,2859,30,106
"224",25,26,29,30,31,32,45,46,101,105
"225",2995,2785,3012,2849,2783,2859,2784,2935,2860,2936
"226",2785,1115,2783,2849,2784,2858,28,2994,2859,1418
"227",28,334,2785,3012,2783,2859,2784,2925,333,2935
"228",25,26,27,29,30,31,32,35,37,39
"229",28,3012,2785,2859,2935,2783,2784,2925,30,106
"230",101,102,178,412,495,496,558,580,723,1420
"231",28,333,334,2785,2859,2925,2935,3012,3001,2783
"232",2995,1420,1495,1496,1418,1419,2849,495,496,412
"233",2995,2480,2556,2481,2849,2685,2852,2607,2867,2868
"234",3012,2785,2859,2783,28,2935,2784,2936,2860,2861
"235",2995,3012,2849,2480,1858,2705,2936,2859,2556,2860
"236",1485,1559,1560,1561,1562,1563,1564,1635,1636,1637
"237",1101,1177,1329,1402,1406,1408,1409,1420,1481,1483
"238",1014,1015,1101,1177,1325,1326,1328,1329,1402,1406
"239",23,24,25,26,27,28,29,30,31,32
"240",25,26,27,29,30,32,35,37,38,39
"241",1479,1485,1556,1559,1560,1561,1562,1563,1564,1635
"242",2995,2785,2935,3012,2859,2858,2783,2919,2705,2994
"243",2785,2858,2995,2783,28,2784,2859,2935,3012,2845
"244",25,26,32,101,108,178,184,191,196,198
"245",1420,1495,1496,558,28,1340,1418,1419,25,178
"246",1485,1561,1562,1637,1842,1843,1858,2480,2481,2556
"247",25,26,27,28,29,30,32,34,35,37
"248",25,26,27,29,30,31,32,44,45,46
"249",412,1485,2480,496,1561,495,1637,2481,723,2849
"250",1101,1177,1325,1326,1329,1402,1406,1408,1409,1416
"251",28,2785,3012,2783,2784,2925,2859,2685,2935,104
"252",25,26,27,29,30,31,32,35,39,40
"253",25,26,27,29,30,32,44,45,46,48
"254",28,334,2785,2935,2685,333,2859,3012,2783,2784
"255",28,334,333,104,30,106,29,3012,105,409
"256",25,26,27,29,30,31,32,44,45,46
"257",2995,2849,3012,1858,2705,2019,3015,2761,2936,2919
"258",28,334,2785,2925,3012,333,2859,2783,104,2784
"259",25,26,27,29,30,32,35,44,45,46
"260",28,334,2785,3012,2925,2859,2783,2784,2935,333
"261",2849,2995,2480,1858,2685,2556,1485,2761,2705,2867
"262",28,2785,3012,334,2859,2783,2935,2784,2925,2685
"263",1177,1485,1559,1560,1561,1562,1563,1564,1635,1636
"264",412,723,1479,558,488,413,496,483,408,350
"265",28,2785,334,3012,2859,2783,2784,2935,333,30
"266",2995,2849,2919,1858,2019,2323,2778,2556,3012,2083
"267",25,26,27,29,32,44,45,46,48,49
"268",27,32,45,46,101,102,103,122,178,198
"269",2785,2995,2783,3012,2784,2859,2935,2849,28,2860
"270",1101,1177,1326,1329,1402,1406,1408,1409,1479,1481
"271",26,32,45,46,101,108,122,184,196,197
"272",25,27,32,45,46,101,102,103,121,122
"273",28,334,2785,3012,2783,2925,2784,2859,2935,104
"274",28,2785,2783,3012,2784,2859,2925,30,106,104
"275",1014,1015,1101,1102,1164,1177,1178,1253,1254,1259
"276",1014,1015,1101,1102,1177,1325,1326,1328,1329,1402
"277",260,333,334,335,350,412,413,488,495,496
"278",28,2785,2783,2784,104,30,106,2859,29,3012
"279",28,3012,2785,2859,2783,2784,2935,2925,2860,2936
"280",28,29,30,104,105,106,181,333,334,2783
"281",32,101,108,184,191,198,260,265,266,271
"282",25,26,27,29,30,31,32,44,45,46
"283",28,2785,30,106,2783,2784,104,29,105,181
"284",28,29,30,104,105,106,181,333,334,335
"285",29,30,31,32,105,106,107,108,119,120
"286",28,334,333,2935,2925,3012,2785,2859,104,2783
"287",3012,2785,2935,2859,2783,2784,28,2685,334,2860
"288",260,350,412,413,488,495,496,497,558,580
"289",1485,1561,1562,1637,1638,1712,1713,1858,1860,2406
"290",1014,1015,1101,1102,1164,1177,1178,1253,1254,1259
"291",28,104,333,334,2783,2784,2785,2859,2925,2935
"292",28,334,2785,3012,2935,2859,2783,333,2685,2784
"293",3012,2785,28,2859,2783,2784,2935,2925,2936,2860
"294",1014,1015,1101,1102,1164,1177,1253,1325,1326,1328
"295",28,3012,2785,2925,2859,2783,2784,2935,30,106
"296",2995,2849,3012,2480,1858,1485,2705,2761,2936,2859
"297",1177,1406,1409,1485,1559,1560,1561,1562,1563,1564
"298",25,26,27,29,30,31,32,35,37,38
"299",28,104,334,2785,3012,2925,2783,2784,30,106
"300",32,45,178,198,260,271,273,274,333,347
"301",2849,2995,3012,2685,3000,2761,1858,2019,2480,2936
"302",1485,1561,1637,1858,2480,2556,2685,2705,2761,2849
"303",25,26,27,29,32,35,44,45,46,48
"304",25,26,27,29,30,32,35,37,38,42
"305",32,198,260,271,274,333,334,335,347,349
"306",28,29,30,104,105,106,181,333,334,2783
"307",28,2785,2783,2784,2859,104,3012,30,106,29
"308",25,26,27,29,32,34,35,37,38,41
"309",23,24,25,26,27,28,29,30,31,32
"310",2849,2995,2480,2685,1858,2761,3012,1485,2556,2705
"311",1014,1015,1101,1102,1164,1177,1178,1253,1325,1326
"312",25,26,27,29,30,31,32,34,35,37
"313",28,2785,3012,2783,2784,2859,334,104,29,2935
"314",25,26,27,32,45,46,101,103,108,119
"315",25,26,27,29,30,32,45,46,57,58
"316",28,334,2785,3012,2925,2783,2859,2784,333,2935
"317",1485,1561,1637,1858,2480,2481,2556,2685,2705,2761
"318",28,29,30,104,105,106,181,333,334,409
"319",28,334,2783,2784,2785,2859,2925,3012,2935,333
"320",25,26,27,29,30,31,32,35,39,40
"321",1485,1561,1562,1637,1638,1712,1713,1858,1859,1862
"322",1485,1560,1561,1562,1636,1637,1638,1639,1712,1713
"323",2480,2995,1858,2849,2556,2705,2481,1485,1561,2685
"324",25,26,27,29,30,31,32,35,37,38
"325",2849,2995,3012,1858,2705,2480,2936,2019,2556,2859
"326",1485,1561,1562,1636,1637,1638,1712,1713,1782,1858
"327",1177,1485,1559,1560,1561,1562,1563,1564,1635,1636
"328",1485,1560,1561,1562,1636,1637,1638,1712,1713,1858
"329",3012,2785,2849,2859,2783,2784,2935,2936,2860,2937
"330",25,26,27,29,30,32,34,35,37,38
"331",23,24,25,26,27,28,29,30,31,32
"332",1420,1495,1496,178,1418,1419,580,412,1340,723
"333",28,104,334,2783,2784,2785,2925,3012,2859,2935
"334",28,3012,2925,2785,2859,334,2935,2783,2784,333
"335",28,334,2685,2783,2784,2785,2859,2925,2935,3012
"336",28,334,2785,3012,2925,104,2783,2859,2784,333
"337",25,26,27,29,30,32,44,45,46,48
"338",28,3012,334,2925,2785,2859,2935,2783,333,2784
"339",32,108,184,190,191,196,198,259,260,265
"340",25,26,27,29,30,32,35,37,42,43
"341",1014,1015,1101,1102,1177,1325,1326,1329,1402,1406
"342",558,412,723,496,495,1420,1495,1496,488,408
"343",2995,2849,3012,2785,2859,3000,2936,2783,2860,2019
"344",23,24,25,26,27,28,29,30,31,32
"345",28,334,2783,2784,2785,2925,3012,104,2859,333
"346",25,26,29,30,31,32,44,45,46,101
"347",28,104,333,334,2785,2925,3012,2783,2784,2859
"348",25,26,27,29,30,31,32,44,45,46
"349",25,26,27,32,48,49,50,54,55,57
"350",3012,2785,2859,2935,2783,2784,2860,2936,2995,2937
"351",2995,2480,1858,2481,2858,28,1860,2705,2556,2781
"352",28,334,3012,2785,2935,333,2859,2783,2784,409
"353",28,334,2785,2783,104,2784,3012,29,30,106
"354",28,334,2783,2784,2785,2925,3012,104,2859,333
"355",28,334,2785,104,2783,2784,3012,2935,2859,2685
"356",25,26,27,29,30,32,44,45,46,101
"357",25,26,27,29,30,31,32,34,35,37
"358",2995,1115,2919,2849,2556,2323,1858,2607,1191,2480
"359",28,334,104,29,30,106,105,181,2785,2783
"360",1485,1561,1562,1637,1858,2480,2481,2556,2685,2705
"361",2995,1115,1858,2849,2323,2919,1191,1116,2322,2858
"362",25,27,101,102,103,178,191,198,260,271
"363",23,25,26,27,29,30,31,32,33,34
"364",25,26,27,28,29,32,34,35,36,37
"365",32,260,271,333,347,350,412,413,488,495
"366",28,412,496,495,558,723,30,106,413,488
"367",2995,3012,2849,2785,2859,2705,2936,2783,2935,2860
"368",28,2783,2784,2785,2859,2925,2935,3012,334,3001
"369",25,26,27,29,30,31,32,40,44,45
"370",25,26,27,29,30,31,32,34,35,37
"371",23,24,25,26,27,28,29,30,31,32
"372",1014,1015,1101,1102,1164,1177,1178,1253,1259,1325
"373",28,2785,334,3012,2935,2859,2783,2784,2685,333
"374",28,334,104,30,106,29,105,2785,181,333
"375",2849,3012,1858,2480,2995,2859,2936,2705,2785,1485
"376",23,24,25,26,27,28,29,30,31,32
"377",25,26,27,28,29,30,32,34,35,37
"378",28,2785,2783,2784,2859,2935,3012,334,2858,104
"379",28,3012,2785,334,2859,2935,2783,2784,2925,333
"380",28,2785,2783,2784,30,106,104,29,105,181
"381",28,334,2925,2785,333,104,3012,2783,2784,2859
"382",25,26,27,29,30,32,35,44,45,46
"383",28,334,2783,2784,2785,2859,2925,3012,2935,333
"384",25,26,27,29,30,31,32,34,35,37
"385",2995,2919,2785,2778,3012,2858,2783,2859,2935,2844
"386",28,334,2785,2783,2784,104,2859,3012,29,105
"387",26,32,101,108,184,191,198,259,260,261
"388",1485,1559,1560,1561,1562,1636,1637,1638,1639,1712
"389",25,26,27,29,30,31,32,35,37,39
"390",1485,1561,1562,1636,1637,1638,1712,1713,1858,1859
"391",24,25,26,27,28,29,30,31,32,34
"392",28,2785,334,2783,2784,104,30,106,29,105
"393",1485,1561,1562,1637,1638,1712,1858,2480,2481,2556
"394",25,26,27,29,30,32,44,45,46,48
"395",25,26,27,29,32,44,45,46,101,103
"396",25,26,29,30,31,32,45,46,101,105
"397",1420,1495,1496,2995,1418,1419,1340,1416,178,1342
"398",25,26,27,29,30,31,32,35,37,38
"399",28,334,2785,104,333,2783,2784,105,29,181
"400",25,26,27,29,30,32,44,45,46,48
"401",28,2785,2783,104,2784,3012,334,30,106,29
"402",25,26,27,29,30,31,32,35,37,43
"403",2785,2935,3012,2859,2783,2784,28,2995,2685,2837
"404",2995,2849,2019,2919,2242,2556,2994,3012,2993,2323
"405",28,104,333,334,2685,2783,2784,2785,2837,2859
"406",1014,1015,1101,1177,1325,1326,1329,1402,1406,1408
"407",25,26,27,29,30,31,32,40,44,45
"408",28,2785,2783,2784,3012,2859,2935,104,2782,2936
"409",28,2785,2783,2784,2859,2935,104,334,105,2858
"410",28,333,334,2783,2784,2785,2859,2925,2935,3012
"411",2995,3012,2785,2859,2783,2784,2935,2860,2936,2849
"412",25,26,27,29,30,31,32,40,44,45
"413",28,30,104,106,2783,2784,2785,3012,2925,29
"414",25,26,27,28,29,30,31,32,34,35
"415",178,1340,1416,1418,1419,1420,1495,1496,2008,580
"416",2480,2995,1858,2556,2849,2481,2705,2919,2019,2852
"417",23,24,25,26,27,28,29,30,31,32
"418",28,2783,2784,2785,2859,2935,3012,2685,2925,334
"419",412,495,496,723,260,333,413,497,350,32
"420",2995,3012,2705,2859,2935,2936,2785,2480,2860,28
"421",25,26,27,29,30,31,32,44,45,46
"422",28,2785,2783,2784,2859,30,106,3012,29,104
"423",25,26,27,28,29,32,34,35,36,37
"424",25,26,27,29,30,31,32,35,40,43
"425",1485,1559,1560,1561,1562,1636,1637,1638,1639,1712
"426",2995,2919,2858,2845,2779,2778,2994,2844,3012,2556
"427",1014,1015,1101,1102,1177,1325,1326,1329,1402,1406
"428",28,334,2785,3012,2925,333,104,2783,2784,2859
"429",25,26,27,29,30,31,32,35,37,39
"430",28,2785,2783,2784,1115,2859,30,106,3012,104
"431",25,26,27,29,30,32,35,37,38,39
"432",28,2785,2783,2784,104,3012,2859,30,106,29
"433",25,26,27,32,44,45,46,48,49,50
"434",28,334,2785,3012,2935,2859,333,2783,2784,2685
"435",28,2785,334,2783,3012,30,106,2784,104,2859
"436",28,30,106,104,334,29,105,2785,181,2925
"437",28,2785,3012,2925,334,2783,2859,2784,104,2935
"438",2995,3012,2849,2785,2859,2935,2783,2936,2860,2019
"439",23,24,25,26,27,28,29,30,31,32
"440",25,26,27,28,29,30,32,34,35,37
"441",1014,1015,1101,1102,1164,1177,1178,1253,1254,1259
"442",28,2785,3012,2783,2859,2784,334,2935,2925,333
"443",1014,1015,1101,1102,1177,1325,1326,1329,1402,1406
"444",25,26,27,29,30,31,32,39,40,44
"445",28,2925,2785,334,3012,104,30,106,2783,2784
"446",1485,1561,1637,1858,2019,2480,2481,2556,2608,2684
"447",23,25,26,27,29,30,31,32,33,34
"448",25,26,27,29,32,35,37,44,45,46
"449",2995,2849,3012,2685,2480,1858,2761,2556,2686,2019
"450",28,1485,1559,1560,1561,1562,1563,1635,1636,1637
"451",1177,1329,1402,1406,1408,1409,1479,1483,1485,1486
"452",24,25,26,27,28,29,30,31,32,34
"453",25,26,27,32,45,46,101,102,103,108
"454",2995,3012,2849,1858,2859,2705,2785,2936,2860,2935
"455",28,2785,2935,2859,2783,2858,2784,3012,2994,334
"456",25,26,27,32,44,45,46,48,49,50
"457",28,2785,2783,2784,3012,2859,104,2935,29,105
"458",1014,1015,1101,1102,1177,1325,1326,1328,1329,1402
"459",28,2785,3012,2783,2935,2859,2784,334,104,2925
"460",28,104,334,2785,2783,30,106,2784,105,29
"461",28,2785,2783,2784,3012,334,104,2859,2935,30
"462",2995,1115,2849,1858,2785,2323,1191,3012,2705,2783
"463",1485,1561,1562,1637,1638,1713,1858,2480,2481,2556
"464",2995,2849,1858,2556,2019,2480,2919,3012,2685,2705
"465",28,2785,3012,2859,2783,30,106,2784,104,2935
"466",1177,1485,1559,1560,1561,1562,1563,1564,1635,1636
"467",25,26,27,29,30,31,32,40,44,45
"468",1014,1015,1101,1102,1164,1177,1253,1325,1326,1328
"469",1485,1561,1562,1636,1637,1638,1712,1713,1842,1843
"470",1014,1015,1101,1102,1164,1177,1253,1325,1326,1328
"471",3012,2785,2859,2935,2783,2784,2995,2860,2936,2937
"472",3012,2785,2859,2783,2849,2784,2935,2936,2705,2860
"473",28,2785,3012,2859,2783,2784,2935,2925,2860,2936
"474",25,26,32,101,108,116,178,184,190,191
"475",3012,2785,2995,2859,2783,2784,2935,2860,2936,2849
"476",2849,2995,3012,1858,2761,2685,2019,3000,2480,2556
"477",28,334,2785,2935,3012,333,2859,2685,2783,2925
"478",28,333,334,2925,3012,2785,2859,3001,2783,2784
"479",28,2785,2783,2784,3012,104,29,2859,30,106
"480",2995,2705,3012,2935,2480,2859,2936,2782,2860,2755
"481",28,30,106,2785,29,104,105,2783,2784,181
"482",24,25,26,27,28,29,30,31,32,34
"483",25,26,27,29,30,32,45,46,101,102
"484",28,2785,334,2783,104,2784,29,30,106,105
"485",25,26,27,29,30,31,32,40,44,45
"486",28,334,2783,2784,2785,2925,3012,2859,104,333
"487",23,24,25,26,27,29,30,31,32,34
"488",1485,1561,1637,1858,2480,2556,2685,2761,2849,2995
"489",25,26,27,29,30,32,44,45,46,48
"490",1485,1561,1562,1637,1638,1712,1713,1842,1843,1858
"491",178,198,260,271,274,333,347,349,350,412
"492",24,25,26,27,28,29,30,31,32,34
"493",2685,2785,334,2935,2837,3012,2859,2913,2783,2784
"494",1177,1485,1559,1560,1561,1562,1563,1564,1635,1636
"495",2995,3012,2785,2935,2859,2783,2784,2685,2837,2860
"496",28,1420,1495,1496,2785,2783,2784,1418,1419,2858
"497",1485,1560,1561,1562,1636,1637,1638,1712,1713,1858
"498",1420,1495,1496,178,1418,1419,580,2008,1858,1106
"499",2849,3012,2785,2859,2783,2935,3000,2784,2936,2019
"500",28,29,30,104,105,106,181,333,334,335
"501",28,334,2785,2685,3012,333,2935,2859,2925,2783
"502",260,271,333,347,350,412,413,495,496,580
"503",2995,2785,2858,2935,3012,2859,28,2919,2783,2705
"504",23,24,25,26,27,29,30,31,32,33
"505",28,2783,2784,2785,2859,2925,3012,2935,334,104
"506",25,26,27,29,30,31,32,35,40,43
"507",1485,1561,1858,2480,2481,2556,2685,2761,2849,2995
"508",2785,2783,2784,3012,28,2859,2935,2860,2936,2994
"509",1485,1560,1561,1562,1636,1637,1638,1639,1712,1713
"510",28,2685,2837,2913,334,30,106,2761,104,29
"511",28,104,334,2785,333,3012,29,30,106,2925
"512",2995,1420,1495,1496,1418,1419,3012,2785,2858,2935
"513",1177,1485,1559,1560,1561,1562,1563,1564,1635,1636
"514",28,333,334,2685,2783,2784,2785,2859,2925,2935
"515",1101,1177,1326,1329,1402,1406,1408,1409,1479,1481
"516",2995,1115,1858,2705,2785,2480,2783,3012,2858,2784
"517",28,2785,30,106,104,2783,2784,29,2859,334
"518",25,26,27,29,30,31,32,34,35,37
"519",25,26,27,32,35,37,44,45,46,47
"520",1485,1561,1637,1638,1858,1860,2480,2481,2556,2607
"521",28,2785,2783,2784,104,3012,334,2859,30,106
"522",28,2785,2935,334,2859,3012,2685,2783,2784,2837
"523",2995,2858,2845,3012,2779,2935,2785,2859,1420,1495
"524",1485,1559,1560,1561,1562,1564,1635,1636,1637,1638
"525",23,24,25,26,27,28,29,30,31,32
"526",28,29,30,104,106,333,334,2685,2783,2784
"527",28,333,334,2685,2783,2784,2785,2837,2859,2925
"528",25,26,27,32,35,44,45,46,48,49
"529",28,334,3012,333,2785,2925,2859,2935,2783,2784
"530",28,2785,2783,2784,1115,2859,105,29,334,181
"531",2995,3012,2849,2705,2019,2785,2859,2935,2783,2936
"532",2995,3012,2785,2849,2919,2859,2935,3015,2783,2860
"533",2785,28,2783,2784,2859,2935,3012,2994,2858,2860
"534",3012,2785,2859,28,2783,2784,2935,2860,2936,334
"535",412,496,495,723,260,1780,413,28,1858,1703
"536",1485,1561,1637,1638,1713,1858,1860,2406,2480,2481
"537",28,2785,334,29,30,106,2995,104,105,2784
"538",1177,1485,1559,1560,1561,1562,1563,1564,1635,1636
"539",3012,2785,2859,2935,2783,2784,2936,2860,2925,2937
"540",28,3012,2935,1115,2785,2859,334,2925,2685,333
"541",1014,1015,1101,1102,1164,1177,1178,1253,1325,1326
"542",1014,1015,1101,1102,1177,1178,1253,1254,1325,1326
"543",1420,1495,1496,1418,1419,1106,1115,2995,580,1342
"544",1014,1015,1101,1177,1325,1326,1329,1402,1406,1408
"545",25,26,27,32,101,102,103,108,116,178
"546",2995,2480,2849,1858,3012,2685,2556,2761,1561,1485
"547",2995,2480,1858,2755,2705,2603,2556,2831,2919,2622
"548",23,25,26,27,29,30,31,32,35,39
"549",1418,1419,1420,1495,1496,580,1340,178,1416,1342
"550",28,2935,2785,2837,2913,2982,2859,2685,2858,334
"551",2995,3012,2849,2785,2859,2935,2783,2936,2860,2784
"552",32,108,184,191,260,271,333,334,335,347
"553",28,2935,2685,2785,3012,2837,2859,2913,2783,2784
"554",32,108,198,260,271,274,333,334,335,347
"555",2995,2849,1485,2480,2685,3012,2761,1561,1858,1637
"556",412,28,496,495,723,558,413,30,106,488
"557",28,29,30,104,105,106,181,333,334,409
"558",2995,3012,2849,2785,2859,2783,2784,2936,2860,2935
"559",28,2995,3012,2785,2925,334,2685,30,106,104
"560",25,26,32,101,108,184,191,260,266,333
"561",1420,1495,1496,1418,1419,1342,1416,2242,1340,2994
"562",2849,2995,3012,1858,2019,2705,2785,2859,2936,2556
"563",28,29,30,104,105,106,181,333,334,2783
"564",2995,3012,2849,2785,2859,2783,2935,3015,2860,2919
"565",32,259,260,271,333,334,335,347,350,408
"566",25,26,27,28,29,30,31,32,34,35
"567",260,350,412,413,495,496,558,723,1858,271
"568",178,1340,1416,1418,1419,1420,1495,1496,2008,1425
"569",1014,1015,1101,1102,1177,1253,1325,1326,1328,1329
"570",25,26,27,29,30,31,32,35,44,45
"571",178,412,558,580,723,1340,1418,1419,1420,1495
"572",28,2785,2783,2784,2859,3012,2935,104,334,105
"573",2995,2785,2935,2859,2858,2783,2845,2994,2784,3012
"574",2849,2995,3012,3000,2761,2685,2686,2019,3015,2762
"575",28,29,30,104,105,106,181,333,334,2783
"576",25,26,27,29,30,32,44,45,46,48
"577",28,334,2785,333,3012,2783,2859,2784,2935,104
"578",25,26,27,29,30,31,32,39,40,44
"579",1177,1406,1481,1483,1485,1559,1560,1561,1562,1563
"580",3012,2849,2785,2859,2783,2784,2935,2936,28,2860
"581",28,333,334,2785,2925,3012,104,2783,2859,2784
"582",28,29,30,104,105,106,181,334,2783,2784
"583",2995,2785,3012,2242,2859,2919,2994,2783,2849,2844
"584",28,2785,2783,2935,2784,2859,3012,334,2705,2837
"585",2995,2858,2845,1939,2919,2785,2994,2935,2844,2779
"586",2995,2849,2919,2556,2480,2867,2868,2943,2944,2945
"587",2995,3012,2849,2785,2859,2860,2935,2936,2783,2705
"588",28,29,30,104,105,106,181,334,333,2995
"589",2995,2849,2019,3012,2919,2242,3000,2556,2323,1858
"590",25,26,27,29,30,31,32,35,37,39
"591",2785,3012,2783,2849,2784,2859,2777,2935,2860,2936
"592",1177,1485,1559,1560,1561,1562,1563,1564,1635,1636
"593",2995,2849,1858,3012,2919,2556,2019,2480,2685,3015
"594",1420,1495,1496,2995,2008,2858,580,2845,1418,1419
"595",2785,3012,2685,2935,2783,2859,2784,2837,2913,2761
"596",1014,1015,1101,1102,1164,1177,1253,1325,1326,1328
"597",28,2785,30,106,2783,2784,3012,104,2859,29
"598",1485,1561,1637,1858,2480,2481,2685,2849,2995,2556
"599",28,2785,2935,3012,2859,334,2783,2784,104,30
"600",28,333,334,2783,2784,2785,2859,2925,3001,3012
"601",25,26,27,29,30,31,32,44,45,46
"602",1485,1561,1562,1637,1638,1712,1713,1858,2019,2480
"603",28,334,104,333,30,106,105,29,181,2785
"604",3012,2785,28,334,2859,2925,2935,2783,2784,333
"605",1177,1479,1485,1559,1560,1561,1562,1563,1564,1635
"606",25,26,27,29,30,32,40,44,45,46
"607",1014,1015,1101,1102,1164,1177,1253,1325,1326,1328
"608",2995,3012,2849,2019,2785,2919,2859,2556,2935,2860
"609",1014,1015,1101,1177,1326,1329,1402,1406,1408,1409
"610",28,30,106,104,29,105,334,2785,181,2783
"611",412,260,496,1858,495,723,413,795,1115,32
"612",2995,1858,1115,2849,2919,2323,2705,2785,2556,2083
"613",1420,1495,1496,178,580,558,1418,1419,2995,1340
"614",28,2785,2783,2784,3012,2859,334,29,30,106
"615",23,24,25,26,27,28,29,30,31,32
"616",334,28,333,409,335,2935,1115,2932,3012,2859
"617",28,2785,2925,3012,2783,2784,2859,104,334,2935
"618",1858,2480,2995,1485,2849,1561,2685,2556,1637,2481
"619",27,45,101,102,103,178,198,260,271,274
"620",28,334,2785,3012,333,2859,2935,2925,2783,104
"621",28,29,30,104,105,106,333,334,2685,2783
"622",25,26,27,29,30,32,35,44,45,46
"623",2849,2705,2995,3012,2480,2782,1858,2936,2556,2859
"624",28,2785,3012,30,106,2783,2784,2925,2859,412
"625",28,30,106,29,104,105,181,2785,2783,2784
"626",28,334,2785,3012,2783,2784,2925,104,2859,333
"627",25,26,27,32,45,46,101,102,103,108
"628",25,26,27,29,30,32,44,45,46,48
"629",412,723,558,350,271,347,580,496,495,413
"630",23,24,25,26,27,28,29,30,31,32
"631",24,25,26,27,29,30,31,32,34,35
"632",28,334,30,106,104,3012,29,333,2785,105
"633",1014,1015,1101,1177,1325,1326,1329,1402,1406,1408
"634",28,334,2785,104,3012,30,106,2925,2783,2859
"635",28,2785,2858,2935,2859,2783,2982,2784,2845,334
"636",1485,1561,1637,1858,2480,2481,2556,2685,2849,2852
"637",25,26,27,29,30,31,32,35,37,38
"638",28,2785,2859,2935,3012,2783,2784,2858,334,2860
"639",558,28,25,178,408,645,116,580,1858,101
"640",25,26,27,32,44,45,46,48,49,50
"641",25,27,45,101,102,103,178,198,260,271
"642",25,26,27,29,30,31,32,40,44,45
"643",28,30,106,2785,104,2925,3012,2783,2784,29
"644",28,2785,2685,3012,2783,2784,2859,2935,104,2837
"645",25,26,27,45,46,101,102,103,116,122
"646",2995,2849,3012,2480,2705,1858,2556,2761,1485,2685
"647",25,26,27,32,45,46,101,102,103,108
"648",198,260,271,274,347,350,408,412,413,483
"649",25,26,27,28,29,30,31,32,34,35
"650",3012,2995,2859,2785,2935,28,2783,2936,2860,2784
"651",25,26,27,29,30,31,32,44,45,46
"652",2995,2480,1858,2705,28,1561,3012,334,1485,2556
"653",32,101,116,178,198,260,271,274,333,346
"654",28,2858,104,30,106,105,29,181,334,2785
"655",1485,1560,1561,1562,1636,1637,1638,1712,1713,1782
"656",28,2785,2783,104,2784,30,106,2859,3012,29
"657",25,26,29,30,31,32,44,45,46,101
"658",2785,3012,2859,2935,2783,28,2784,2860,2936,2994
"659",28,2785,2783,2784,2859,30,106,3012,412,495
"660",28,3012,2480,2705,2859,2936,2785,2860,2782,2935
"661",28,334,333,2785,2925,2935,104,3012,2859,409
"662",28,333,334,2925,104,30,106,2785,29,409
"663",25,26,27,29,32,35,44,45,46,47
"664",1485,1561,1637,1858,2480,2481,2556,2607,2608,2622
"665",3012,2785,2935,2859,2783,2784,2685,2995,28,2837
"666",25,26,27,29,30,31,32,34,35,37
"667",2785,2995,3012,2859,2935,2783,2784,28,2860,2858
"668",25,26,27,29,30,32,44,45,46,48
"669",25,26,27,29,30,31,32,44,45,46
"670",28,334,333,2925,104,2785,30,106,29,105
"671",29,30,32,105,106,108,119,120,181,182
"672",27,32,44,45,46,101,102,103,108,119
"673",1485,1561,1562,1637,1638,1712,1713,1858,1859,1863
"674",28,30,106,104,2785,29,105,2783,181,2784
"675",25,26,27,29,30,32,35,44,45,46
"676",25,26,27,29,30,31,32,44,45,46
"677",2995,2480,1858,2849,2556,2685,1485,2761,2919,2019
"678",26,32,45,46,101,108,121,122,178,184
"679",260,333,412,495,496,1780,1939,572,1115,497
"680",25,26,27,29,30,31,32,35,44,45
"681",25,26,27,29,30,32,35,44,45,46
"682",2785,3012,2783,2859,2784,28,2935,2860,2936,2861
"683",28,3012,2785,2859,2935,334,2783,2784,2925,333
"684",28,30,104,106,334,2785,2925,3012,2783,29
"685",2785,3012,2783,2784,2859,2935,28,2849,2860,2994
"686",2995,3012,2785,2935,2859,2783,2784,2860,2685,2936
"687",28,104,334,2785,333,29,30,106,105,3012
"688",28,30,106,3012,104,2935,1115,2859,260,2785
"689",25,26,27,28,29,30,31,32,34,35
"690",32,108,198,260,271,274,333,334,335,347
"691",24,25,26,27,28,29,30,31,32,34
"692",25,26,27,29,30,31,32,35,37,39
"693",28,2785,2783,2784,1115,2859,104,105,29,181
"694",28,2785,2783,2784,2859,2858,3012,105,2935,29
"695",2995,2785,3012,2783,2859,2784,2849,2935,2705,2860
"696",412,1420,1495,1496,723,580,178,1418,1419,1340
"697",28,334,2925,333,2935,3012,2859,2785,409,104
"698",28,30,106,104,29,105,181,2785,2783,2784
"699",28,334,333,2785,2935,2859,3012,2783,2784,104
"700",28,2785,3012,2935,2859,2783,334,2784,104,2860
"701",2995,3012,2849,3015,2919,3013,2761,2860,2685,2938
"702",25,26,27,29,30,31,32,44,45,46
"703",23,24,25,26,27,28,29,30,31,32
"704",28,334,2785,104,333,2783,2784,105,29,181
"705",2995,2849,2480,3012,2685,1858,2761,2556,1485,3015
"706",28,2785,2935,2859,2982,2783,2784,2858,104,3012
"707",3012,2785,2859,2935,2783,2784,28,2860,2685,334
"708",2995,2919,2785,2845,2858,3012,2935,2859,2844,2783
"709",28,334,30,106,104,29,105,333,181,2785
"710",1485,1560,1561,1562,1636,1637,1638,1639,1712,1713
"711",32,101,108,184,260,333,334,350,412,413
"712",25,26,27,29,32,45,46,101,103,108
"713",25,26,27,32,35,44,45,46,48,49
"714",2995,2849,2480,412,2919,2556,2685,2867,2868,2943
"715",412,496,495,333,2995,260,723,572,497,1858
"716",25,26,27,32,45,46,101,102,103,108
"717",1485,1560,1561,1562,1636,1637,1638,1639,1712,1713
"718",1485,1559,1560,1561,1562,1636,1637,1638,1639,1712
"719",28,2785,2783,2784,30,106,104,29,105,181
"720",2480,2995,1858,2556,2849,2481,2685,2852,2608,2607
"721",412,580,723,260,1858,1420,1495,1496,795,45
"722",28,334,2785,104,2783,2784,3012,29,333,2859
"723",2995,2480,1561,2556,1858,1485,2685,2481,1637,2761
"724",1101,1177,1326,1329,1402,1406,1408,1409,1479,1481
"725",25,26,27,29,30,31,32,40,44,45
"726",2785,3012,2859,2783,2935,2784,28,2685,2860,2936
"727",1485,1559,1560,1561,1562,1563,1564,1635,1636,1637
"728",25,26,27,29,30,31,32,35,44,45
"729",2995,2849,2919,2556,2480,2607,2867,2868,2943,2944
"730",3012,2785,2859,2935,2783,2784,28,2685,334,2860
"731",25,26,27,29,30,32,44,45,46,101
"732",25,26,27,29,30,32,35,44,45,46
"733",2995,3012,2785,2859,2935,2783,2784,2860,3015,3014
"734",25,26,27,29,30,32,35,37,38,39
"735",28,2785,334,2783,2784,3012,2859,104,30,106
"736",558,412,723,178,496,495,580,408,483,488
"737",1485,1561,1637,1858,2019,2480,2481,2556,2608,2622
"738",28,3012,2785,2935,2859,2925,334,2783,2784,30
"739",1485,1561,1637,1858,2480,2481,2556,2685,2857,2995
"740",28,2785,2783,2784,3012,2859,334,104,29,105
"741",3012,2995,2849,2785,2859,2783,2784,2705,2994,2935
"742",3012,2785,2859,2935,2783,2784,28,2860,2925,2936
"743",25,26,27,32,34,35,37,38,42,43
"744",28,334,333,2935,2785,2685,2859,2837,104,2913
"745",2480,2995,1485,1858,2685,2481,2556,2849,1561,2852
"746",28,2785,3012,30,106,2859,2783,2784,412,104
"747",1485,1858,2480,2481,2556,2685,2849,2995,2705,1561
"748",28,2785,2685,30,106,104,2784,2783,334,29
"749",25,26,27,29,30,31,32,35,44,45
"750",24,25,26,27,28,29,30,31,32,34
"751",2995,3012,2785,2859,2935,2783,2784,2860,2936,3015
"752",28,334,2785,3012,2685,2935,2859,2837,2783,333
"753",28,2785,3012,2783,2784,2859,2935,104,334,30
"754",1177,1485,1559,1560,1561,1562,1563,1564,1635,1636
"755",28,2685,2785,2913,2837,2784,2783,2935,2761,334
"756",1420,1495,1496,1418,1419,2858,2785,1342,1115,2783
"757",25,26,27,29,32,44,45,46,101,102
"758",25,26,27,29,30,32,35,37,39,40
"759",25,26,29,30,32,101,105,106,108,116
"760",29,32,108,184,191,196,198,259,260,266
"761",25,26,27,32,45,46,101,102,103,108
"762",28,2913,2837,2685,2994,2761,334,409,2935,2785
"763",28,29,30,106,2995,104,3012,105,181,2785
"764",1858,412,496,495,723,260,28,580,795,1115
"765",25,26,27,29,32,45,46,101,102,103
"766",2480,2685,2849,2995,2761,1485,1858,2556,2686,2913
"767",28,334,333,409,2935,335,2785,2859,3012,104
"768",28,2785,3012,2685,2783,2784,2935,2859,2837,2913
"769",1858,2849,2995,2685,2761,2480,2686,3012,2556,2019
"770",1177,1406,1485,1559,1560,1561,1562,1563,1564,1635
"771",23,25,26,27,29,30,31,32,35,37
"772",28,334,2785,3012,333,104,2783,2859,2784,2925
"773",25,26,27,32,35,37,44,45,46,48
"774",2995,2849,1858,2480,2556,1115,2919,2705,2607,2867
"775",25,26,27,29,30,32,44,45,46,48
"776",2995,2785,1115,2783,2858,2784,2859,2935,3012,1191
"777",25,26,27,29,30,31,32,34,35,37
"778",1177,1481,1485,1559,1560,1561,1562,1563,1564,1635
"779",1485,1561,1562,1637,1638,1712,1713,1858,2480,2481
"780",25,26,27,29,30,31,32,44,45,46
"781",2785,28,2935,2859,3012,2783,2784,334,2685,2837
"782",2685,28,2913,2837,2761,334,2785,2994,2935,3012
"783",2995,2994,2919,2849,2993,2785,2242,2019,2844,2783
"784",1485,1561,1562,1636,1637,1638,1712,1713,1858,1859
"785",25,26,27,29,30,32,34,35,37,38
"786",1485,1561,1858,2480,2556,2685,2761,2849,2995,2019
"787",3012,2935,334,2925,2932,2859,333,2785,28,2995
"788",25,26,27,29,30,31,32,40,44,45
"789",32,101,116,178,260,271,333,346,347,350
"790",2685,2785,28,2837,2935,2913,3012,2859,2783,2784
"791",25,26,27,29,30,31,32,40,44,45
"792",32,108,184,198,260,271,274,333,334,335
"793",1014,1015,1101,1102,1164,1177,1253,1325,1326,1328
"794",28,2785,3012,334,2783,2859,2784,2935,104,2925
"795",28,334,2785,2925,3012,104,333,30,106,2783
"796",2480,2995,1858,2556,2481,2849,2685,1485,1561,2705
"797",25,26,27,29,30,32,44,45,46,101
"798",25,26,27,32,101,102,103,116,177,178
"799",1014,1015,1101,1102,1177,1253,1325,1326,1328,1329
"800",2995,2849,3012,2761,2685,3015,3000,2019,2686,2936
"801",28,2785,2685,2783,3012,2784,2859,2935,2837,2913
"802",25,26,27,29,30,32,44,45,46,101
"803",28,2785,334,3012,2859,2783,2784,2935,333,104
"804",25,26,27,29,30,31,32,35,37,38
"805",28,2783,2784,2785,3012,2859,334,2935,2685,104
"806",2935,2995,1115,2845,28,2859,2982,2837,3012,334
"807",28,2785,334,2685,3012,2783,2784,2859,2935,2837
"808",25,26,27,29,30,31,32,44,45,46
"809",25,26,27,29,32,35,44,45,46,48
"810",1858,2019,2480,2556,2685,2705,2761,2849,2995,1485
"811",25,26,27,32,44,45,46,101,102,103
"812",2858,2995,28,2845,2935,2994,2785,2859,2779,2982
"813",1485,1561,1562,1637,1638,1712,1858,2480,2481,2556
"814",28,30,106,2785,29,104,2995,105,2783,2784
"815",2995,3012,28,2859,2935,2785,2860,334,2783,2936
"816",178,1420,1495,1496,2008,1418,1419,1340,580,1106
"817",2995,2849,1858,2685,2761,3012,2556,2480,2919,3015
"818",28,2785,334,2783,2935,2859,2784,3012,104,2925
"819",28,334,2785,2685,2783,2935,2784,2837,2913,2859
"820",28,334,2685,2785,2837,2913,2935,2859,333,3012
"821",28,2785,334,2783,2784,2859,2935,3012,333,104
"822",25,26,27,29,30,32,44,45,46,48
"823",32,108,184,198,260,271,274,333,334,335
"824",1485,1561,1562,1637,1638,1712,1713,1842,1843,1858
"825",25,26,27,29,30,31,32,35,43,44
"826",2995,3012,2935,2785,2859,3015,2783,2860,3014,2784
"827",1485,1560,1561,1562,1636,1637,1638,1639,1712,1713
"828",25,26,27,29,32,44,45,46,101,102
"829",28,334,2925,333,3001,3012,104,409,2935,2785
"830",1485,1560,1561,1562,1636,1637,1638,1639,1712,1713
"831",28,2705,1115,2480,1191,2785,2783,2784,2858,2859
"832",28,334,2785,104,30,106,2783,2859,2784,29
"833",2995,1858,2849,2480,1485,2705,2556,3012,1561,2685
"834",25,26,27,32,45,46,101,102,103,108
"835",1101,1177,1326,1329,1402,1406,1408,1409,1479,1483
"836",1014,1015,1101,1177,1325,1326,1329,1402,1406,1408
"837",28,334,2785,3012,104,2783,2859,2784,2935,30
"838",2995,3012,2785,2935,2859,2783,2784,2860,334,2936
"839",28,1420,1495,1496,1115,2858,1418,1419,1191,2785
"840",32,260,333,412,413,495,496,497,572,723
"841",2995,2849,2242,2919,2019,2994,2323,3012,2844,3000
"842",28,2982,2935,334,2837,2913,2785,2858,104,2859
"843",25,26,27,28,29,30,31,32,34,35
"844",28,334,104,30,106,333,105,29,2785,181
"845",1485,1561,1562,1637,1638,1712,1713,1858,1859,1862
"846",28,2785,334,3012,2859,2935,2783,2784,333,104
"847",25,26,27,29,30,31,32,35,40,43
"848",1485,1561,1562,1637,1638,1712,1713,1858,1859,1860
"849",28,334,2785,3012,333,2925,2859,2935,2783,2784
"850",28,2785,2935,2783,2859,2784,104,3012,2685,30
"851",28,334,2785,2685,3012,2935,333,2859,2783,2784
"852",28,30,106,104,29,105,181,2785,2858,2783
"853",1485,1561,1858,2480,2481,2556,2685,2705,2761,2849
"854",28,2785,3012,2783,2859,2784,2935,334,2860,104
"855",1177,1402,1406,1408,1409,1479,1481,1483,1485,1486
"856",30,32,106,108,184,190,191,198,251,257
"857",24,25,26,27,28,29,30,31,32,34
"858",25,26,27,29,30,31,32,40,44,45
"859",2785,28,3012,2783,2784,558,2859,2935,2685,408
"860",25,26,27,29,30,32,35,44,45,46
"861",2785,3012,2783,2859,2935,2784,2685,28,2705,2837
"862",1101,1177,1326,1329,1402,1406,1408,1409,1479,1481
"863",1858,2480,2481,2556,2995,1485,1561,2685,1637,2852
"864",25,26,27,29,30,31,32,44,45,46
"865",1485,1559,1560,1561,1562,1636,1637,1638,1712,1713
"866",25,26,27,29,30,31,32,35,37,40
"867",23,24,25,26,27,28,29,30,31,32
"868",1485,1560,1561,1562,1636,1637,1638,1639,1712,1713
"869",2994,2913,2837,2858,28,2685,2761,2919,2785,2845
"870",25,26,27,29,30,31,32,35,37,41
"871",32,108,260,271,333,334,335,347,350,408
"872",25,26,27,32,45,46,48,49,50,101
"873",3012,2849,2785,2859,2783,2784,2995,2935,2936,2860
"874",25,26,27,29,30,32,44,45,46,101
"875",25,26,27,29,30,31,32,40,44,45
"876",32,101,108,184,198,260,271,274,333,334
"877",25,26,27,32,44,45,46,48,49,50
"878",1485,1560,1561,1562,1636,1637,1638,1639,1712,1713
"879",28,2785,2783,2784,3012,2859,2935,104,30,106
"880",2995,412,333,2849,1780,723,260,496,335,334
"881",2995,2935,3012,2785,2859,2994,2858,2845,2919,2783
"882",25,26,27,29,30,31,32,40,44,45
"883",2995,2705,2480,2858,1191,2556,2781,1115,1420,1495
"884",28,2785,2783,2784,2859,3012,2935,30,106,104
"885",25,26,27,29,30,31,32,35,37,39
"886",23,24,25,26,27,28,29,30,31,32
"887",28,334,2925,3012,333,2785,2935,2859,3001,2783
"888",2995,3012,2785,2859,2935,2783,2784,2685,2860,2936
"889",2785,2783,2784,2859,2935,3012,28,1420,1495,1496
"890",29,30,31,32,105,106,108,181,182,184
"891",334,2935,28,2837,2685,2913,2859,2785,2994,333
"892",25,26,27,29,30,31,32,40,44,45
"893",1485,1559,1560,1561,1562,1636,1637,1638,1639,1712
"894",25,26,27,32,35,44,45,46,48,49
"895",25,32,101,108,178,184,191,198,260,266
"896",29,30,31,32,46,101,105,106,107,108
"897",25,26,27,29,32,44,45,46,48,49
"898",2995,2480,2849,2556,1858,2705,3012,1485,2019,2685
"899",1485,1561,1562,1637,1638,1712,1713,1842,1843,1858
"900",28,2785,3012,2859,2935,2783,2784,104,30,106
"901",2995,2849,2705,3012,2556,2480,2919,1858,2936,2019
"902",28,334,30,106,2785,29,104,105,181,2784
"903",28,2785,3012,2783,2859,334,2784,2935,2925,104
"904",1485,1561,1637,1858,2480,2481,2556,2685,2995,2761
"905",25,26,27,32,44,45,46,48,49,50
"906",24,25,26,27,28,29,30,31,32,34
"907",1115,1858,1116,116,412,28,1860,30,106,964
"908",3012,2995,2849,2859,2785,2935,2783,2860,2936,2938
"909",1420,1495,1496,580,101,1418,1419,178,496,495
"910",25,26,27,29,30,31,32,44,45,46
"911",28,2785,3012,2783,2784,2859,2935,2685,334,104
"912",28,2785,3012,2783,2859,2784,104,2935,30,106
"913",28,2785,3012,2783,2859,2784,2935,104,334,30
"914",2995,2785,2783,2859,3012,2784,2935,2858,2919,2845
"915",2849,2995,1858,3012,2705,2019,2785,2859,2936,2783
"916",1485,1561,1562,1637,1638,1712,1713,1858,1859,1862
"917",25,26,27,32,45,46,101,102,103,108
"918",412,496,495,1939,572,260,723,497,1780,884
"919",1485,1561,1637,1858,2480,2481,2556,2608,2622,2684
"920",24,25,26,27,28,29,30,32,34,35
"921",28,2785,334,3012,2859,2935,2783,333,2784,2925
"922",1485,1561,1858,2480,2481,2556,2849,2995,2705,1637
"923",28,2785,3012,2859,334,2935,2783,2784,2925,2857
"924",178,1340,1416,1418,1419,1420,1495,1496,2008,1425
"925",25,26,27,29,30,31,32,35,37,39
"926",26,32,101,108,178,184,190,191,196,198
"927",2995,2849,3012,2785,2859,1858,2919,2860,2936,2844
"928",28,29,30,104,105,106,181,333,334,2783
"929",25,26,27,29,30,31,32,35,37,39
"930",32,108,184,198,257,259,260,271,274,333
"931",28,334,2785,3012,2935,2859,333,2783,2784,2685
"932",28,2785,3012,334,2784,2783,2859,2935,333,2685
"933",2995,2994,2919,2785,3012,2705,2935,2859,2783,2784
"934",28,3012,2785,2859,2783,2935,2784,2925,2860,2936
"935",25,26,27,29,30,31,32,35,44,45
"936",27,32,45,46,101,102,103,108,122,178
"937",2995,3012,2849,2785,2859,2935,2783,2860,2936,2784
"938",28,104,333,334,2685,2783,2784,2785,2859,2935
"939",23,24,25,26,27,28,29,30,31,32
"940",28,2785,2925,3012,2783,334,2784,2859,104,2935
"941",1561,1858,2480,2481,2995,1485,2556,1637,2705,2622
"942",27,32,44,45,46,102,103,119,120,121
"943",25,26,27,29,32,35,37,38,39,44
"944",3012,28,2785,2925,2859,2935,2783,3001,2784,2685
"945",2995,3012,2849,2785,2859,2935,2783,2019,2784,2860
"946",25,26,27,29,30,32,44,45,46,101
"947",23,24,25,26,27,28,29,30,31,32
"948",25,26,27,29,30,32,44,45,46,48
"949",2995,2849,3012,2019,3015,2556,2919,2860,2859,2785
"950",3012,2785,2859,2935,2783,2784,28,2860,2685,2936
"951",1177,1406,1485,1559,1560,1561,1562,1563,1564,1635
"952",28,334,2925,3012,333,2785,3001,2859,104,2935
"953",23,24,25,26,27,29,30,31,32,33
"954",2785,2935,2685,3012,28,2859,334,2783,2837,2784
"955",1420,1495,1496,2994,1418,1419,2242,2849,2919,2995
"956",28,333,334,104,29,105,2785,181,30,106
"957",3012,2785,2859,2935,2783,2784,2995,2860,28,334
"958",25,26,27,28,29,30,31,32,34,35
"959",1485,1560,1561,1562,1636,1637,1638,1639,1712,1713
"960",1101,1177,1325,1326,1329,1402,1406,1408,1409,1479
"961",24,25,26,27,28,29,30,31,32,34
"962",28,334,2785,2685,2783,104,2784,2837,2935,2913
"963",3012,28,2785,2859,2783,2784,2935,2925,2936,2860
"964",28,2785,30,106,29,334,2783,2784,105,104
"965",25,26,27,29,32,35,44,45,46,48
"966",2995,1420,1495,1496,2849,1418,1419,1191,2919,1342
"967",2995,2919,2849,2242,3012,2844,2994,2845,2019,3000
"968",2995,3012,2242,2919,2849,2844,3000,3015,2859,2935
"969",1177,1406,1409,1485,1559,1560,1561,1562,1563,1564
"970",1485,1561,1637,1858,2480,2481,2556,2608,2684,2685
"971",32,108,184,259,260,333,334,335,350,408
"972",25,26,27,29,32,44,45,46,48,49
"973",23,24,25,26,27,28,29,30,31,32
"974",28,2785,334,2935,2859,2783,2784,2685,3012,333
"975",23,24,25,26,27,28,29,30,31,32
"976",25,26,27,29,30,31,32,35,37,38
"977",23,24,25,26,27,28,29,30,31,32
"978",23,24,25,26,27,28,29,30,31,32
"979",23,24,25,26,27,28,29,30,31,32
"980",28,2785,30,106,2783,3012,2784,2859,104,29
"981",2480,2849,2995,2685,1858,1485,2761,2556,1561,1637
"982",25,26,27,29,30,32,44,45,46,48
"983",2995,3012,2849,2785,2859,2783,2784,2935,2936,2860
"984",2995,3012,2849,2859,2785,2935,2936,2761,2705,2783
"985",28,2785,2783,2784,104,3012,2859,30,106,334
"986",25,32,45,101,178,190,191,198,260,265
"987",1485,1561,1562,1637,1638,1712,1713,1858,1860,2406
"988",2995,2480,1858,2705,2556,2481,2608,2849,2684,2867
"989",2995,2849,3012,2785,2859,2783,2919,1858,2705,2019
"990",1420,1495,1496,1418,1419,28,1342,2858,1416,1340
"991",25,26,27,29,30,32,35,44,45,46
"992",28,2785,3012,104,30,106,2859,2783,2935,2784
"993",2995,3012,2849,3015,2785,2936,2705,2860,2685,2761
"994",25,26,27,29,30,31,32,35,37,39
"995",28,2785,334,104,2783,2784,3012,30,106,29
"996",1485,1560,1561,1562,1636,1637,1638,1639,1712,1713
"997",1101,1177,1326,1329,1402,1406,1408,1409,1479,1481
"998",1485,1561,1562,1636,1637,1638,1712,1713,1858,1859
"999",28,334,2685,2785,3012,2935,2859,2783,2784,2837
"1000",25,26,27,32,45,46,101,102,103,108
"1001",1485,1559,1560,1561,1562,1563,1564,1635,1636,1637
"1002",25,26,27,29,32,34,35,37,38,39
"1003",1014,1015,1101,1102,1164,1177,1178,1253,1254,1325
"1004",1101,1177,1402,1406,1408,1409,1483,1485,1486,1559
"1005",32,178,198,260,271,274,333,334,335,347
"1006",2995,2480,1858,2481,1561,2755,2556,1485,1637,2705
"1007",412,723,496,495,1858,558,1479,580,260,413
"1008",1485,1561,1562,1637,1712,1858,2480,2481,2556,2608
"1009",3012,2785,28,2859,2935,2783,2784,2925,2936,2782
"1010",1177,1406,1485,1559,1560,1561,1562,1563,1564,1630
"1011",27,45,46,101,102,103,122,178,198,260
"1012",3012,2785,28,2935,2859,2783,2784,334,2685,2860
"1013",3012,2785,2859,2783,2935,2784,2860,2995,2936,2849
"1014",3012,2785,2859,2783,2935,2784,2995,2860,2936,28
"1015",24,25,26,27,28,29,30,31,32,34
"1016",1485,1561,1637,1858,2480,2481,2556,2685,2995,1638
"1017",28,104,333,334,2783,2784,2785,2859,2925,2935
"1018",1485,1561,1637,1858,2480,2481,2556,2685,2761,2849
"1019",1014,1015,1101,1102,1177,1325,1326,1329,1402,1406
"1020",25,26,27,32,45,46,101,102,103,122
"1021",1485,1561,1637,1858,1860,2480,2481,2556,2622,2685
"1022",25,27,32,45,46,101,103,122,178,198
"1023",28,2785,2783,3012,2784,2859,104,2935,30,106
"1024",1485,1561,1637,1858,2019,2480,2481,2556,2685,2705
"1025",28,29,30,104,105,106,181,333,334,2783
"1026",24,25,26,27,28,29,30,31,32,34
"1027",25,26,27,29,32,35,44,45,46,48
"1028",28,29,30,104,105,106,181,333,334,409
"1029",28,2785,3012,2783,2784,30,106,104,2925,334
"1030",25,26,27,29,30,32,35,37,38,40
"1031",1485,1561,1637,2480,2481,2556,2685,2995,1858,1562
"1032",25,26,27,28,32,34,35,37,38,44
"1033",25,26,27,29,30,31,32,35,37,38
"1034",27,101,102,103,178,558,580,1340,1416,1418
"1035",25,26,27,29,30,32,35,44,45,46
"1036",25,26,27,29,32,44,45,46,48,49
"1037",2995,2480,1858,2849,2556,2919,2705,2685,2019,2608
"1038",28,2785,2685,2783,2784,334,2935,3012,2859,2837
"1039",260,412,580,723,1115,1858,271,347,496,350
"1040",28,2685,2785,2784,2783,2837,2913,3012,2761,2935
"1041",28,2785,3012,558,2783,2784,2859,25,408,30
"1042",25,26,27,29,30,31,32,40,44,45
"1043",3012,2995,2785,2859,2783,2935,2784,2849,2936,2860
"1044",23,24,25,26,27,28,29,30,31,32
"1045",28,2785,2783,2784,2859,3012,104,2935,30,106
"1046",28,334,333,2785,2925,2935,3012,2859,2783,2784
"1047",2849,2705,2480,2995,496,412,495,1485,2852,2782
"1048",25,26,27,32,45,46,101,102,103,108
"1049",2849,2785,2995,2783,3012,28,2784,2705,2859,2936
"1050",2995,1115,2845,2153,1842,1843,2154,2919,1116,2858
"1051",2995,2755,2678,2831,2754,2603,2779,2907,2983,2528
"1052",1485,1561,1562,1637,1638,1712,1713,1858,1863,2480
"1053",26,27,32,45,46,101,102,103,108,122
"1054",25,26,27,29,30,31,32,44,45,46
"1055",28,2685,2785,2837,2913,2935,2784,2783,2761,334
"1056",25,26,27,29,30,32,44,45,46,48
"1057",1014,1015,1101,1102,1177,1325,1326,1329,1402,1406
"1058",28,2783,2784,2785,3012,30,106,2685,104,29
"1059",25,26,27,29,32,35,37,38,42,43
"1060",32,101,198,260,271,274,333,334,347,350
"1061",1420,1495,1496,1191,1340,1418,1419,558,1416,723
"1062",412,496,495,723,413,497,2995,260,333,572
"1063",28,2785,2783,3012,2784,334,30,106,2859,29
"1064",1485,1561,1637,1858,2480,2481,2556,2705,2995,1713
"1065",28,334,2785,333,3012,2783,2784,2935,2859,104
"1066",25,26,27,29,30,31,32,40,44,45
"1067",1014,1015,1101,1102,1177,1325,1326,1329,1402,1406
"1068",28,104,333,334,409,2685,2785,2925,3012,335
"1069",28,2785,3012,2935,2859,334,2783,2784,333,2685
"1070",25,26,27,29,30,31,32,44,45,46
"1071",1485,1561,1858,2019,2480,2556,2685,2705,2761,2849
"1072",28,29,30,104,105,106,181,333,334,409
"1073",25,26,27,29,30,31,32,40,44,45
"1074",28,334,2783,2784,2785,2859,2925,2935,3012,2685
"1075",2849,2785,3012,2995,2783,2859,2784,2705,2936,2935
"1076",412,580,1858,260,496,1420,1495,1496,495,795
"1077",23,24,25,26,27,29,30,31,32,33
"1078",29,30,31,32,40,44,45,46,57,58
"1079",25,26,27,29,30,31,32,44,45,46
"1080",2995,2919,2242,2849,3012,2019,2556,2323,2994,2844
"1081",25,26,27,29,30,31,32,44,45,46
"1082",28,2785,3012,30,106,2783,2784,2859,104,29
"1083",2849,3012,2859,2785,2935,2995,3000,2783,2936,2784
"1084",28,30,106,2785,104,29,2783,2784,3012,105
"1085",1485,1561,1562,1637,1638,1712,1713,1858,1860,2406
"1086",24,25,26,27,28,29,30,31,32,34
"1087",28,334,2685,2783,2784,2785,2859,2935,3012,2837
"1088",28,2785,334,3012,2783,2859,2935,2784,104,2685
"1089",1014,1015,1101,1102,1177,1325,1326,1329,1402,1406
"1090",25,26,27,32,45,46,101,102,103,122
"1091",28,30,106,104,334,2785,29,105,3012,181
"1092",2995,2849,3012,2019,2919,2242,3000,2785,2556,2859
"1093",1485,1561,1562,1637,1638,1712,1713,1858,1859,1860
"1094",25,32,101,178,198,260,271,274,347,349
"1095",23,24,25,26,27,28,29,30,31,32
"1096",25,26,27,29,30,32,44,45,46,101
"1097",3012,2785,2859,2783,2935,2784,28,2925,2860,3001
"1098",25,26,27,29,30,31,32,35,44,45
"1099",25,26,27,32,45,46,101,102,103,122
"1100",28,333,334,2783,2784,2785,2859,2925,3012,104
"1101",1177,1406,1485,1559,1560,1561,1562,1563,1564,1635
"1102",1485,1561,1562,1637,1638,1712,1858,2019,2480,2481
"1103",25,26,27,29,30,31,32,35,44,45
"1104",28,3012,2785,2859,2783,2705,2784,2935,2782,2936
"1105",28,2783,2784,2785,3012,104,334,2925,2859,2935
"1106",28,3012,334,2925,2859,2785,2935,333,2783,2784
"1107",2480,2849,2995,2556,2019,1858,2481,2919,2705,1842
"1108",412,496,495,723,28,497,413,572,488,260
"1109",2995,2849,3012,2785,2859,2783,2019,2935,2784,2860
"1110",25,26,27,29,30,32,35,37,38,39
"1111",28,2785,3012,334,2783,2859,2784,2935,104,2925
"1112",2995,3012,2785,2859,2849,2935,2783,2784,2860,3015
"1113",1177,1485,1559,1560,1561,1562,1563,1564,1635,1636
"1114",1485,1559,1560,1561,1562,1635,1636,1637,1638,1639
"1115",2995,3012,2849,2785,2859,2936,2860,2783,2935,2761
"1116",28,334,2785,2685,2935,3012,333,2859,2925,2783
"1117",28,30,106,104,105,29,2785,181,2858,2859
"1118",25,26,27,29,30,31,32,35,44,45
"1119",23,24,25,26,27,28,29,30,31,32
"1120",32,101,108,198,260,271,274,333,334,335
"1121",28,30,106,2785,104,3012,29,334,105,2859
"1122",1014,1015,1101,1102,1177,1325,1326,1329,1402,1406
"1123",25,26,27,29,30,31,32,44,45,46
"1124",28,30,106,2785,3012,104,2925,2859,2783,29
"1125",25,26,27,29,30,32,35,37,43,44
"1126",29,30,31,32,106,108,182,184,191,198
"1127",3012,334,28,2935,2785,2859,333,2925,2783,2784
"1128",25,26,27,29,30,32,44,45,46,48
"1129",2995,3012,2849,3000,2019,2859,2785,2935,3015,2860
"1130",28,2935,2785,334,2859,3012,2783,2784,2858,2837
"1131",2995,2480,1858,2849,2556,2685,2481,2705,2867,2868
"1132",2995,2849,1858,3012,2480,2685,2761,2556,3015,2019
"1133",2995,3012,2785,2859,2935,2783,2784,2860,2936,2849
"1134",1858,2480,2995,2849,2556,2685,2481,1485,2705,2852
"1135",2995,2849,1858,2480,2556,2685,2919,1485,2867,2868
"1136",28,2785,2935,2685,2837,2859,2783,2913,2784,3012
"1137",23,25,26,27,28,29,30,32,34,35
"1138",28,2785,3012,2935,2859,2783,2784,2685,2837,104
"1139",28,334,2785,3012,104,2783,2859,2784,30,106
"1140",178,580,1340,1342,1416,1418,1419,1420,1495,1496
"1141",25,26,27,29,30,32,35,37,38,43
"1142",28,2858,2935,334,2785,2845,2859,2982,2995,2783
"1143",28,2785,3012,2783,2784,2859,2925,334,30,106
"1144",2995,3012,2785,2849,2859,2783,2784,2935,2919,2860
"1145",28,334,2785,3012,2925,104,2783,2784,2859,30
"1146",32,108,184,190,191,198,259,260,265,266
"1147",25,26,27,29,32,44,45,46,48,49
"1148",1858,2480,2849,2995,2685,2761,2556,2019,1485,3012
"1149",25,26,27,29,30,31,32,35,40,42
"1150",28,334,2785,3012,2859,2783,333,2935,2784,2925
"1151",25,26,27,29,30,31,32,35,44,45
"1152",25,26,27,28,29,30,32,34,35,37
"1153",25,26,27,29,30,32,35,37,38,39
"1154",25,26,27,29,30,31,32,35,37,38
"1155",23,24,25,26,27,28,29,30,31,32
"1156",1485,1560,1561,1562,1636,1637,1638,1712,1713,1842
"1157",28,104,333,334,2783,2784,2785,2859,2925,2935
"1158",25,26,27,28,29,30,32,34,35,36
"1159",25,26,27,29,32,35,44,45,46,48
"1160",28,3012,2705,2859,2785,2782,2783,2936,2784,2849
"1161",1177,1406,1408,1409,1485,1559,1560,1561,1562,1563
"1162",25,26,27,29,30,31,32,35,43,44
"1163",25,26,27,29,30,31,32,35,44,45
"1164",28,30,106,2785,3012,25,2783,2784,104,2859
"1165",25,26,27,45,46,48,49,50,101,102
"1166",25,26,27,28,29,30,32,34,35,37
"1167",28,2785,3012,334,2859,2783,2935,2784,333,104
"1168",2995,2919,2755,2705,3012,2779,2556,2480,2831,2678
"1169",25,26,27,29,30,31,32,35,40,44
"1170",28,2785,2783,2935,2859,2784,3012,104,2837,2685
"1171",2995,3012,2935,2785,2919,2859,2755,2779,2858,2783
"1172",2785,28,3012,2783,2784,2859,2935,2685,2837,2913
"1173",1485,1560,1561,1562,1636,1637,1638,1639,1712,1713
"1174",1485,1561,1562,1637,1638,1712,1858,2480,2481,2556
"1175",25,26,27,29,30,31,32,37,38,39
"1176",25,26,27,29,30,32,35,44,45,46
"1177",24,25,26,27,28,29,30,31,32,34
"1178",25,26,27,32,45,46,101,102,103,108
"1179",25,26,27,32,45,46,101,103,108,116
"1180",2849,2995,3012,2705,2019,2935,2859,2936,2938,2782
"1181",23,24,25,26,27,28,29,30,32,34
"1182",2995,178,580,1420,1495,1496,2480,2008,1106,102
"1183",2858,2994,2785,28,2837,2913,2845,2783,2784,2982
"1184",26,27,32,45,46,101,103,108,122,178
"1185",2995,3012,2849,2785,2919,2859,2935,3015,2860,2783
"1186",28,2785,3012,2783,2859,2784,2705,2858,29,30
"1187",25,26,27,32,44,45,46,48,49,50
"1188",260,412,495,496,723,1858,413,32,497,488
"1189",25,26,27,29,30,32,44,45,46,101
"1190",25,26,27,29,30,31,32,35,43,44
"1191",25,26,27,29,30,31,32,35,39,40
"1192",1014,1015,1101,1102,1164,1177,1178,1253,1254,1259
"1193",3012,2849,2859,2785,2995,2936,2860,2783,2935,3000
"1194",25,26,27,32,45,46,48,49,50,101
"1195",28,2785,30,106,104,334,29,2783,2925,2784
"1196",26,27,32,45,46,101,103,108,122,178
"1197",1014,1015,1101,1177,1326,1329,1402,1406,1408,1409
"1198",28,334,2785,3012,2783,2784,104,2925,2859,2935
"1199",32,101,178,198,260,271,274,333,334,335
"1200",2849,2995,1858,2019,2919,2556,2705,3012,2323,2480
"1201",1485,1560,1561,1562,1636,1637,1638,1712,1713,1782
"1202",1485,1560,1561,1562,1636,1637,1638,1639,1712,1713
"1203",28,334,2785,3012,2925,2859,2783,333,2935,2784
"1204",28,334,2785,3012,333,2859,2783,2925,2784,2935
"1205",28,2785,3012,2935,334,2859,2783,2784,2925,2685
"1206",412,1115,333,1780,1939,260,723,880,496,1551
"1207",28,334,333,30,106,3012,104,2785,2859,2935
"1208",28,3012,2785,334,2925,2859,2783,2784,104,2935
"1209",28,2685,2913,2837,334,2761,2785,2935,3012,2859
"1210",1485,1559,1560,1561,1562,1636,1637,1638,1639,1712
"1211",2785,3012,2935,2859,2685,2783,2784,28,2837,2913
"1212",23,25,26,27,29,30,31,32,35,40
"1213",23,24,25,26,27,28,29,30,31,32
"1214",25,26,27,29,30,32,35,44,45,46
"1215",25,26,27,28,29,30,32,34,35,37
"1216",28,334,104,2785,30,106,29,105,181,2783
"1217",2995,2480,1858,2556,2919,2705,2481,2858,2684,2867
"1218",25,26,27,32,101,103,108,178,191,198
"1219",32,45,101,108,178,184,198,260,271,273
"1220",28,334,2785,2685,333,3012,2935,2859,2784,2783
"1221",32,108,184,191,198,260,265,266,271,274
"1222",28,334,333,2785,3012,2935,2859,409,2925,104
"1223",2705,2480,1858,2849,2782,2556,3012,2995,1485,2936
"1224",2995,2785,3012,2919,2859,2935,2783,2994,2784,2858
"1225",28,29,30,104,106,333,334,2785,2995,3012
"1226",1177,1406,1479,1485,1559,1560,1561,1562,1563,1564
"1227",28,2785,2783,2784,104,30,106,3012,2859,2935
"1228",25,26,27,32,35,44,45,46,47,48
"1229",2995,1858,2849,2480,2556,2919,2019,2705,2608,2684
"1230",1177,1402,1406,1408,1409,1479,1481,1483,1485,1486
"1231",25,26,27,28,29,32,34,35,37,38
"1232",25,26,27,32,34,35,37,38,44,45
"1233",28,30,106,104,334,29,2785,105,181,3012
"1234",1485,1559,1560,1561,1562,1564,1635,1636,1637,1638
"1235",28,2785,3012,2935,334,2859,2685,2783,2784,2837
"1236",28,334,2785,2935,2859,2783,333,2784,104,3012
"1237",32,101,178,190,191,198,260,265,266,271
"1238",32,108,184,190,191,196,198,259,260,265
"1239",32,108,184,198,260,271,274,333,334,335
"1240",25,26,27,29,32,44,45,46,101,103
"1241",2785,3012,2783,2859,2784,2935,2685,2705,2837,28
"1242",2785,1191,28,1115,2783,2784,2858,2994,1420,1495
"1243",1014,1015,1101,1102,1164,1177,1253,1325,1326,1328
"1244",3012,2935,28,2859,2785,2925,2705,2783,2936,334
"1245",2480,2995,2481,1858,2858,2556,28,2705,2684,1860
"1246",25,26,27,32,45,46,101,102,103,108
"1247",178,260,271,347,350,412,413,496,580,723
"1248",1177,1485,1559,1560,1561,1562,1563,1564,1635,1636
"1249",2995,2935,3012,2785,2859,2685,2837,2783,2784,2761
"1250",25,26,27,29,30,32,44,45,46,48
"1251",25,26,27,28,29,30,32,34,35,37
"1252",3012,2785,2935,2859,2783,2784,28,2685,2860,334
"1253",2995,2849,3012,3000,1858,2919,2019,3015,2936,2938
"1254",2995,1858,2849,3012,2705,2556,2919,2480,3015,2019
"1255",28,2785,3012,2859,2783,2784,2935,2925,334,333
"1256",1485,1561,1637,1858,2480,2481,2556,2622,2685,2852
"1257",32,108,184,198,259,260,271,274,333,334
"1258",1485,1561,1562,1637,1638,1712,1713,1858,1859,1860
"1259",1177,1481,1483,1485,1559,1560,1561,1562,1563,1564
"1260",28,334,2783,2785,3012,2784,104,2859,29,333
"1261",2849,2995,3012,2019,3000,2705,2859,2936,2860,2938
"1262",28,3012,2935,2685,2785,408,2859,2925,1115,178
"1263",25,26,27,29,30,32,35,37,43,44
"1264",25,26,27,28,29,32,34,35,44,45
"1265",25,26,27,29,30,32,44,45,46,48
"1266",28,2783,2784,2785,3012,2859,2935,334,104,29
"1267",1485,1561,1637,1858,2480,2481,2556,2685,2761,2849
"1268",24,25,26,27,28,29,30,31,32,34
"1269",28,334,2785,29,30,106,105,2783,2784,104
"1270",2785,28,2783,2784,3012,2859,2935,2685,2705,2782
"1271",25,26,27,29,30,31,32,35,39,40
"1272",28,2785,2783,2784,3012,2859,334,2935,104,29
"1273",25,26,27,29,32,35,44,45,46,47
"1274",2785,28,2783,2784,2859,3012,2858,2935,2860,2994
"1275",28,334,2925,333,2935,3012,2785,2859,409,104
"1276",28,2685,2783,2784,2785,2859,2935,3012,2925,334
"1277",25,26,27,29,32,44,45,46,48,49
"1278",28,2785,334,3012,2859,2935,2783,2784,333,2925
"1279",1485,1561,1637,1858,2480,2481,2556,2685,2761,2837
"1280",2849,2995,3012,2019,3000,2919,1858,2785,2242,2859
"1281",28,2783,2784,2785,2859,2925,2935,3012,3001,2685
"1282",2995,3012,2785,2859,2935,2783,2849,2784,2860,2936
"1283",25,26,27,29,32,44,45,46,101,102
"1284",28,334,2785,2859,2925,2935,3012,2783,2784,3001
"1285",3012,2995,2859,2785,2935,2783,2932,2860,2784,3015
"1286",25,26,27,29,32,35,44,45,46,48
"1287",2705,2849,2480,2995,2782,412,1485,3012,28,723
"1288",28,2785,3012,334,2859,2783,2784,2935,30,106
"1289",28,2785,3012,2859,2783,2935,2784,2925,104,334
"1290",2995,2849,1858,2480,2556,2019,3012,2705,2919,2685
"1291",28,334,2785,3012,333,2859,2925,2935,2783,2784
"1292",2995,2849,2242,2019,3012,2919,3000,2994,2556,2844
"1293",28,334,3012,2785,333,104,30,106,2859,2925
"1294",32,108,184,198,257,259,260,271,274,333
"1295",25,26,27,29,30,31,32,34,35,37
"1296",2785,3012,2783,2784,2859,2935,2995,28,2860,2936
"1297",25,26,27,32,45,46,101,102,103,121
