"","V1","V2","V3","V4","V5","V6","V7","V8","V9","V10"
"1",55,28,33,46,5,161,300,3022,332,40
"2",2365,2397,2312,2380,2298,2360,2726,2358,2393,2309
"3",913,1063,970,586,647,830,988,587,1258,1342
"4",2705,2672,3003,2724,2848,2651,2763,2829,2953,2989
"5",332,970,499,268,1028,913,1063,1258,1342,1370
"6",1447,406,1501,370,385,1546,465,1377,513,238
"7",587,679,753,913,1063,140,503,553,570,636
"8",50,2354,140,38,2286,2329,85,147,88,98
"9",2306,1526,1569,2365,2252,2802,2160,1639,2351,2307
"10",28,5,79,82,40,1101,49,12,1617,728
"11",617,544,672,913,1063,488,747,837,830,586
"12",2365,2397,2312,2380,2358,2393,2439,2446,2309,2400
"13",2365,2312,2380,2397,2358,2393,2309,2400,2349,2441
"14",3000,3038,2439,2446,2910,2312,2380,3007,2472,2481
"15",587,679,753,55,46,1754,1943,1891,503,553
"16",2619,2583,1932,2498,2623,2770,2532,2540,1839,2340
"17",2110,2171,2208,2354,913,1063,2094,2142,1455,2244
"18",2365,2312,2624,2162,2303,2074,2236,1820,2358,2393
"19",2462,2281,2733,3038,2574,2672,2468,2758,2360,2036
"20",3003,2840,2848,2966,3015,2954,2977,2879,2854,2997
"21",2365,2281,2339,2288,2343,2312,2380,2397,2414,2236
"22",913,1063,1447,586,647,830,988,587,794,617
"23",913,1063,1447,586,647,830,988,587,1455,617
"24",58,28,8,923,19,332,105,1443,4,18
"25",2180,2256,2354,2279,40,2121,2110,2171,2208,2044
"26",46,2995,2848,55,40,2786,3022,2751,2954,2950
"27",2954,3024,2916,2872,2967,2860,2816,2703,2728,2897
"28",913,1063,586,647,830,988,587,1541,794,41
"29",2236,2298,2360,2288,2343,2281,2182,2312,2380,2764
"30",2365,2312,2281,2236,1905,2288,2095,1975,2358,2393
"31",1975,2052,2090,2236,2222,2281,2095,1905,2077,1876
"32",2770,2675,2540,2413,2772,2530,2806,2375,2623,2910
"33",2439,2446,2365,2477,2339,2298,2360,2472,2481,2312
"34",2365,2077,2236,2298,2312,2380,2360,2281,2052,2122
"35",55,46,2354,96,1891,2244,1818,2044,1754,1943
"36",2954,3003,2454,2903,2860,2749,2716,2772,2796,2736
"37",67,96,55,46,672,794,1660,83,59,72
"38",2383,1957,1891,1613,1677,1747,1818,2155,1785,1847
"39",913,1063,586,647,830,988,587,617,794,2110
"40",2309,2400,2349,2441,2360,2472,2481,2848,2312,2904
"41",1447,747,837,1546,830,778,2324,681,735,988
"42",1416,923,1028,1457,1548,1864,1258,1342,1370,1515
"43",1447,1455,853,1541,875,1377,1392,1501,1683,41
"44",2772,1975,1876,2668,1878,1959,2843,1763,2438,2526
"45",2365,2312,2358,2393,2309,2400,2260,2268,2288,2397
"46",41,98,38,6,27,1975,31,332,52,875
"47",2365,2312,2380,2339,2733,2358,2393,2309,2400,2349
"48",2298,2360,2365,2439,2446,2477,2250,2026,2182,2397
"49",2365,2397,2312,2380,2339,2439,2446,2477,2298,2360
"50",2365,2312,1975,2288,2236,2358,2393,2397,2309,2400
"51",2341,2425,2334,2431,2354,1700,2426,2233,2399,2290
"52",40,2180,2256,2354,55,46,67,2279,21,83
"53",2077,2052,2122,2298,2046,1975,2162,2000,2148,2236
"54",2728,2623,2656,2672,2954,2860,2579,2966,3024,2413
"55",2354,2244,2286,2329,2117,2172,1455,1940,2237,2318
"56",728,40,5,28,86,804,966,872,21,1113
"57",2281,2339,2236,2365,2288,2343,2312,2380,2397,2438
"58",913,1063,1455,586,647,830,988,587,1447,1541
"59",1975,2222,2052,2236,1905,2095,2090,2077,1876,2039
"60",2728,2954,2703,3024,2808,2967,2860,2744,2872,2841
"61",913,1063,830,586,647,988,587,1447,1455,617
"62",3003,2840,3034,2879,3015,2977,2672,2747,2854,2967
"63",3022,2751,2897,2954,3024,2995,3002,3020,2778,2808
"64",2222,2236,1905,2095,1975,2077,1876,2039,1878,1959
"65",2413,2623,2860,2744,2841,2355,2954,2454,2672,2878
"66",2334,2379,2674,2643,2522,2431,2534,406,2457,1839
"67",1975,2052,2236,2077,2095,1905,2090,2122,1876,2039
"68",2236,2222,2281,2360,2298,2157,2288,2095,1905,2643
"69",913,1063,586,647,830,988,587,1447,140,756
"70",1199,1289,1497,1401,1495,1706,1803,1808,1929,1130
"71",55,46,40,21,67,44,19,83,59,72
"72",970,913,1063,1258,1342,1370,1515,1535,1028,574
"73",2728,2954,3024,2808,2967,3003,2820,2758,2872,2680
"74",2365,2439,2446,2312,2380,2477,2733,2472,2481,2358
"75",1455,913,1063,1541,1392,1382,730,586,647,830
"76",2298,2360,2236,2288,2343,2182,2312,2380,2281,2643
"77",1447,747,837,830,1546,893,853,778,988,735
"78",2365,2439,2446,2312,2380,2472,2481,2281,2358,2393
"79",923,1028,970,459,913,1063,1258,1342,1370,1515
"80",2623,2413,2770,2355,2754,2590,2878,2880,2894,2454
"81",2077,2052,2365,2236,1975,2122,2281,2298,2360,2397
"82",2236,2281,2077,2095,2365,2122,1975,2298,2052,2360
"83",2236,2281,2298,2222,2360,2182,2095,2157,2339,2288
"84",2672,2413,2623,3003,2617,2903,2548,2954,2728,2860
"85",913,1063,586,647,830,988,587,140,794,1127
"86",2365,2397,2312,2380,2052,2077,2339,2358,2393,2309
"87",2615,2651,2705,2763,2848,2690,2724,2598,2672,2728
"88",2303,2309,2400,2755,2793,1953,2214,1904,1911,2360
"89",2728,2758,2860,2977,2623,2986,3005,3010,2658,2864
"90",1455,1541,853,875,1377,1392,1447,41,98,1304
"91",2763,2615,55,2672,46,2705,2848,2724,2950,2829
"92",46,55,2354,96,617,913,1063,1780,40,2244
"93",2365,2312,2358,2393,2309,2400,2303,2298,2360,2260
"94",1541,1455,1392,1608,913,1063,1447,1683,1382,1546
"95",913,1063,586,647,830,988,587,1447,617,794
"96",2540,2236,2339,2674,2671,2711,38,2675,2562,86
"97",913,1063,586,647,830,988,587,617,794,1127
"98",2643,2298,2360,2236,2339,2288,2343,2182,2675,2773
"99",1975,2222,2236,1905,2095,2077,2052,1876,2039,1878
"100",913,1063,586,647,830,988,587,617,794,1344
"101",923,2365,1416,2312,2380,1028,1864,2072,1825,1548
"102",1455,1447,1541,1392,853,98,41,2286,2329,38
"103",913,1063,140,586,647,830,988,587,853,1447
"104",913,1063,586,647,830,988,587,794,1127,1146
"105",50,38,147,56,85,11,370,385,65,140
"106",2365,2312,2358,2393,2309,2400,2380,2260,2268,2397
"107",2848,2724,2786,2950,3034,2953,2989,2994,2728,2954
"108",1455,913,1063,586,647,830,988,587,730,1382
"109",2590,2830,2871,2802,2744,2903,2841,1796,2537,2654
"110",913,1063,586,647,830,988,587,617,756,794
"111",2281,2236,1975,2365,1905,2095,2288,2077,2343,1876
"112",2365,2312,2303,2214,2358,2393,2309,2400,2298,2162
"113",1455,199,1447,1392,853,1541,41,138,192,913
"114",2728,2954,3024,2808,2872,2680,2967,2860,2820,2875
"115",2365,2312,2380,2358,2393,2309,2400,2349,2441,2303
"116",1238,2365,875,1377,853,2281,1975,406,1683,1905
"117",2365,2397,2077,2312,2380,2281,2122,2358,2393,2339
"118",2298,2360,2288,2343,2236,2182,2312,2380,2643,2438
"119",2281,1975,2365,2236,2052,2095,2077,2288,2343,2397
"120",2365,2312,2250,1699,1738,1767,2303,1763,2358,2393
"121",2365,2397,2312,2380,2358,2393,2309,2400,2349,2441
"122",913,1063,1541,586,647,830,988,587,794,1127
"123",2365,2312,2380,2229,2303,2269,2358,2393,2309,2400
"124",2365,2312,2358,2393,2309,2400,2260,2268,2288,2397
"125",2339,2439,2446,2281,2312,2472,2481,2380,2222,2236
"126",2848,3003,2829,2953,2989,2994,2724,2950,3034,2945
"127",1455,913,1063,1382,586,647,830,988,587,730
"128",913,1063,586,647,830,988,587,617,794,756
"129",2365,2312,2380,2358,2393,2309,2400,2349,2441,2439
"130",1975,2281,2339,2052,2236,2090,2365,2095,1905,2288
"131",2052,2077,1975,2222,2250,2236,2439,2446,2095,2122
"132",55,46,2354,21,2180,2256,96,40,2279,2286
"133",2365,2397,2312,2380,2339,2439,2446,2477,2358,2393
"134",1455,1541,8,1447,1392,31,30,1608,1382,4
"135",2354,55,46,96,2244,1344,602,893,674,40
"136",1455,853,1541,1392,1447,199,1450,1539,41,1382
"137",1541,913,1063,1608,1455,586,647,830,988,587
"138",2309,2400,2360,2303,2312,2365,2358,2393,2298,2397
"139",1455,2354,1541,1392,913,1063,1447,2244,1608,1891
"140",2298,2162,2360,2365,2182,2077,1941,2312,2229,2380
"141",913,1063,586,647,830,988,587,617,794,1127
"142",2365,2439,2446,2397,2312,2380,2477,332,2830,2871
"143",1975,2640,2644,2675,2325,2709,2372,2530,2656,2631
"144",2878,2880,2894,2504,2770,2439,2446,2365,2691,2477
"145",1541,1455,913,1063,1608,586,647,830,988,587
"146",2237,2318,2187,55,46,1609,617,1780,2341,2425
"147",2281,1975,2077,2365,2236,2052,2095,2122,2312,2380
"148",2312,2380,2902,2358,2393,3001,2309,2400,2349,2441
"149",2365,2312,2380,2303,2269,2229,2358,2393,2733,2309
"150",913,1063,140,38,853,114,1447,2110,2171,2208
"151",2354,2244,2172,2286,2329,2180,2256,55,46,2279
"152",913,1063,586,647,830,988,587,794,1127,1146
"153",747,837,830,617,681,768,735,919,976,1067
"154",1975,1876,2640,1878,1959,2325,2709,2372,2211,1941
"155",2439,2446,2365,2477,2472,2481,2312,2380,2351,2378
"156",913,1063,586,647,830,988,587,617,794,1127
"157",913,1063,140,1455,1344,853,674,893,1447,586
"158",1455,1392,1541,1447,2354,1382,1608,1891,1724,913
"159",1455,1541,1392,1447,913,1063,1382,1608,199,853
"160",2873,2918,2768,2801,2910,2507,2916,2740,2816,2833
"161",1455,913,1063,1541,1392,1382,586,647,830,988
"162",2365,2312,2380,2733,1051,914,1002,1118,384,460
"163",913,1063,586,647,830,988,587,617,794,756
"164",1455,1541,853,1392,1447,1608,41,98,913,1063
"165",913,1063,1455,586,647,830,988,587,1264,1344
"166",2728,2954,3024,2808,3003,2967,2966,2872,2680,2758
"167",1455,913,1063,1382,586,647,830,988,587,794
"168",2365,2312,2303,2214,2358,2393,2309,2400,2298,2360
"169",3003,2848,2954,2840,2966,2903,3024,3034,3015,2967
"170",1455,913,1063,1392,1541,1447,1189,1264,586,647
"171",2339,2236,2675,2772,2222,2540,2281,2288,2777,3000
"172",96,67,55,46,1891,1660,1818,617,913,1063
"173",2439,2446,2477,2365,2472,2481,2397,332,2312,2380
"174",465,513,399,2324,1546,1447,893,2342,856,2226
"175",2728,2954,3024,2808,2967,2872,2820,2680,2860,2897
"176",2236,2365,2281,2298,2360,2288,2343,2312,2380,2182
"177",923,1028,970,1443,1258,1342,1370,1515,1535,1219
"178",747,837,830,768,1238,681,778,853,923,919
"179",8,1455,1541,31,19,66,1447,4,1392,1608
"180",2354,2244,2172,2286,2329,55,46,2180,2256,96
"181",2354,2180,2256,55,2172,46,40,2279,2286,2329
"182",2365,2312,2303,2214,2358,2393,2309,2400,2298,2162
"183",2365,2298,2360,2397,2312,2380,2182,2358,2393,2309
"184",1455,1541,1392,1447,913,1063,1382,1608,1683,586
"185",2354,1455,913,1063,2244,1541,2168,2110,2171,2208
"186",2365,2281,2397,38,2312,2380,2077,2691,2629,2358
"187",2077,2122,2365,2052,2298,2360,2236,2162,2148,2046
"188",2339,2281,2222,2236,30,2414,31,2439,2446,199
"189",2365,2312,1699,2250,1738,1767,2303,1763,2214,2358
"190",2365,2312,2380,2358,2393,2309,2400,2349,2441,2397
"191",913,1063,586,647,830,988,587,617,794,756
"192",55,96,46,2117,67,1891,1818,2231,465,2354
"193",913,1063,140,586,647,830,988,587,853,2110
"194",2365,2439,2446,2072,2477,1919,2312,2380,1942,1833
"195",2365,2312,2358,2393,2309,2400,2162,2222,2236,2260
"196",2281,2236,2365,1905,2095,1975,2077,2288,2343,1876
"197",2365,2397,2312,2380,2339,2358,2393,2309,2400,2349
"198",2829,2978,2945,2764,2984,3009,2900,2943,2980,2947
"199",2236,2222,2281,2298,2360,2157,2095,2339,2288,2182
"200",2298,2360,2365,2288,2343,2236,2397,2312,2380,2182
"201",2365,2312,2380,1416,2358,2393,2309,2400,2349,2441
"202",2439,2446,2150,2189,2365,2232,2472,2481,1980,2016
"203",1932,1839,2619,1649,2334,1978,2379,1362,1762,2431
"204",913,1063,140,853,586,647,830,988,587,1447
"205",2365,2439,2446,2477,2397,2312,2380,2339,2472,2481
"206",2893,3027,2945,3009,2848,3016,2928,1375,2984,2900
"207",2298,2360,2312,2380,2236,2339,2182,2358,2393,2309
"208",55,46,96,2354,40,2244,67,83,59,72
"209",1975,2281,2052,2236,2090,2095,1905,2222,2077,2365
"210",2754,2770,2540,2672,2819,2707,2728,2820,2413,2675
"211",2236,2222,2281,2157,2339,2298,2360,2274,2095,2464
"212",2354,2244,55,46,2172,2286,2329,2117,1940,96
"213",2728,2954,3003,3024,2910,2808,2966,2997,2967,2764
"214",2354,55,46,2244,96,2286,2329,2172,40,1940
"215",2439,2446,2365,2477,2472,2481,2312,2380,2339,2397
"216",2365,2298,2360,2312,2380,2303,2269,2358,2393,2397
"217",1127,1146,2705,2829,1457,2763,2764,972,1337,1378
"218",1455,1541,1392,1447,1382,1608,1501,1377,119,1683
"219",2365,2439,2446,2477,2312,2380,2339,2472,2481,2916
"220",2728,2954,3024,2910,2808,2967,2872,2680,2820,3039
"221",913,1063,586,647,830,988,587,794,1127,1146
"222",49,5,28,58,92,40,12,26,8,1
"223",2077,2298,2360,2365,2122,2052,2250,2182,2236,2162
"224",1541,1455,8,1447,1392,1683,1608,1546,1749,1784
"225",1975,2222,2236,2052,1905,2095,2077,2090,1876,2039
"226",2764,2868,2777,3000,2846,2360,2773,2910,2843,2298
"227",2857,2916,2703,2439,2446,2477,2365,2901,2472,2481
"228",1455,1447,1541,1392,8,1749,1784,31,1843,30
"229",2365,2312,2380,2288,2343,2298,2397,2360,1975,2358
"230",913,1063,794,756,853,617,1541,672,1171,1447
"231",2281,2339,2222,2439,2446,2236,2477,1975,2365,2288
"232",55,46,40,96,67,28,21,83,44,79
"233",2848,2705,2724,2686,2672,2953,2989,2994,3003,2651
"234",1975,2236,1905,2095,2052,2077,1876,2039,1878,1959
"235",1975,2052,2222,2236,1905,2095,2090,2077,1876,2039
"236",2150,1956,1986,2189,1876,1904,1911,2050,1767,2365
"237",2365,2312,2303,2358,2393,2309,2400,2214,2298,2360
"238",2365,2312,1738,1767,2250,2802,2303,1871,2105,2358
"239",913,1063,586,647,830,988,587,794,756,1127
"240",55,46,96,2354,40,67,5,90,28,33
"241",2365,2312,2303,2229,2380,2214,2358,2393,2309,2400
"242",2623,2672,2728,2954,2860,2579,2796,2413,2548,2644
"243",2764,2910,2829,2675,3003,2772,2728,2843,2954,3024
"244",913,1063,140,586,647,830,988,587,853,2110
"245",923,1416,1028,1576,1548,1443,1258,1342,1370,1515
"246",2222,2236,2281,2439,2446,2672,2464,2754,2822,2826
"247",913,1063,586,647,830,988,587,1447,1455,794
"248",1455,1541,913,1063,41,853,1392,586,647,830
"249",1526,1569,1657,1740,1905,1899,1639,1557,1962,1290
"250",2365,2306,2252,1432,1526,1569,1168,2312,2307,2363
"251",1416,1028,1548,1258,1342,1370,1515,1535,923,1219
"252",1455,1447,1392,1541,199,1382,1608,913,1063,853
"253",913,1063,140,586,647,830,988,587,38,2110
"254",2281,2439,2446,2339,2477,2365,2623,2222,2077,2860
"255",2365,2077,2298,2360,2052,2162,2148,2397,2312,2380
"256",199,41,1455,138,192,30,1447,31,50,1392
"257",2365,2298,2360,2288,2343,1975,2339,2236,1905,2397
"258",2077,2236,2365,2281,2222,2339,2439,2446,30,2477
"259",1455,913,1063,1382,1264,586,647,830,988,587
"260",2077,2052,2122,1975,2236,2365,2298,2360,2095,2046
"261",2236,1905,2095,1975,2222,2077,2281,1876,2039,1878
"262",2236,2281,2095,1975,2077,2164,2365,2222,2052,2122
"263",2365,2312,1699,2250,1738,2303,1767,2214,2358,2393
"264",38,147,50,140,119,85,104,56,145,114
"265",2077,2250,2439,2446,2026,2477,2365,2052,2122,2298
"266",1127,1146,1457,1378,1560,919,976,1067,1143,901
"267",913,1063,1455,586,647,830,988,587,617,1541
"268",2354,2244,2172,2286,2329,1940,1780,2117,2055,2104
"269",2312,2380,2298,2360,2358,2393,2309,2400,2349,2441
"270",2365,2312,1699,2250,1738,1767,1763,2303,2214,2802
"271",465,2324,2429,2319,2044,399,513,161,2517,2391
"272",1447,544,617,913,1063,459,1501,1683,747,837
"273",2077,2122,2052,2776,2298,2818,2360,2236,2250,2365
"274",923,1416,1028,1548,1258,1342,1370,1515,1535,1219
"275",2365,2312,2303,2214,2358,2393,2309,2400,2298,2162
"276",2365,2312,2303,2214,2358,2393,2309,2400,2298,2162
"277",2334,2431,40,2354,2114,2233,46,90,30,49
"278",2938,3024,2977,3022,2954,3020,2910,2967,3000,2925
"279",1975,2052,2298,2360,2365,2162,2148,2077,1941,2182
"280",2439,2446,2477,2365,2472,2481,2397,2312,2380,2250
"281",913,1063,970,459,1028,923,1219,1343,1258,1342
"282",913,1063,586,647,830,988,587,1264,1122,730
"283",3024,2728,2954,3039,2977,3022,2872,2986,3005,3010
"284",2365,2439,2446,2477,2312,2380,2472,2481,2232,2358
"285",1447,747,837,830,893,853,617,681,735,2110
"286",2439,2446,2477,2365,1825,3024,2072,3039,199,2472
"287",2281,1975,2052,2236,2339,2365,2090,2288,2095,2343
"288",913,1063,41,1274,586,647,830,988,587,1785
"289",3003,2848,2966,2954,2946,3015,2840,2977,3034,2764
"290",2365,2312,2303,2214,2358,2393,2309,2400,2298,2162
"291",2077,2052,2365,2122,2298,2360,2397,2312,2380,2236
"292",2281,2365,2397,2312,2077,2236,2380,2052,1975,2288
"293",1975,2222,2236,2052,1905,2095,2281,2077,2090,1876
"294",2365,2590,2830,2871,2616,2635,2645,2687,2664,2802
"295",1975,8,923,1457,4,31,66,1576,1416,1443
"296",2236,2281,1905,2095,1975,2077,2222,1876,2039,1878
"297",2365,2312,2358,2393,2309,2400,2260,2268,2397,2303
"298",913,1063,586,647,830,988,587,794,1127,1146
"299",2365,2312,2380,2358,2393,2309,2400,2349,2441,2439
"300",1447,913,1063,459,1683,1501,1546,586,647,830
"301",2236,1905,2095,1975,2077,2222,1876,2039,1878,1959
"302",2236,1905,2095,1975,2077,1876,2039,1878,1959,2164
"303",1785,1847,332,1365,1149,1541,1771,1408,41,1054
"304",2354,46,55,2244,40,96,2286,2329,5,2172
"305",1541,1749,1784,1455,8,1447,1843,1683,1608,1546
"306",2365,2439,2446,2477,2397,2312,2380,2339,332,2472
"307",2365,2298,2360,2312,2380,2162,2397,2182,2250,2439
"308",2354,55,46,2244,96,2136,1499,2172,2238,2286
"309",1455,199,41,1392,853,1541,1447,138,192,1382
"310",2281,2222,2236,1975,1905,2095,2439,2446,2077,2365
"311",2365,2312,2303,2214,2358,2393,2309,2400,2250,1738
"312",55,46,96,2354,67,2044,2244,2117,83,59
"313",2365,2312,2380,2358,2393,2309,2400,2349,2441,2439
"314",913,1063,586,647,830,988,587,1683,459,1546
"315",913,1063,617,2110,2171,2208,586,647,830,988
"316",2365,2397,2312,2380,2439,2446,2477,2358,2393,2309
"317",2150,2189,2026,2439,2446,2365,2222,2236,1975,1905
"318",2365,2397,2312,2380,2298,2360,2439,2446,2477,2358
"319",2077,2122,2250,2026,2052,2298,2360,2236,2162,2148
"320",913,1063,140,586,647,830,988,587,147,794
"321",2365,2312,2358,2393,2309,2400,2236,2222,1905,2095
"322",3003,2966,2977,3015,2954,2993,3025,3012,2848,2997
"323",2236,2222,2413,2464,2298,2360,2454,2157,2355,2288
"324",913,1063,586,647,830,988,587,617,756,794
"325",2281,1975,2236,1905,2365,2095,2077,2288,2052,2343
"326",2365,2312,2250,1738,1767,1699,2303,2439,2446,2150
"327",2365,2312,2162,2303,2214,2236,2358,2393,1820,2309
"328",2365,2312,2358,2393,2309,2400,2380,2260,2268,2162
"329",1975,2236,2052,2281,1905,2095,2077,2090,1876,2039
"330",46,465,1365,1397,55,1344,602,893,674,672
"331",1455,1541,853,1392,875,41,1447,913,1063,1377
"332",40,21,2180,2256,79,53,67,5,82,50
"333",2365,2397,2312,2380,2339,2358,2393,2309,2400,2349
"334",923,1416,1028,1548,1258,1342,1370,1515,1535,1219
"335",2077,2365,2236,2122,2298,2360,2052,2281,2397,2312
"336",2298,2365,2360,2077,2250,2439,2446,2182,2026,2477
"337",1455,1447,1541,1392,913,1063,1382,1608,1749,1784
"338",2077,2298,2360,2162,2365,2122,2052,2250,2182,2148
"339",617,970,913,1063,1219,1343,747,837,814,586
"340",913,1063,586,647,830,988,587,1541,617,794
"341",2365,2802,2312,2306,2358,2393,2309,2400,2788,2252
"342",1447,465,1683,1344,893,674,1546,1541,913,1063
"343",2236,1905,2095,1975,2077,1876,2039,1878,1959,1755
"344",913,1063,586,647,830,988,587,794,1127,1146
"345",2977,3024,2758,3039,3022,2820,3020,2967,3012,2986
"346",913,1063,1455,586,647,830,988,587,459,794
"347",2365,2397,2312,2380,2439,2446,2477,2358,2393,2309
"348",913,1063,586,647,830,988,587,617,794,756
"349",1101,404,1210,1188,928,1107,1010,1125,921,672
"350",1975,2052,2236,2222,2090,1905,2095,2281,2077,1876
"351",2623,2860,2728,2954,3024,2413,2672,2796,2579,2656
"352",2281,2365,2052,2077,2397,2312,2380,1975,2236,2122
"353",2365,2439,2446,2857,2397,2312,2380,2477,2472,2481
"354",2365,2439,2446,2477,2298,2360,2339,2397,2312,2380
"355",2918,2914,2873,2801,2910,1051,2507,2833,914,1002
"356",913,1063,586,647,830,988,587,794,1127,1146
"357",1455,1392,853,1541,119,1447,875,50,1377,1382
"358",2829,2763,2764,2690,2705,2900,2943,2945,2975,1457
"359",2365,2312,2380,2972,2873,2801,2981,2918,2916,2358
"360",2365,1975,2312,2380,2281,2162,2236,2439,2446,1905
"361",2675,2764,2714,2643,2843,2773,2851,2702,2772,2910
"362",465,513,1447,399,1546,2324,617,2342,586,647
"363",55,46,96,67,2117,2354,2044,1891,1818,1641
"364",2354,55,46,2244,96,2172,2286,2329,40,1940
"365",465,399,513,2324,2342,2432,2226,542,893,856
"366",465,2312,119,1899,2157,1962,140,1683,2161,148
"367",2236,1905,2095,1975,2077,1876,2039,1878,1959,1755
"368",1975,2052,2077,2236,2090,2095,1905,2122,2281,1876
"369",465,2324,2342,513,399,2226,2328,2408,2432,1546
"370",1541,913,1063,1455,1785,1847,41,1608,1149,1365
"371",55,46,96,67,2354,2044,465,2117,1891,83
"372",2365,2312,2358,2393,2309,2400,2260,2268,2288,2397
"373",2281,2365,2236,2077,2052,2397,2312,2380,1975,2122
"374",3024,3039,2954,3035,3023,3022,2995,2751,3000,2916
"375",1975,2222,2236,2052,1905,2095,2077,2090,1876,2039
"376",2237,2318,2354,2187,2341,2425,1609,1541,2286,2329
"377",55,46,96,67,2044,2117,1891,83,1818,1754
"378",3024,2954,2728,3003,2758,3039,2808,2977,2967,2966
"379",2281,1975,2339,2236,2365,2288,2052,2343,2095,2077
"380",2365,2397,2312,2380,2298,2360,2358,2393,2309,2400
"381",2365,2439,2446,2339,2477,2397,2312,2380,2281,2472
"382",2354,55,46,2286,2329,2172,2180,2256,96,2279
"383",2077,2122,2250,2365,2026,2298,2052,2360,2439,2446
"384",41,1541,1785,1847,1455,913,1063,1534,2117,2286
"385",3024,2672,2211,2772,3039,2728,3000,2954,3023,49
"386",2981,2745,2998,3038,2777,2972,2987,2365,2914,3023
"387",913,1063,586,647,617,830,988,587,2110,2171
"388",2365,2312,2358,2393,2309,2400,2380,2288,2260,2268
"389",1780,1724,2354,46,1891,587,2055,2104,1818,55
"390",2312,2288,2358,2393,2309,2400,2236,2298,2360,2260
"391",913,1063,586,647,830,988,587,756,794,1057
"392",2873,2365,2801,2972,2691,2339,2752,2768,2805,2507
"393",2365,2281,2312,2439,2446,2792,2380,2236,2733,2288
"394",2354,2244,913,1063,2237,2318,1780,1724,2172,1891
"395",913,1063,1455,586,647,830,988,587,1122,730
"396",913,1063,617,586,647,830,988,587,459,544
"397",40,21,46,55,79,44,53,5,82,67
"398",913,1063,586,647,830,988,587,140,1541,794
"399",3039,3024,3035,2751,3023,3038,2728,2954,3000,3007
"400",913,1063,586,647,830,988,587,1455,794,756
"401",2439,2446,2477,2365,2072,1825,2472,2481,2312,2380
"402",1541,913,1063,1455,1608,586,647,830,988,587
"403",3039,1975,2661,3024,3035,2606,2340,2751,2385,3023
"404",2540,2770,2754,2728,2776,2413,2672,2623,2819,2562
"405",2077,2052,2122,2365,2298,2148,2162,2360,2397,2312
"406",3003,2840,2775,2848,2879,2996,2832,3012,2993,3025
"407",913,1063,586,647,830,988,587,1447,1455,794
"408",55,46,161,40,215,67,2707,19,83,59
"409",2938,2977,3012,3024,2969,2954,3000,2967,3015,2910
"410",2077,2052,2122,2298,2360,2365,2236,2162,2148,2182
"411",1975,2052,2222,2236,2090,1905,2095,2077,1876,2039
"412",617,46,913,1063,55,747,837,586,647,96
"413",2439,2446,2365,2477,332,2397,2351,2312,2472,2481
"414",913,1063,1344,586,647,830,988,587,1455,893
"415",49,40,1649,1362,1762,1978,2334,6,27,11
"416",3003,2966,2954,2764,2772,2910,2758,2831,2829,2672
"417",913,1063,586,647,830,988,587,1455,794,1127
"418",2222,1975,2236,1905,2095,2077,2281,2052,1876,2039
"419",40,21,67,5,28,79,55,53,44,83
"420",2281,2236,2288,2312,2343,2358,2393,2339,2309,2400
"421",1541,913,1063,1608,586,647,830,988,587,1455
"422",2829,2978,2764,2945,2984,2980,3009,2975,161,3011
"423",2354,2244,55,46,2172,2286,2329,1344,602,1940
"424",913,1063,586,647,830,988,587,617,1541,794
"425",3003,2966,2848,3034,2840,2954,3015,2879,2977,3024
"426",1975,1876,2640,2211,2325,2709,1878,1959,2675,2372
"427",2365,2802,2312,2358,2393,2823,2260,2268,2309,2400
"428",2298,2360,2250,2026,2365,2439,2446,2477,2182,2134
"429",913,1063,586,647,830,988,587,794,756,1127
"430",2829,2945,2764,2984,2978,2900,2943,2786,2975,3003
"431",1455,1541,1447,1392,1608,1683,1546,1382,1501,1666
"432",923,1416,1051,1028,1118,1548,1258,1342,1370,1515
"433",913,1063,617,586,647,830,988,587,794,756
"434",2298,2360,2365,2182,2397,2312,2380,2162,2148,2303
"435",2857,2365,2439,2446,2477,332,2397,2312,2916,2380
"436",2365,2397,2312,2380,2281,2339,2077,2358,2393,2298
"437",2365,2397,2312,2380,2298,2439,2446,2360,2477,2358
"438",2281,1975,2236,2052,2365,1905,2095,2288,2077,2343
"439",1541,853,1392,1447,119,1455,913,1063,617,730
"440",2354,55,46,96,2180,2256,1780,2121,2110,2171
"441",2365,2312,2303,2214,2358,2393,2309,2400,2250,1738
"442",2077,2236,2095,1975,2052,2122,2281,2164,2298,2360
"443",2802,2306,2252,2365,2734,2351,2823,2307,2363,1526
"444",913,1063,1455,586,647,830,988,587,1392,140
"445",2365,2312,2380,923,2303,2269,2358,2393,2309,2400
"446",2026,2150,2439,2446,2189,2365,2162,2070,2086,2174
"447",55,46,96,67,672,794,83,59,72,110
"448",1455,913,1063,1382,853,119,730,50,586,647
"449",2281,2339,2222,2236,2439,2446,1975,1905,2365,2095
"450",2365,2312,2358,2393,2309,2400,2260,2268,1738,1767
"451",2439,2446,2365,2472,2481,2312,2380,2378,2440,2520
"452",913,1063,1541,853,41,1455,1447,586,647,830
"453",853,1455,1447,1541,1392,875,1377,1450,1539,1570
"454",1975,2222,2236,1905,2095,2077,2052,1876,2039,1878
"455",2728,2954,3024,2703,2808,2967,2872,2680,2997,3003
"456",46,617,913,1063,2187,2354,55,747,837,586
"457",2978,2980,2829,3009,2947,2937,3028,3018,2945,3035
"458",2365,2312,2303,2358,2393,2309,2400,2214,2298,2360
"459",2365,1416,914,1002,1028,2312,2380,948,1039,923
"460",2339,2365,2745,86,2726,2805,2981,2873,2910,2397
"461",2298,2365,2360,2397,2312,2380,2182,2339,2358,2393
"462",2763,55,46,96,2615,2786,2614,2702,2707,2705
"463",2365,2312,1767,1738,2303,2358,2393,2309,2400,2214
"464",2236,2281,2222,2339,2643,2360,2343,2157,2298,2274
"465",40,86,21,79,5,55,46,38,82,184
"466",2365,2312,2150,2189,2380,2229,2303,2358,2393,2214
"467",1455,41,2286,2329,138,192,1541,2354,199,1392
"468",2802,2306,2252,2788,2735,2734,2668,2351,2823,2307
"469",3003,2966,2848,2954,2977,3015,3024,2672,2903,2840
"470",2365,2306,1432,2252,2312,2802,1526,1569,1930,2307
"471",2281,1975,2236,2052,2365,1905,2095,2077,2288,2090
"472",2222,1975,2236,1905,2095,2077,2052,1876,2039,1878
"473",2281,1975,2236,2365,2052,2288,2343,2090,2397,2095
"474",913,1063,41,586,647,830,988,587,31,756
"475",1975,2052,2236,2090,2281,1905,2095,2339,2077,1876
"476",2222,2236,1905,2095,1975,2077,1876,2039,1878,1959
"477",2077,2122,2052,2298,2360,2236,2365,2046,2162,2000
"478",2077,2250,2026,2298,2122,2360,2439,2446,2052,2365
"479",2365,2312,2380,2358,2393,2303,2309,2400,2269,2349
"480",2910,3000,3038,3024,3023,2772,2954,2606,3039,3007
"481",2365,2397,2312,2380,2339,2298,2726,2358,2393,2805
"482",1455,1541,913,1063,1447,1392,586,647,830,988
"483",1455,1541,1447,1392,913,1063,2354,1382,1683,586
"484",2365,2733,2312,2380,2667,2358,2393,2309,2400,2349
"485",913,1063,586,647,830,988,587,794,1344,1127
"486",2365,2439,2446,2477,2397,2312,2380,2472,2481,2339
"487",1455,1392,1541,1447,853,1382,913,1063,199,1608
"488",2236,1975,1905,2095,2365,2077,2288,1876,2039,1878
"489",913,1063,1455,459,586,647,830,988,587,1541
"490",3003,2848,2946,2966,2954,2843,2840,2959,3015,2904
"491",465,513,406,31,143,183,203,218,118,41
"492",55,46,2354,96,2114,2136,1499,2180,2256,2286
"493",2549,2629,2530,2640,2465,2325,2709,2610,2077,2583
"494",2365,2312,2358,2393,2309,2400,2260,2268,2288,2397
"495",1975,2052,2236,2095,1905,2090,2077,1876,2039,1878
"496",2938,2977,3012,3015,2969,923,3022,2933,1576,1416
"497",2439,2446,2365,2150,2026,2189,2222,2232,2472,2481
"498",49,40,1649,5,2431,2334,6,27,58,28
"499",2281,2236,1905,2095,1975,2339,2077,2365,2222,1876
"500",2365,2439,2446,2397,2477,2312,2380,2339,2472,2481
"501",2365,2312,2380,2397,2358,2393,2309,2400,2349,2441
"502",2354,55,46,40,50,96,85,5,98,28
"503",2623,2728,2860,2656,2579,2413,2796,2644,2548,2672
"504",913,1063,1455,586,647,830,988,587,794,1397
"505",2298,2360,2365,2182,2397,2312,2380,2148,2162,2303
"506",913,1063,586,647,830,988,587,794,1127,1146
"507",2365,2312,2236,1905,2095,1975,2077,2281,2288,2358
"508",1975,2281,2052,2222,2236,2413,2090,2095,2211,1905
"509",2365,2150,2439,2446,2189,2312,2250,1699,1738,1767
"510",2077,2052,2365,2122,2298,2360,2236,2162,2397,2148
"511",2365,2439,2446,2477,2312,2380,2472,2481,2232,2358
"512",1975,2640,2325,2709,2372,2530,2549,2644,1876,2631
"513",2848,2840,3003,2954,2879,1904,1911,3015,2050,2854
"514",2365,2397,2312,2380,2339,2358,2393,2309,2400,2349
"515",2365,2312,2303,2358,2393,2309,2400,2298,2360,2260
"516",2764,3003,2758,2977,3024,2993,3025,3012,2966,2672
"517",2972,2981,2365,2998,2918,2709,2801,2745,2873,2397
"518",1455,1392,1541,1447,1382,913,1063,1608,730,1683
"519",55,46,96,67,1891,83,1754,59,72,110
"520",3003,2848,2966,2840,2954,3015,2879,2977,2946,3024
"521",2365,2312,2380,2733,2358,2393,2309,2400,2349,2441
"522",2629,2640,2339,2691,2675,2745,2981,2918,2610,2530
"523",3003,2764,2598,2672,2728,2966,2954,2714,2675,2772
"524",2312,2358,2393,2309,2400,2260,2268,2288,2365,2298
"525",1455,1392,1541,1447,1382,913,1063,1608,730,1332
"526",2365,2312,2380,2358,2393,2309,2400,2349,2441,2439
"527",2052,2077,2122,2298,2162,2046,2000,2148,2250,2182
"528",1780,1891,1724,2354,1818,2055,2104,55,46,1983
"529",2365,2312,2380,2358,2393,2309,2400,2349,2441,2439
"530",3022,3033,3035,2728,2954,3024,3021,2910,2995,2829
"531",2281,2339,1975,2236,2365,2288,2052,2343,1905,2095
"532",2281,2222,1975,2439,2446,2236,2365,1905,2095,2288
"533",2910,2777,2764,2843,2709,2773,2752,2675,2772,2728
"534",1975,2236,1905,2095,2222,2077,2052,1876,2039,1878
"535",875,923,1377,853,913,1063,970,459,1028,544
"536",2954,2728,2672,2656,3003,3024,2598,2808,2967,2966
"537",2365,2312,2380,2733,2358,2393,2309,2400,2349,2441
"538",2365,2312,2904,2881,1975,1823,1854,1938,2946,1876
"539",1975,2222,2052,2236,2090,2095,1905,2077,2281,1876
"540",2439,2446,2477,2365,2083,2472,2481,1039,948,2312
"541",2074,2365,2312,2019,1446,1516,2068,2624,2358,2393
"542",2365,2312,2358,2393,2309,2400,2303,2214,2074,2260
"543",2770,2540,2819,2749,2413,2776,2665,2623,2562,2236
"544",2365,2312,2358,2393,2309,2400,2260,2268,2288,2397
"545",2354,55,46,2180,2256,96,40,2279,21,85
"546",2222,2236,1905,2095,1975,2077,1876,2039,1878,1959
"547",2623,2728,2860,2672,2954,2579,2796,2656,3024,2413
"548",1455,913,1063,1264,730,1189,586,647,830,988
"549",2233,1617,1206,1933,2140,2334,2114,1101,1208,1278
"550",3024,3039,3002,3000,2954,2916,2995,3023,2526,1825
"551",2281,1975,2052,2236,1905,2365,2095,2090,2077,2288
"552",617,913,1063,1447,747,837,586,647,830,988
"553",923,1416,1028,1548,1258,1342,1370,1515,1535,1219
"554",617,913,1063,459,544,1447,747,837,1541,586
"555",2281,1975,2236,2365,2052,1905,2288,2095,2343,2077
"556",1525,1645,545,574,1681,590,1200,1262,1473,814
"557",2365,2439,2446,2477,2397,2312,2380,2472,2481,2358
"558",1975,2281,2236,2052,1905,2095,2222,2077,2090,1876
"559",1051,1416,1028,914,1002,1118,1548,1258,1342,1370
"560",2354,2244,2172,55,2286,2329,46,1940,1780,2117
"561",2457,2594,2556,2549,2375,2540,2530,2436,2583,2690
"562",1975,2222,2236,1905,2095,2052,2077,1876,2039,1878
"563",2365,2439,2446,2477,2298,2077,2360,2339,2397,2250
"564",2643,2298,2360,2236,2288,2182,2343,2675,2773,2312
"565",1447,1362,1762,1915,2334,1770,1583,1392,1570,1779
"566",2354,913,1063,1455,2244,46,586,647,830,988
"567",913,1063,1541,586,647,830,988,587,332,1274
"568",42,6,27,11,50,85,65,40,238,19
"569",2365,2312,2358,2393,2309,2400,2260,2268,2288,2397
"570",913,1063,586,647,830,988,587,1541,756,794
"571",40,67,21,83,2180,2256,55,44,96,46
"572",3039,3024,3035,3038,2954,2072,2938,3000,3022,2986
"573",2829,2945,2764,55,2984,3003,2724,2848,2953,2989
"574",2281,2236,2222,1905,2095,2365,1975,2439,2446,2077
"575",3039,3035,3038,3024,3000,2439,2446,2365,2298,2477
"576",2354,1455,199,41,1541,2244,1392,1447,913,1063
"577",2077,2052,2122,1975,2236,2095,2298,2046,2162,2148
"578",913,1063,1541,1455,586,647,830,988,587,1608
"579",2848,2840,2954,2879,3015,3003,2854,2977,2946,3024
"580",1975,2236,1905,2095,2077,2052,1876,2039,1878,1959
"581",2077,2122,2250,2026,2052,2298,2222,2360,2236,2439
"582",2365,2312,2380,2733,2358,2393,2309,2400,2349,2441
"583",2236,2339,2222,2281,2464,2413,2274,2410,2298,2623
"584",2728,3024,2954,2860,2872,2703,2752,2736,2680,2808
"585",2623,2413,2728,2579,2860,2796,2530,2954,2355,2454
"586",55,46,2615,96,28,33,40,19,67,2707
"587",2236,2298,2360,2643,2281,2288,2182,2343,2312,2380
"588",2365,2339,2312,2380,2733,2397,2358,2393,2309,2400
"589",2236,2222,2339,2281,2675,2288,2540,2312,2772,2468
"590",1455,1541,2286,2329,913,1063,2117,1957,2383,1613
"591",1975,2236,1905,2095,2052,2077,2281,1876,2039,1878
"592",2365,2622,2729,2312,2150,2050,2189,1904,1911,2673
"593",1975,2052,2236,1905,2095,2090,2077,2365,2281,1876
"594",923,1416,1028,1548,1258,1342,1370,1515,1535,1219
"595",2830,2871,2413,2658,2864,2355,2857,2590,2281,2454
"596",2365,2312,2358,2393,2309,2400,2260,2268,2288,2397
"597",923,1576,1443,1416,1028,2072,1655,1942,1833,1686
"598",1975,2236,1905,2095,2077,2052,2365,1876,2039,1878
"599",923,2938,1655,1576,1443,1416,1028,2977,2347,1686
"600",2365,2298,2360,2439,2446,2477,2397,2312,2380,2182
"601",913,1063,617,586,647,830,988,587,756,794
"602",2365,2281,2288,2312,2397,2343,2380,2236,1905,2095
"603",2365,2439,2446,2397,2312,2380,2477,2472,2481,2358
"604",2222,2236,2095,2077,1975,2623,2413,2672,2281,2250
"605",2306,2167,2252,1526,1569,1432,1168,2307,2363,2351
"606",55,46,96,2354,40,67,50,140,85,83
"607",2365,2312,1699,2250,1738,1767,2303,2105,1763,1871
"608",2540,2530,2675,2562,2671,2768,2711,2236,2772,2503
"609",2848,2150,2189,1904,1911,2232,1980,2016,2111,2050
"610",2829,2980,2978,3009,3035,2975,2945,3022,2984,161
"611",332,396,300,1443,290,66,923,692,268,1028
"612",1975,1876,1878,1959,2772,2211,1968,1823,1854,1938
"613",6,27,11,2457,38,50,49,40,1839,65
"614",2365,2298,2360,2312,2380,2971,2397,2303,2269,3028
"615",55,46,96,67,2354,2117,1891,83,1365,59
"616",2281,2623,2339,199,41,2860,2365,2776,2878,2880
"617",2365,2439,2446,2477,2397,2312,2380,2472,2481,2358
"618",2236,1975,1905,2095,2077,1876,2039,1878,1959,2164
"619",913,1063,586,647,830,988,587,1541,1683,1447
"620",2365,2439,2446,2477,2312,2380,2472,2481,2358,2393
"621",3039,2298,2360,2365,2439,2446,2182,2477,3035,2250
"622",913,1063,586,647,830,988,1447,587,1899,1683
"623",2236,2274,2211,1905,2095,1975,2222,2365,2077,2298
"624",923,217,1416,970,34,1028,1548,1258,1342,1370
"625",3024,2938,2954,3022,2977,2925,2967,2872,3020,1083
"626",2365,2281,2397,2077,2312,2380,2122,2358,2393,2052
"627",1455,2354,1392,1541,1447,1382,199,853,2244,1608
"628",913,1063,1447,586,647,830,988,587,459,1455
"629",875,1377,853,1447,1304,1450,1539,1570,56,1501
"630",1455,2354,1541,2286,2329,1392,2244,2117,913,1063
"631",913,1063,586,647,830,988,587,756,794,1057
"632",2365,2439,2446,2477,2397,2312,2380,2339,2472,2481
"633",2365,2312,2358,2393,2309,2400,2260,2268,2397,2288
"634",2365,2439,2446,2477,2339,2312,2380,2351,2472,2481
"635",2860,2728,3024,2954,2623,3003,2910,2658,2864,3039
"636",2848,2705,3034,3003,2724,2840,2686,2778,2831,2764
"637",913,1063,586,647,830,988,587,794,617,756
"638",2910,2764,2777,2728,2843,2829,2954,3000,2752,3024
"639",38,30,41,875,42,31,86,1377,853,459
"640",672,46,794,55,96,768,67,617,850,1136
"641",913,1063,617,586,647,830,988,587,747,837
"642",913,1063,586,647,830,988,587,794,1127,1146
"643",2439,2446,2477,2365,2574,2347,2472,2481,2312,2380
"644",923,1416,1028,1548,1258,1342,1370,1515,1535,1219
"645",913,1063,794,617,586,647,830,988,587,756
"646",2236,1905,2095,1975,2077,1876,2039,1878,1959,1755
"647",41,1455,1541,31,8,199,1447,1749,1784,52
"648",65,875,853,1377,15,22,70,86,1447,69
"649",1455,1541,1392,1447,1382,913,1063,1608,1683,1332
"650",2281,1975,2339,2090,2052,2236,2365,1905,2095,1876
"651",119,38,50,1455,199,41,1541,98,875,853
"652",3039,3038,3024,3035,3000,2860,2977,2758,2848,2954
"653",1541,617,913,1063,747,837,1608,586,647,830
"654",3022,5,28,33,322,2897,2995,2954,943,3024
"655",2365,2312,2358,2393,2309,2400,2260,2268,2288,2397
"656",2977,2758,3003,3012,3039,3015,2993,3025,3022,2986
"657",1455,1447,1392,1541,1749,1784,1382,1843,1608,913
"658",2298,2360,2365,2236,2288,2182,2343,1975,2397,2312
"659",55,46,40,28,33,19,5,21,67,79
"660",2150,2189,2232,2439,2446,1980,2016,2111,2365,1796
"661",2365,2397,2439,2446,2312,2380,2339,2477,2358,2393
"662",2365,2439,2446,2477,2397,2312,2380,2339,2472,2481
"663",913,1063,586,647,830,988,587,140,853,38
"664",3003,2966,2848,2954,3015,2977,3034,3024,2997,2967
"665",2281,1975,2052,2236,2365,2090,1905,2095,2288,2077
"666",1455,199,41,853,1392,138,192,1541,1447,30
"667",2530,1975,2691,2281,2236,2052,2629,2095,2077,2090
"668",1455,1541,1447,1392,1749,1784,1382,1608,913,1063
"669",913,1063,853,1447,140,586,647,830,988,587
"670",2365,2339,2312,2397,2380,2439,2446,2477,2358,2393
"671",913,1063,586,647,830,988,587,617,794,1127
"672",1455,1541,1447,1392,1749,1784,1501,1608,1683,1546
"673",2365,2439,2446,2150,2189,2312,2229,2380,2232,2472
"674",2910,2954,3024,2967,2872,3000,2752,2873,2875,2927
"675",913,1063,617,586,647,830,988,587,1447,2110
"676",1455,1382,913,1063,1541,1392,1447,1332,586,647
"677",2236,1905,2095,1975,2222,2077,1876,2039,1878,1959
"678",1447,465,1546,2324,399,513,2342,853,617,747
"679",1455,1541,98,913,1063,1749,1784,459,58,1447
"680",1455,1541,1392,1447,1749,1784,913,1063,1843,1382
"681",41,913,1063,31,1785,1847,586,647,830,988
"682",1975,2413,2281,2052,2222,2355,2590,2454,2830,2871
"683",2339,2281,2438,2402,2236,2390,2462,2540,2414,2377
"684",2439,2446,2477,2574,2365,2733,2347,2472,2481,2312
"685",2298,2360,2182,2312,2380,2764,2236,2846,2358,2393
"686",1975,2052,2236,2281,2090,1876,1905,2095,1878,1959
"687",2365,2339,2439,2446,2477,2397,2312,2380,2472,2481
"688",2347,359,1416,1129,1028,2351,1051,692,1655,1576
"689",55,46,96,67,1641,59,72,110,1891,1931
"690",913,1063,617,459,544,586,647,830,988,587
"691",1785,1847,913,1063,1365,1541,1054,1149,1771,1408
"692",1541,913,1063,1749,1784,1608,1843,1455,830,1683
"693",3022,2728,3035,2954,3033,2995,3024,2778,2848,3021
"694",2829,2945,2984,2975,3011,2900,2943,3009,2786,3031
"695",1975,2222,2236,1905,2095,2052,2077,1876,2039,1878
"696",2354,55,40,46,96,5,2172,2286,2329,28
"697",2077,2250,2298,2360,2026,2439,2446,2365,2477,2222
"698",1416,2347,1028,2083,1864,2365,2137,2266,359,2818
"699",3024,2728,2954,3039,2808,2967,2986,3005,3010,3022
"700",2977,3024,3038,3000,3003,3012,3039,2954,2966,2938
"701",1975,2236,1905,2095,2052,2077,1876,2039,1878,1959
"702",1455,1541,1392,1608,913,1063,1382,1447,1843,1549
"703",1455,1541,1392,1447,1382,913,1063,1608,730,1332
"704",2439,2446,2477,2365,2472,2481,2397,2312,2380,2339
"705",2222,1975,2236,1905,2095,2077,1876,2039,1878,1959
"706",2281,2236,2095,2077,2365,2222,1975,2164,2288,2343
"707",2365,2298,2360,2288,2236,2343,2397,2182,2312,2380
"708",2672,2764,3003,2598,2705,2966,2728,2954,2763,2714
"709",2365,2312,2380,2358,2393,2733,2309,2400,2349,2441
"710",2365,2236,1905,2095,1975,2077,2312,2162,1876,2039
"711",913,1063,586,647,830,988,587,617,1447,794
"712",913,1063,586,647,830,988,587,794,756,617
"713",55,46,2354,96,2244,40,2172,2044,2180,2256
"714",2354,195,2180,2256,2465,2279,2375,2532,2707,270
"715",40,2354,2180,2256,21,5,2279,28,67,50
"716",2354,2244,913,1063,2237,2318,1780,1455,1724,1447
"717",2365,2312,2303,2214,2358,2393,2309,2400,2298,2360
"718",3003,2840,2848,2879,2966,2954,2854,3015,2977,2747
"719",2977,2938,3012,3000,3015,3020,3022,2967,2969,3024
"720",2705,2763,2945,2741,2844,2764,2625,2724,2686,2690
"721",2354,40,5,28,50,85,98,21,2180,2256
"722",2365,2312,2380,2303,2269,2229,2358,2393,2309,2400
"723",2623,2672,2413,2548,2617,2903,2579,2860,2716,2355
"724",2365,2312,2303,2358,2393,2309,2400,2298,2360,2260
"725",38,50,1455,199,98,119,853,41,875,1447
"726",2281,1975,2222,2052,2236,2339,2439,2446,2365,2477
"727",2365,2312,2250,1738,1767,2050,2303,2105,2214,2358
"728",913,1063,1455,586,647,830,988,587,1447,1264
"729",2672,3003,2728,2598,2954,2764,2707,2966,2772,2656
"730",2236,1975,2222,2095,1905,2077,2052,1876,2039,1878
"731",1455,1541,1447,8,913,1063,1392,1749,1784,31
"732",1455,1541,913,1063,1392,1608,1447,586,647,830
"733",1975,2281,2222,2236,2052,2090,1905,2095,2623,2077
"734",913,1063,1541,1455,586,647,830,988,587,1608
"735",2365,2439,2446,2477,2397,2312,2380,2472,2481,2358
"736",2244,2354,42,2110,2171,2208,140,1362,1762,2172
"737",2236,1905,2095,1975,2077,2162,2365,1820,1876,2039
"738",1416,1028,1576,1655,1443,1548,1258,1342,1370,1515
"739",3003,2848,2747,2840,2749,2966,2954,2672,2454,3034
"740",2365,2312,2380,2303,2269,3028,2358,2393,2309,2400
"741",55,46,96,40,2707,2615,19,21,67,44
"742",1975,2222,2236,2052,1905,2095,2090,2077,1876,2039
"743",55,2354,46,96,2244,40,2136,1499,2238,5
"744",2339,2281,2365,2439,2446,2477,199,2414,2397,2312
"745",3003,2831,2747,2672,2758,2977,2966,2822,2826,3015
"746",55,46,40,161,2707,332,86,21,215,300
"747",2365,2312,2380,2358,2393,2309,2400,2349,2441,2229
"748",2365,2312,2380,1118,2358,2393,2309,2400,2349,2441
"749",1541,1455,1608,1447,1749,1784,1683,1392,1546,8
"750",913,1063,586,647,830,988,587,794,1344,756
"751",1975,2236,1905,2095,2052,2077,1876,2039,1878,1959
"752",2281,1975,2052,2365,2236,2077,2095,2397,2090,2312
"753",2365,1416,1028,923,2312,2380,2072,1548,1258,1342
"754",2848,1904,1911,3003,2050,2840,2062,1956,1986,2150
"755",2365,2312,2380,2439,2446,2477,2358,2393,2309,2400
"756",2298,2360,2312,2380,2439,2446,2764,2358,2393,2309
"757",8,1455,31,30,1447,1541,199,1392,1749,1784
"758",1455,1541,1447,1392,1608,1683,1382,1546,913,1063
"759",1541,459,913,1063,41,1785,1847,1744,1810,1149
"760",1455,1447,1392,1541,913,1063,1749,1784,2354,1382
"761",913,1063,586,647,830,988,587,756,794,1057
"762",2728,2954,2703,3024,2808,2967,2997,2820,3003,2872
"763",923,1416,1028,1576,1443,1548,1258,1342,1370,1515
"764",86,38,238,136,65,228,194,206,133,162
"765",913,1063,1447,586,647,830,988,587,794,756
"766",2281,2236,1905,2365,2095,1975,2077,2288,2343,2222
"767",2281,2339,2365,2236,2288,2343,2077,2439,2446,2095
"768",923,2365,1763,1416,1028,1129,1825,1118,2312,2380
"769",2222,2236,1905,2095,1975,2026,2077,1876,2039,1878
"770",2365,2312,2358,2393,2309,2400,2074,967,2260,2268
"771",1455,41,1541,853,199,1392,1749,1784,31,52
"772",2365,2298,2360,2397,2312,2380,2358,2393,2309,2400
"773",913,1063,140,586,647,830,988,587,853,1455
"774",2945,3009,1457,919,976,1067,1143,2829,2848,2900
"775",913,1063,586,647,830,988,587,617,1344,794
"776",2672,2728,2954,3003,2598,3024,2656,2966,2808,2758
"777",913,1063,586,647,830,988,587,617,794,1447
"778",1904,1911,2946,1953,2843,2848,2959,2904,2982,3003
"779",2162,2222,2365,1820,2236,1866,1905,2095,1975,2077
"780",1455,875,853,1377,50,1541,38,1447,199,119
"781",2222,2236,1975,2095,2077,2052,2281,1905,2090,2164
"782",2365,2312,2380,2397,2358,2393,2309,2400,2349,2441
"783",2643,2764,2236,2690,2360,2675,2281,2910,2298,2886
"784",2365,2439,2446,2312,2472,2481,2380,2026,2281,2378
"785",2354,55,46,2244,96,2286,2329,2172,1940,40
"786",2026,2222,2236,1905,2095,2150,2250,2439,2446,1975
"787",2281,1975,2052,2236,1905,2365,2095,2090,2077,2288
"788",913,1063,586,647,830,988,587,794,140,1127
"789",2354,2244,2172,1780,2286,2329,1940,2117,55,2055
"790",1416,923,1028,86,2365,1941,1548,1258,1342,1370
"791",913,1063,617,586,647,830,988,587,1541,794
"792",2324,2044,465,2319,31,513,2142,399,2519,2517
"793",2365,2312,2303,1699,2250,2802,1738,1767,2358,2393
"794",2439,2446,2365,2477,2312,2150,2380,2472,2481,2189
"795",2365,2397,2312,2380,2339,2358,2393,2309,2400,2349
"796",1975,1876,2236,1878,1959,1905,2095,2077,2052,2675
"797",913,1063,1447,586,647,830,988,587,617,794
"798",913,1063,1455,1447,1541,730,1392,1122,1264,586
"799",2365,2312,2303,2214,2358,2393,2309,2400,2250,1738
"800",2222,2281,2236,1905,2095,1975,2077,1876,2039,1878
"801",2281,1975,2236,2365,2052,2288,2343,2090,2095,2397
"802",913,1063,586,647,830,988,587,794,756,1127
"803",2298,2360,2439,2446,2250,2477,2365,2026,2182,2134
"804",913,1063,586,647,830,988,587,617,794,756
"805",2365,2281,2397,2312,2380,2339,2077,2236,2358,2393
"806",923,1416,1219,1343,1028,1548,1200,1262,1473,1263
"807",2365,2397,2312,2380,2281,2358,2393,2309,2400,2349
"808",617,747,837,830,465,2324,586,647,1546,1447
"809",1455,913,1063,1447,1541,1392,586,647,830,988
"810",2236,2281,1905,2095,1975,2077,1876,2039,1878,1959
"811",86,970,140,913,1063,1447,1219,1343,814,617
"812",3022,2778,2954,2995,2728,3033,2897,3024,2751,2848
"813",2365,2312,2162,2236,1820,1905,2303,2095,1975,2214
"814",2365,2072,2439,2446,2477,2938,2347,2312,2380,2857
"815",1975,2281,2339,2052,2623,2222,2236,2439,2446,2090
"816",2619,2707,2643,2457,2355,2583,2674,2656,2340,2676
"817",2281,1975,2236,1905,2365,2095,2077,2052,2288,2343
"818",2439,2446,2477,2365,2026,2250,2472,2481,2312,2380
"819",2077,30,2281,2236,2365,42,2095,2339,2122,31
"820",2365,2312,2380,2439,2446,2477,2358,2393,2309,2400
"821",2298,2360,2365,2182,2397,2312,2380,2162,2148,2077
"822",913,1063,2110,2171,2208,586,647,830,988,587
"823",1455,1541,1447,1749,1784,913,1063,1392,1905,1843
"824",3003,2903,2848,2966,2954,2840,2864,2860,3015,2590
"825",1455,1447,853,1392,41,199,1541,2354,913,1063
"826",2281,1975,2236,2052,2365,2090,2288,1905,2095,2343
"827",2439,2446,2365,2281,2472,2481,2312,2380,2026,1796
"828",1455,1541,1392,1447,2354,1382,1608,913,1063,1749
"829",2298,2439,2446,2365,2360,2477,332,2250,2026,2182
"830",2439,2446,2365,2472,2481,2312,2380,2378,2440,2520
"831",2052,2365,2298,2360,2077,2162,2148,2397,2182,1975
"832",2439,2446,2477,2365,2339,2472,2481,2397,2312,2380
"833",2236,1905,2095,1975,2077,2298,1876,2360,2039,1878
"834",913,1063,1455,2354,46,617,49,586,647,830
"835",2365,2312,2358,2393,2309,2400,2260,2268,2288,2303
"836",2365,2312,2358,2393,2309,2400,2260,2268,2303,2288
"837",2365,2339,2910,2298,2397,2360,2312,2380,2873,2846
"838",1975,2623,2222,2413,3038,2052,2236,2211,2077,2375
"839",3009,2984,2975,2945,2978,3011,2980,2937,2900,2943
"840",1455,913,1063,459,586,647,830,988,587,778
"841",2540,2675,2770,2910,2772,2707,2562,2728,2413,2530
"842",1416,1028,923,1548,1258,1342,1370,1515,1535,1655
"843",913,1063,586,647,830,988,587,1447,794,756
"844",2439,2446,2477,2365,2150,2189,2472,2481,2232,2312
"845",2365,2312,2236,2162,2303,1905,2095,1820,1975,2358
"846",1975,2077,2236,2052,2095,2122,2164,2090,2281,1905
"847",1455,1541,1392,853,1447,1382,1608,1450,1539,1570
"848",2026,2365,2439,2446,2236,2222,2150,2162,1905,1975
"849",2077,2052,2339,1975,2236,2281,2222,2122,2365,199
"850",332,2439,2446,2477,2365,2072,1825,2339,2472,2481
"851",2298,2360,2365,2182,2397,2312,2380,189,2451,2303
"852",1763,1576,1655,1443,1416,923,1028,1825,1686,1548
"853",2236,2222,2157,2288,2540,2643,2675,2358,2393,2039
"854",1416,923,1028,332,1548,1831,2980,2829,1864,1258
"855",2365,2312,2303,2214,2358,2393,2309,2400,2250,1738
"856",913,1063,586,647,830,988,587,459,970,794
"857",1455,1541,41,853,98,1447,1392,1744,1810,875
"858",1455,8,1541,1447,1392,30,31,199,4,1382
"859",1416,1028,1548,923,1039,1258,1342,1370,1515,1535
"860",1541,1455,913,1063,1608,1683,1392,1447,1546,586
"861",2365,2288,2343,2397,2298,2312,2380,2360,2281,2236
"862",2365,2312,2358,2393,2309,2400,2260,2268,2288,1699
"863",2672,2954,2623,2728,3003,2741,2676,2707,3024,2860
"864",913,1063,140,853,1447,586,647,830,988,587
"865",2946,2848,3003,2843,2966,2959,2954,2904,3015,2772
"866",1541,913,1063,586,647,830,988,1608,587,1683
"867",1455,913,1063,1264,1122,586,647,830,988,1397
"868",2365,2312,2358,2393,2309,2400,2288,2236,2380,1905
"869",2728,2954,2872,2680,2808,3024,2967,2709,2966,2997
"870",1541,1455,1608,913,1063,1392,1683,1549,1546,1447
"871",913,1063,586,647,830,988,587,1447,140,756
"872",2354,2244,2286,2329,2172,1940,1780,1653,2117,1891
"873",1975,2052,2236,2090,1905,2095,2077,1876,2039,1878
"874",1455,98,38,875,853,41,1377,1541,50,1447
"875",1455,853,38,50,119,1392,1541,1447,875,199
"876",465,2324,399,513,617,2342,2226,1447,1546,747
"877",96,55,46,67,83,59,72,110,399,672
"878",2365,2312,2074,2358,2393,2309,2400,2260,2268,2757
"879",2829,2945,2984,2947,3009,2978,2848,2900,2943,2786
"880",2354,55,46,40,96,21,28,67,5,2180
"881",1975,2052,2090,2236,2413,2530,2623,2095,1905,2281
"882",1455,913,1063,1122,1189,1382,1264,730,586,647
"883",3022,2954,2897,2995,3024,3033,2910,2967,2950,2848
"884",923,1219,1343,1416,1028,1200,1262,1473,1263,1548
"885",1541,1744,1810,1785,1847,1534,1455,1526,1569,41
"886",1541,1455,1392,1608,1447,913,1063,1683,1382,1546
"887",2222,2077,2236,2095,2250,1975,2122,2026,2052,2281
"888",2281,1975,2052,2339,2222,2236,2439,2446,2365,2090
"889",2945,2984,2975,3011,2829,161,2900,2943,3009,2978
"890",1455,1447,1392,1541,459,1749,1784,913,1063,1501
"891",2413,2623,2355,2454,2590,2464,2830,2871,2860,2281
"892",913,1063,1541,1455,586,647,830,988,587,1608
"893",2365,2845,2783,2734,2306,2797,2827,2312,2252,2439
"894",2354,2244,2172,2286,2329,1940,1780,2117,55,46
"895",46,55,67,637,970,617,913,1063,161,1219
"896",1455,1447,1392,1541,1749,1784,913,1063,1382,1608
"897",1780,1724,1891,2055,2104,55,2354,46,1818,1983
"898",1975,2281,1876,2236,1878,1959,1905,2095,2052,2077
"899",2236,2222,2312,2848,2439,2446,2281,2309,2400,2380
"900",2083,2347,1576,1443,1655,1416,2137,1028,1051,2266
"901",2672,3003,2598,2966,2764,2728,2639,2954,2705,2694
"902",2298,2360,2365,2182,2397,2312,2380,2303,2269,2358
"903",2077,2250,2026,2122,2298,2052,2222,2236,2360,2162
"904",3003,2672,2598,2977,2966,2758,2954,2997,2967,2808
"905",332,28,2155,8,58,19,66,2383,6,27
"906",1455,1541,1447,1392,199,853,41,1382,1608,913
"907",1447,30,50,42,875,1501,238,86,1377,1028
"908",2236,1905,2095,1975,2077,2281,1876,2039,1878,1959
"909",19,2707,1700,2583,30,2619,49,31,2498,2341
"910",1455,1541,1447,913,1063,1392,1608,586,647,830
"911",2365,2312,2380,914,1002,2358,2393,2309,2400,2349
"912",2365,2312,2380,2229,2439,2446,2150,2189,2477,2303
"913",2728,3024,2954,2860,2808,2967,3022,2872,2820,2623
"914",2829,2764,2945,2690,2984,2705,2763,2848,2975,3011
"915",2236,1975,1905,2095,2077,1876,2039,1878,1959,1755
"916",2365,2797,2312,2783,2810,2074,2303,2827,2214,2358
"917",913,1063,586,647,830,988,587,794,756,1127
"918",970,617,923,1203,913,1063,1219,1343,814,1278
"919",2672,2741,2676,2747,2413,2749,2619,2686,2454,2848
"920",55,46,96,67,2354,2044,83,59,72,110
"921",2236,2077,1975,2095,2052,2281,2122,2298,2164,2365
"922",2672,3003,2728,2954,2966,2598,2764,2656,3024,2707
"923",1975,2052,2236,2281,2090,1905,2095,2077,1876,2039
"924",2522,2334,2674,2643,2457,2619,2597,40,6,27
"925",913,1063,586,647,830,988,587,1455,1541,853
"926",913,1063,1541,2354,1455,46,617,586,647,830
"927",2281,1975,2236,2365,2222,2052,1905,2095,2439,2446
"928",2365,2439,2446,2477,2397,2312,2380,2472,2481,2358
"929",913,1063,853,140,1447,586,647,830,988,587
"930",2354,2180,2256,40,2279,85,50,21,55,46
"931",2298,2360,2077,2365,2182,2236,2439,2446,2477,2397
"932",2298,2360,2250,2365,2026,2439,2446,2477,2182,2162
"933",2772,2672,2623,2728,2954,2714,2675,3003,2777,2661
"934",1975,2052,2236,2090,2095,1905,2077,1876,2039,1878
"935",1541,913,1063,1608,1843,1455,1749,1784,586,647
"936",2354,40,2180,2256,21,5,85,2244,2279,28
"937",2281,1975,2236,2052,2365,1905,2095,2090,2288,2343
"938",2365,30,199,2818,2439,2446,2477,2776,2397,2312
"939",913,1063,140,586,647,830,988,587,1447,1455
"940",332,2916,2818,2703,2351,2857,2504,2878,2880,2894
"941",2728,2623,2772,2656,2954,2860,2579,2644,2796,2672
"942",913,1063,617,586,647,830,988,587,747,837
"943",913,1063,140,586,647,830,988,587,1447,1344
"944",1975,2222,2236,2095,1905,2052,2077,2090,1876,2039
"945",2281,2236,1905,2095,2365,1975,2077,2288,2343,1876
"946",913,1063,853,1447,586,647,830,988,587,140
"947",1455,1541,2354,1447,1392,853,2286,2329,2117,2244
"948",913,1063,1541,586,647,830,988,587,41,1608
"949",2236,1905,2095,1975,2077,2281,1876,2039,1878,1959
"950",2281,1975,2052,2236,2365,1905,2095,2090,2288,2343
"951",2365,2312,2250,1738,1767,1763,1699,2358,2393,2303
"952",2365,2439,2446,2477,2397,2312,2380,2472,2481,2351
"953",913,1063,586,647,830,988,587,794,756,1127
"954",1975,2281,2236,2095,2052,2077,2090,2164,2365,1905
"955",2619,2707,2583,2355,2656,2340,2643,2498,2522,2413
"956",2365,2397,2312,2380,2339,2439,2446,2358,2393,2309
"957",1975,2281,2052,2339,2236,2090,2222,1905,2365,2095
"958",1455,913,1063,1541,586,647,830,988,587,1608
"959",2365,2439,2446,2312,2472,2481,2380,2378,2358,2393
"960",2365,2312,2303,2214,2358,2393,2309,2400,2074,2298
"961",1455,199,1392,1447,1541,853,2354,41,1382,138
"962",3039,3024,2751,3035,2916,2339,3000,3002,3023,2954
"963",1975,2052,2222,2236,2090,2095,2281,1905,2077,2211
"964",2365,2312,2380,2733,2358,2393,2309,2400,2349,2441
"965",913,1063,1447,586,647,830,988,587,1455,756
"966",2530,1127,1146,1057,2413,2772,2691,1457,2549,1378
"967",2236,2222,2339,2281,2464,2623,2707,2764,2410,2705
"968",2281,1975,2236,1905,2095,2077,2365,2052,1876,2039
"969",2365,2312,2358,2393,2309,2400,2260,2268,2288,2397
"970",1975,1876,2843,1878,1959,1763,2150,2365,2189,2438
"971",913,1063,853,1447,38,140,586,647,830,988
"972",1447,1392,1455,1541,1546,1382,1332,853,1608,730
"973",913,1063,586,647,830,988,587,1344,1264,794
"974",2281,2236,1975,2339,2095,2365,2077,2288,2343,2640
"975",913,1063,586,647,830,988,587,1264,1344,893
"976",913,1063,586,647,830,988,587,794,1127,1146
"977",913,1063,586,647,830,988,587,617,794,1127
"978",1455,41,1541,199,1447,1392,2354,31,853,2286
"979",913,1063,586,647,830,988,587,1455,794,617
"980",2365,923,2312,2380,1416,1028,1864,2303,2298,2269
"981",2236,1905,2095,1975,2077,1876,2039,1878,1959,2164
"982",617,913,1063,2187,747,837,586,647,830,988
"983",1975,2236,1905,2095,2077,1876,2039,1878,1959,1755
"984",2222,2236,1905,1975,2095,2077,1876,2039,1878,1959
"985",2365,199,2347,2439,2446,1051,2477,1684,914,1002
"986",970,617,913,1063,1219,1343,814,747,837,586
"987",3003,2848,2954,2966,3034,3015,2840,2977,3024,2879
"988",3003,2954,2966,3024,2672,2728,2758,2977,2598,2808
"989",1975,2052,1876,1878,1959,2090,2236,1905,2095,2281
"990",2954,2910,3024,2938,2967,3022,2977,2872,3003,2875
"991",1455,1541,1447,1392,8,1608,31,1382,1683,1749
"992",199,2439,2446,2365,2477,138,192,2312,2380,260
"993",2615,2763,2651,55,2707,46,2786,2950,96,2672
"994",913,1063,1447,617,586,647,830,988,587,1541
"995",2365,2439,2446,2477,2312,2380,2072,2472,2481,2733
"996",2365,2312,2358,2393,2309,2400,2260,2268,2288,2074
"997",2074,2365,2734,1367,2306,2019,2802,1446,1516,2252
"998",2365,2222,2162,2236,2312,1820,1866,1905,2095,2250
"999",2052,2077,1975,2122,2236,2298,2360,2365,2162,2046
"1000",1455,1541,1447,1392,1749,1784,1608,1683,1546,1382
"1001",3003,2848,2954,2966,2946,3015,3024,2903,2977,2997
"1002",55,46,2354,96,2244,2044,1344,602,465,674
"1003",2365,2312,1699,2250,1738,1767,2303,2105,2358,2393
"1004",2365,2312,2250,1738,1767,2303,2214,2358,2393,1699
"1005",1541,1749,1784,913,1063,1683,1905,1447,1546,1455
"1006",2623,2860,2413,2672,3024,2878,2880,2894,2504,2355
"1007",332,923,1443,396,459,692,28,1028,66,1620
"1008",2026,2365,2162,2222,2150,2439,2446,1820,2189,1866
"1009",2222,2236,1975,1905,2095,2077,1876,2039,1878,1959
"1010",2848,3003,2840,2879,3015,2954,2966,2977,2854,3024
"1011",2354,2180,2256,55,2279,46,40,21,96,85
"1012",1975,2052,2236,2095,2090,1905,2077,1876,2164,2281
"1013",1975,2222,2236,2052,2281,1905,2095,2090,2077,1876
"1014",2298,2360,2312,2380,2182,2358,2393,2309,2400,2349
"1015",913,1063,586,647,830,988,587,617,794,1127
"1016",3003,2672,2747,2966,2954,2848,2749,2736,2831,2758
"1017",2298,2360,2439,2446,2365,2477,2250,2182,2134,2026
"1018",2281,2365,2236,1905,2095,2312,1975,2288,2077,2380
"1019",2365,2312,2303,2214,2358,2393,2309,2400,2298,2162
"1020",913,1063,1447,586,647,830,988,587,794,617
"1021",2954,3003,3024,2977,2672,2966,2758,2967,2903,2860
"1022",913,1063,586,647,830,988,617,587,794,756
"1023",2298,2365,2360,2312,2380,2397,2303,2269,923,2358
"1024",2365,2150,2439,2446,2189,2312,2026,2250,2162,1738
"1025",2439,2446,2477,2365,2472,2481,2397,2312,2380,2339
"1026",1541,913,1063,1397,1132,794,586,647,830,988
"1027",1541,913,1063,617,586,647,830,988,587,794
"1028",2365,2439,2446,2477,2397,2312,2380,2339,2472,2481
"1029",2072,2365,1416,2439,2446,1919,1028,2477,1942,1833
"1030",2354,55,46,2244,96,2172,1780,2286,2329,40
"1031",2954,2672,2707,2772,2747,3003,3024,2728,2413,2676
"1032",2354,2244,2117,2286,2329,2172,1891,55,46,2044
"1033",67,96,672,794,55,46,768,617,850,1136
"1034",1933,2140,1932,1839,2334,1978,1338,1678,1617,1362
"1035",913,1063,586,647,830,988,587,617,794,1683
"1036",55,46,96,465,2044,1397,2117,67,2354,1891
"1037",2365,2288,2343,2236,2298,2281,2360,2312,2380,2397
"1038",2072,2365,2298,2439,2446,1825,2360,1763,2477,2250
"1039",913,1063,617,586,647,830,988,587,747,837
"1040",1416,1028,923,1548,1258,1342,1370,1515,1535,1219
"1041",332,300,396,252,268,359,290,692,1416,1028
"1042",913,1063,1785,1847,1274,586,647,830,988,587
"1043",1975,2236,1905,2095,2052,2077,2090,1876,2039,1878
"1044",1455,1382,1392,1541,913,1063,730,1332,1447,1189
"1045",2439,2446,2477,2365,2072,2347,332,2472,2481,2351
"1046",2365,2236,2339,2298,2360,2281,2288,2343,2397,2312
"1047",1903,1987,2678,2881,987,1822,2926,1401,1130,1328
"1048",1455,1541,41,1785,1847,332,1392,1534,1149,913
"1049",2365,2162,1820,1975,2312,2229,2380,2236,1941,1457
"1050",923,3024,1416,2938,1028,1576,1443,2954,1219,1343
"1051",2623,2413,2672,2728,2954,2860,2355,2340,2579,3024
"1052",2365,2312,2358,2393,2309,2400,2303,2260,2268,2214
"1053",1455,1447,1541,2286,2329,41,31,2354,1392,853
"1054",913,1063,1455,586,647,830,988,587,794,1397
"1055",2365,1416,2347,2072,2439,2446,1028,2477,1864,1576
"1056",96,55,67,46,59,72,110,83,1660,672
"1057",2365,2312,2802,2358,2393,2309,2400,2260,2268,2788
"1058",2365,923,2312,2380,1416,1028,2072,2303,2269,2358
"1059",2354,2244,2172,2286,2329,1940,2117,1780,1653,1891
"1060",913,1063,41,1541,586,647,830,988,587,1899
"1061",923,1416,1028,1576,1443,1548,1655,1258,1342,1370
"1062",5,28,40,1101,49,79,1010,728,82,921
"1063",2365,2298,2360,2439,2446,2477,2250,2026,2312,2380
"1064",2365,2312,2380,1763,2358,2393,2309,2400,2349,2441
"1065",2365,2298,2397,2360,2312,2380,2182,2358,2393,2309
"1066",1447,747,837,830,988,893,674,1546,1127,1146
"1067",2365,2312,2303,2358,2393,2309,2400,2214,2298,2360
"1068",2365,2397,2312,2380,2298,2360,2358,2393,2309,2400
"1069",2947,2782,2829,2764,2978,2825,2945,1219,1343,67
"1070",913,1063,1541,586,647,830,988,587,794,1127
"1071",2222,2236,1905,2095,1975,2077,1876,2026,2039,1878
"1072",2281,2052,1975,2365,2439,2446,2077,2477,2397,2312
"1073",913,1063,586,647,830,988,587,794,1127,1146
"1074",2365,2298,2360,2397,2312,2380,2358,2393,2309,2400
"1075",2281,2236,1905,2095,2365,1975,2077,2288,2343,1876
"1076",2354,2244,40,55,2180,2256,2172,2121,2286,2329
"1077",913,1063,586,647,830,988,587,794,756,2110
"1078",40,5,28,55,46,21,90,96,33,79
"1079",1541,1608,1455,1683,1546,1549,1666,1557,1479,1132
"1080",2675,2540,2910,2772,2643,2562,2530,2236,2764,2674
"1081",617,913,1063,747,837,586,647,830,988,587
"1082",2365,2312,2380,2298,2360,2303,1416,2269,923,1028
"1083",2222,2236,1905,2095,1975,2077,1876,2039,1878,1959
"1084",2347,923,2365,2439,2446,2477,199,2083,1684,1576
"1085",2848,3003,2954,2966,3034,3015,2840,2977,3024,2747
"1086",1455,1541,1447,41,1392,853,199,138,192,913
"1087",2077,2052,2122,2298,2162,1975,2046,2365,2360,2000
"1088",1975,2281,2236,2052,2095,2077,2090,2365,1905,2164
"1089",2365,2312,2358,2393,2309,2400,2306,2252,2260,2268
"1090",2354,2244,2172,2286,2329,1940,55,1780,2117,46
"1091",2365,2312,2380,2358,2393,2309,2400,2349,2441,2072
"1092",2675,2772,2540,2236,2910,2643,2562,3000,2764,2530
"1093",2825,2928,2851,3032,2764,2881,3018,2971,2831,2904
"1094",49,1183,1417,1083,923,1292,1203,1288,28,5
"1095",913,1063,586,647,830,988,587,794,1127,1146
"1096",1455,1541,1447,1392,8,31,30,1608,1382,199
"1097",1975,2222,2236,2281,1905,2095,2052,2077,1876,2039
"1098",913,1063,586,647,830,988,587,1541,41,794
"1099",2354,55,46,96,40,2180,2256,2172,2279,21
"1100",2439,2446,2365,2477,2397,2472,2481,2312,2380,2378
"1101",2365,2303,2312,2309,2400,2360,2358,2393,2298,2260
"1102",2365,2281,2236,1905,2095,2288,1975,2077,2312,2397
"1103",913,1063,586,647,830,988,587,794,756,1127
"1104",2365,2077,2281,2236,2397,2312,2052,2380,2298,2095
"1105",2365,2439,2446,2477,2312,2380,2472,2481,2072,2378
"1106",2281,1975,2236,2052,2095,2365,2077,2339,2288,2222
"1107",2540,2675,2236,2562,2772,2413,2503,2776,2882,2671
"1108",923,1028,970,544,459,617,86,913,1063,1258
"1109",2281,1975,2052,2236,2090,2365,1905,2095,2339,2077
"1110",913,1063,1455,586,647,830,988,587,1264,794
"1111",2072,1416,1028,923,1576,1443,1655,2365,1548,1919
"1112",1975,2222,2236,2052,1905,2095,2090,2077,1876,2039
"1113",1375,1960,1423,2893,1562,3027,1671,1892,1954,2021
"1114",1904,1911,1953,2928,2050,3003,2848,2840,2150,3018
"1115",1975,2222,2236,1905,2095,2052,2077,2090,1876,2039
"1116",2365,2397,2312,2380,2298,2360,2439,2446,2077,2477
"1117",2728,3024,2954,2623,2860,3039,2808,2967,3022,2656
"1118",1455,1447,1541,1392,1382,1608,913,1063,1683,1546
"1119",1541,913,1063,586,647,830,988,587,1455,794
"1120",465,513,399,2324,2342,1546,1447,893,2226,856
"1121",2365,1416,1028,2298,2360,2312,2380,1548,1258,1342
"1122",2306,2802,2252,2734,1432,2307,2363,2351,2124,2365
"1123",41,332,1785,1847,31,52,1365,1149,66,1771
"1124",1416,1028,923,1548,1258,1342,1370,1515,1535,970
"1125",55,46,96,1780,2354,40,2055,2104,1724,1891
"1126",1455,913,1063,1447,459,586,647,830,988,587
"1127",1975,2222,2236,2095,2077,2052,1905,2090,2281,2164
"1128",1541,1608,913,1063,1683,1455,1546,586,647,830
"1129",2281,2236,1975,1905,2365,2095,2077,2339,2288,2343
"1130",2728,2954,3024,2808,2967,2820,2910,2872,2680,2703
"1131",2672,2705,2950,2724,2848,3034,3003,2651,2953,2989
"1132",2281,1975,2236,1905,2365,2095,2077,2288,2343,2052
"1133",1975,2281,2339,2052,2414,2236,2222,2090,2365,1905
"1134",2672,1876,2747,1975,2676,2954,2741,2686,2749,2707
"1135",2843,1975,2851,2772,1876,2675,2825,2946,2910,2643
"1136",2728,2954,3024,2808,2967,2872,2680,2703,2820,2897
"1137",2354,55,46,2244,96,2172,2286,2329,2136,1940
"1138",1576,1655,1443,1416,1028,923,1686,1548,1258,1342
"1139",2439,2446,2298,2360,2477,3039,2365,8,2250,2986
"1140",1978,1839,1933,2140,1110,1101,1617,49,1932,1123
"1141",913,1063,617,586,647,830,988,587,2110,2171
"1142",2728,2954,3024,2860,3039,2751,2703,2808,2967,2897
"1143",332,2072,2347,2439,2446,2365,2477,2298,2360,2250
"1144",1975,2236,1905,2095,2281,2052,2077,2090,1876,2039
"1145",2365,2298,2360,2397,2312,2380,2182,2077,2162,2148
"1146",50,38,41,1447,199,1455,875,119,1377,853
"1147",41,1541,913,1063,1455,31,586,647,830,988
"1148",2236,1905,2095,1975,2077,1876,2039,1878,1959,2164
"1149",1541,2117,1455,913,1063,2383,2231,2354,1608,2286
"1150",2439,2446,2365,2477,2397,2472,2481,2312,2380,2339
"1151",1455,1447,1392,1541,1749,1784,853,1382,1843,1608
"1152",913,1063,586,647,830,988,587,2110,2171,2208
"1153",913,1063,140,586,647,830,988,587,853,1344
"1154",913,1063,140,586,647,830,988,587,853,794
"1155",1455,1541,1392,1608,913,1063,1447,1382,1549,586
"1156",3003,2840,2848,2966,2954,2879,3015,2854,2977,3024
"1157",2365,2439,2446,2477,2397,2312,2380,2472,2481,2339
"1158",2354,2244,55,46,2172,2286,2329,1940,96,1780
"1159",913,1063,1455,586,647,830,988,587,617,1264
"1160",2365,2298,2360,2162,2312,2380,2182,1941,2397,2229
"1161",2365,2312,2303,2214,2358,2393,2309,2400,2298,2074
"1162",853,913,1063,140,1447,586,647,830,988,587
"1163",1455,199,1447,1392,1541,853,41,138,192,1382
"1164",171,2439,2446,6,27,2472,2481,2312,2380,2477
"1165",913,1063,586,647,830,988,587,459,970,41
"1166",2354,2237,2318,2244,1455,1891,2187,1818,2341,2425
"1167",1975,2281,2236,2339,2095,2052,2077,2365,2090,1905
"1168",2728,2954,2772,3039,2672,3024,2656,2808,2661,2967
"1169",913,1063,140,586,647,830,988,587,853,38
"1170",2728,2954,3024,2808,2910,2967,2764,2820,2777,2872
"1171",2623,2672,2728,2954,2860,2661,3024,2579,2656,3039
"1172",2281,2339,2365,1975,2236,2439,2446,2077,2414,2052
"1173",2365,2312,2150,2250,2439,2446,1738,2189,1767,2303
"1174",2439,2446,2281,2365,2472,2481,2222,2312,2380,2236
"1175",1541,913,1063,1455,586,647,830,988,587,1608
"1176",913,1063,586,647,830,988,587,1447,794,756
"1177",1455,913,1063,1382,730,586,647,830,988,587
"1178",2117,1541,913,1063,1455,2383,2231,41,1957,2286
"1179",913,1063,586,647,830,988,587,617,794,41
"1180",2236,1905,2095,1975,2077,1876,2039,1878,1959,2164
"1181",55,46,2354,96,2244,1344,602,2114,2136,67
"1182",40,21,2180,2256,67,82,44,79,85,55
"1183",2728,2954,3024,2808,2910,2967,2680,2872,2820,2875
"1184",913,1063,1447,586,647,830,988,587,2110,2171
"1185",1975,2281,2052,2222,2439,2446,2090,2236,1905,2095
"1186",3003,2758,2977,2764,3024,2829,3022,3012,2848,3034
"1187",1455,1541,1447,1392,1608,1683,1382,1546,913,1063
"1188",1028,1443,459,970,923,1377,913,1063,1258,1342
"1189",199,1455,41,138,192,30,31,1447,1541,1392
"1190",1455,1541,8,1447,1392,31,1608,1749,1784,19
"1191",913,1063,1541,586,647,830,988,587,617,794
"1192",2365,2312,2358,2393,2309,2400,2260,2268,2288,2397
"1193",1975,2236,1905,2095,2077,1876,2039,1878,1959,2052
"1194",2354,55,46,96,2244,2136,2117,1499,1891,2238
"1195",2439,2446,2477,2365,2472,2481,2397,2312,2380,2339
"1196",617,913,1063,1447,747,837,830,586,647,988
"1197",2365,2312,2303,2358,2393,2214,2309,2400,2250,1767
"1198",2298,2360,2365,2182,2397,2312,2439,2446,2380,2250
"1199",2431,1541,2334,1447,1455,1392,1749,1784,49,2341
"1200",2236,2222,2281,2157,2298,2360,2095,2288,2182,2343
"1201",2309,2400,2349,2441,2360,2312,2380,2343,2472,2481
"1202",2365,2312,2236,2358,2393,2309,2400,1905,2095,1975
"1203",2365,2439,2446,2477,2397,2312,2380,2339,2472,2481
"1204",2365,2397,2312,2380,2339,2358,2393,2972,2309,2400
"1205",2365,2397,2312,2380,2972,2981,2298,2360,2358,2393
"1206",465,399,1447,513,1546,2324,2342,2432,2478,1683
"1207",2347,2439,2446,199,2477,2878,2880,2894,2259,2916
"1208",2298,2360,2365,2182,2397,2312,2380,2303,2269,2358
"1209",2365,2298,2360,2077,2397,2052,2312,2182,2380,2162
"1210",2365,2222,2162,2236,1820,1866,2312,1905,2095,1975
"1211",1975,2052,2236,1905,2095,2090,2077,1876,2039,1878
"1212",913,1063,586,647,830,988,587,1455,756,794
"1213",913,1063,2110,2171,2208,586,647,830,988,587
"1214",1455,1541,1447,1392,8,46,2354,617,1608,49
"1215",2354,55,46,2244,96,2172,2286,2329,1940,2117
"1216",2365,2439,2446,2477,2312,2380,2339,2472,2481,2358
"1217",2413,2623,2744,2841,2672,2355,2454,2860,2340,2464
"1218",2354,2244,2172,2286,2329,1940,1780,2117,2195,1653
"1219",1455,1541,1749,1784,1447,1843,1905,1392,1683,1608
"1220",2365,2298,2360,2312,2380,2303,2397,2269,2358,2393
"1221",1274,41,1534,1891,1818,1785,1847,31,913,1063
"1222",2281,2365,2397,2236,2312,2380,2077,2288,2339,2052
"1223",2312,2380,2298,2360,2358,2393,2309,2400,2182,2349
"1224",1975,1876,2211,2640,2675,1878,1959,2325,2709,2644
"1225",2365,2439,2446,2477,2397,2312,2380,332,2472,2481
"1226",2365,2312,2358,2393,2309,2400,2260,2268,2288,1290
"1227",2365,86,238,2312,2380,2298,2733,2360,228,2303
"1228",1455,1447,1541,1392,1683,1608,913,1063,1546,1382
"1229",2672,2764,3003,2598,2966,2728,2954,2705,2831,2758
"1230",2365,2312,1699,1738,1767,2358,2393,2250,2309,2400
"1231",55,46,96,1397,465,67,513,2117,2354,1191
"1232",55,46,96,2354,1264,40,2244,67,1344,602
"1233",2365,2339,2298,2360,2439,2446,2477,2397,2312,2380
"1234",2365,2312,2358,2393,2309,2400,2260,2268,2303,2288
"1235",2281,2339,2236,2365,1975,2288,2343,2540,2629,2095
"1236",2728,2954,3024,2808,2967,2872,2820,2680,2875,2927
"1237",5,28,33,55,46,1780,40,49,79,1826
"1238",617,913,1063,923,544,970,747,837,586,647
"1239",1455,459,913,1063,1382,529,501,586,647,830
"1240",1455,1541,1447,1392,1608,1749,1784,1683,1546,1382
"1241",2298,2360,2312,2380,2182,2365,2358,2393,2309,2400
"1242",2910,3022,79,3020,3024,2954,5,1113,28,2995
"1243",2365,2312,2250,1738,1699,1767,2303,2105,2358,2393
"1244",2222,2236,1905,2095,1975,2077,1876,2039,1878,1959
"1245",2623,2860,2728,2954,3024,2672,2796,2579,2413,2548
"1246",747,837,1397,830,988,617,913,1063,853,31
"1247",913,1063,1780,2354,1891,1724,2055,2104,1818,38
"1248",1904,1911,1953,3003,2590,3001,2848,2830,2871,3036
"1249",972,1337,1127,1146,67,1057,1457,897,672,1378
"1250",913,1063,1541,1683,586,647,830,988,587,1899
"1251",1541,913,1063,1608,1455,586,647,830,988,587
"1252",2281,1975,2339,2052,2222,2439,2446,2236,2365,1905
"1253",2281,1975,2052,2236,2339,1905,2095,2365,2090,2077
"1254",3003,2672,2598,2758,2977,2966,2728,2954,2808,2997
"1255",2281,1975,2339,2222,2439,2446,2236,2477,2052,2365
"1256",2954,3024,2808,2454,2967,2443,2860,2744,2703,2841
"1257",1546,513,465,1447,399,617,2324,747,837,586
"1258",2365,2439,2446,2312,2472,2481,2358,2393,2309,2400
"1259",2365,2312,2358,2393,2309,2400,2260,2268,2288,2397
"1260",2439,2446,2365,2477,2397,2312,2380,2472,2481,2339
"1261",2236,1905,2095,1975,2077,1876,2039,1878,1959,1755
"1262",1576,1655,1443,1416,1028,923,2072,1738,1767,1686
"1263",913,1063,1122,1264,1455,730,1189,586,647,830
"1264",1455,1122,1264,2494,1189,1382,1132,1043,1397,913
"1265",1455,913,1063,1382,730,586,647,830,988,587
"1266",2365,2298,2360,2397,2182,2312,2380,2358,2393,2309
"1267",2365,2312,2380,2303,2269,2358,2393,2309,2400,2349
"1268",913,1063,586,647,830,988,587,794,1397,756
"1269",2365,2312,2380,2229,2298,2360,2303,2269,2358,2393
"1270",2365,2312,2380,2298,2360,2397,2182,2162,2358,2393
"1271",913,1063,140,586,647,830,988,587,1455,1344
"1272",2829,2978,3009,2945,2984,2980,2947,2764,3008,2934
"1273",1455,1392,199,1541,1447,2354,41,1382,1608,138
"1274",2829,2945,2984,2975,2900,2943,3011,2764,2978,3009
"1275",2439,2446,2477,2365,2026,2472,2481,2312,2380,2134
"1276",2281,1975,2222,2052,2439,2446,2339,2236,2365,1905
"1277",1780,1891,1818,55,2354,46,2055,2104,1724,1983
"1278",2281,2365,2236,1975,2077,2288,2095,2397,2339,2343
"1279",2281,2365,2439,2446,2222,2236,2312,1905,2095,1975
"1280",2281,2236,1905,2365,2095,1975,2077,2288,1876,2039
"1281",1975,2052,2236,2077,1905,2095,2090,2122,1876,2039
"1282",2236,1905,2095,1975,2077,1876,2039,1878,1959,1755
"1283",1447,913,1063,1455,1541,1683,1546,586,647,830
"1284",2077,2052,2250,2122,2026,2439,2446,2222,2477,2298
"1285",1975,2222,2236,2052,1905,2095,2077,2090,1876,2039
"1286",913,1063,586,647,830,988,587,756,794,1455
"1287",794,399,672,447,488,1455,1397,850,1136,679
"1288",2365,2397,2312,2380,2358,2393,2309,2400,2349,2441
"1289",2439,2446,2365,2477,332,2339,2397,2472,2481,2312
"1290",2281,2236,1905,2365,2095,1975,2077,2288,2343,1876
"1291",2077,2236,2052,2122,2298,2360,1975,2365,2095,2281
"1292",2675,2772,2910,2540,2530,2643,2562,2764,2674,2236
"1293",2298,2365,2360,2439,2446,2477,2026,2250,2182,2312
"1294",2324,465,1447,617,399,513,2226,747,837,1546
"1295",1455,1541,1392,1447,1608,913,1063,1382,1683,1546
"1296",46,55,2848,2995,3022,96,2651,40,2950,2661
"1297",913,1063,1541,586,647,830,988,587,1608,1455
