"","V1","V2","V3","V4","V5","V6","V7","V8","V9","V10"
"1",3014,56,507,2859,487,253,55,252,636,3011
"2",3014,2859,3011,258,2934,3010,2936,3013,3012,2935
"3",22,23,34,49,50,51,52,55,56,99
"4",2858,2462,2934,3010,2862,2861,3011,3014,2705,2785
"5",50,51,52,55,56,126,127,174,195,201
"6",55,56,174,252,253,487,507,636,1268,1629
"7",20,21,22,23,24,34,35,36,37,38
"8",55,56,252,253,487,507,636,1268,174,1629
"9",1173,1174,1178,1183,1254,1255,1259,1326,1332,1335
"10",507,431,195,508,487,253,355,1268,127,202
"11",56,174,195,250,251,252,253,338,431,487
"12",258,3011,3014,2859,2936,3013,2934,3010,3012,2935
"13",258,3014,2859,3012,2936,3013,2934,3010,3011,2781
"14",3014,3011,258,2934,3010,2936,3013,3012,2858,2859
"15",22,23,34,35,47,48,49,50,51,52
"16",507,880,431,508,2921,195,956,194,118,1708
"17",1,2,3,4,5,6,7,8,9,10
"18",1418,1419,1574,1575,1576,1629,1633,1650,1651,1652
"19",2705,2921,2781,2706,2858,2704,1782,2615,1418,1931
"20",1418,1419,1574,1575,1576,1629,1633,1650,1651,1652
"21",1418,1931,2527,2615,2705,2706,2781,2856,2921,2997
"22",55,56,252,253,487,501,502,507,558,559
"23",20,21,22,23,24,33,34,35,36,37
"24",55,56,174,250,252,253,487,507,559,634
"25",22,23,34,35,47,48,49,50,51,52
"26",3014,2858,2934,3010,3012,2859,3011,2936,3013,3006
"27",3014,258,3011,2858,2934,3010,2859,357,120,2936
"28",22,23,34,35,39,47,48,49,50,51
"29",3014,258,3011,2858,2934,3010,2936,3013,3012,2781
"30",2856,2921,2705,2781,1782,2706,2615,2997,1629,2704
"31",3014,2934,3010,3011,2936,3013,3012,2858,2552,2859
"32",2921,2705,2856,2706,2781,2018,2704,1782,2997,2019
"33",3014,3011,258,2859,2934,3010,2936,3013,3012,2935
"34",1418,2705,3012,3014,2859,2706,2781,1931,1855,2936
"35",1,2,3,4,5,6,7,8,9,10
"36",1418,1419,1629,1650,1651,1727,1778,1804,1854,1855
"37",1,2,3,4,5,6,7,8,9,10
"38",20,21,22,23,24,25,32,33,34,35
"39",20,21,22,23,34,35,36,37,39,47
"40",1178,1259,1326,1411,1418,1419,1420,1421,1422,1423
"41",1,2,3,4,5,6,7,8,9,10
"42",3014,3011,56,2858,1629,258,2934,3010,636,2781
"43",34,39,50,51,52,53,55,56,115,126
"44",2921,2705,2841,3014,2858,1782,2706,2862,2626,2704
"45",1178,1183,1254,1255,1259,1326,1411,1412,1418,1419
"46",56,507,487,1629,3014,253,55,636,252,174
"47",258,2859,3011,3014,2934,3010,2936,3013,3012,2935
"48",258,3011,3014,2859,2934,3010,2936,3013,3012,2935
"49",258,2859,3011,3014,2936,3013,2934,3010,3012,2935
"50",3014,2705,1418,2706,3012,2781,1931,2859,1855,2934
"51",21,22,23,34,35,36,37,38,39,47
"52",34,39,49,50,51,52,55,56,126,127
"53",3014,2934,3010,3011,2552,2936,3013,2859,2858,3012
"54",2705,2837,2706,2913,2989,1418,2704,2921,2783,2838
"55",20,21,22,23,33,34,35,36,37,39
"56",507,253,487,195,252,431,194,118,174,416
"57",2862,2858,2921,3011,2019,2781,2861,2462,2705,2018
"58",21,22,23,34,35,37,39,47,48,49
"59",2858,2705,2781,2706,2862,2018,2921,2861,2934,3010
"60",1629,2858,2837,2783,3006,2763,2839,2706,2840,2913
"61",22,23,34,35,39,47,48,49,50,51
"62",2705,2921,2706,1418,2856,2781,1931,2997,1782,1855
"63",3014,2858,3011,2552,2934,3010,3006,3005,2783,2912
"64",1418,2705,2706,2781,2921,1931,1855,2856,2704,2997
"65",1418,1629,1855,1931,2705,2706,2837,2775,2016,2524
"66",507,195,431,508,880,194,118,2862,956,1782
"67",3014,2934,3010,3011,2936,3013,2859,3012,2552,2935
"68",2921,2705,1782,2706,2856,2781,2997,2858,2527,2704
"69",21,22,23,34,35,36,37,38,39,47
"70",56,252,253,487,507,636,1629,55,1784,559
"71",49,50,51,52,125,126,127,174,175,194
"72",34,39,51,52,55,56,131,174,250,251
"73",3014,258,2858,3011,120,2934,3010,3005,43,3006
"74",256,258,2859,2934,2935,2936,3010,3011,3012,3013
"75",1,2,3,4,5,6,7,8,9,10
"76",2705,2921,2706,1782,2997,2781,2858,2527,2605,1418
"77",20,21,22,23,34,35,36,37,38,39
"78",1326,1418,1419,1420,1421,1496,1497,1573,1574,1575
"79",55,56,174,250,252,253,487,502,507,558
"80",507,2858,2921,1782,2862,2705,2781,2861,2467,2785
"81",2859,3011,3014,2936,3013,2934,3010,258,3012,2935
"82",2859,3011,3014,2934,3010,2936,3013,3012,258,2552
"83",3014,2858,2934,3010,3011,2552,2861,2936,3013,3012
"84",1418,1629,1650,1651,1727,1778,1804,1854,1855,1930
"85",20,21,22,23,24,33,34,35,36,37
"86",258,2859,3011,3014,2936,3013,2934,3010,3012,2935
"87",507,253,487,252,2858,636,1782,174,559,634
"88",1259,1326,1418,1419,1420,1421,1423,1496,1497,1498
"89",3014,2859,3011,2936,3013,2934,3010,3012,258,2935
"90",1,2,3,4,5,6,7,8,9,10
"91",2858,507,3014,2781,2705,1782,2934,3010,3011,2706
"92",21,22,23,34,35,39,47,48,49,50
"93",1418,1855,1931,2527,2705,2706,2781,2016,2526,3012
"94",20,21,22,23,24,33,34,35,36,37
"95",20,21,22,23,24,25,33,34,35,36
"96",3014,3011,2934,3010,2936,3013,2552,2858,2859,3012
"97",1,2,3,4,5,6,7,8,9,10
"98",2858,2462,2861,2862,3011,2934,3010,2785,2784,2607
"99",2858,2705,3014,2781,3012,2706,2934,3010,2607,2606
"100",20,21,22,23,24,25,33,34,35,36
"101",2859,3014,3011,258,2934,3010,2936,3013,3012,2858
"102",20,21,22,23,24,33,34,35,36,37
"103",21,22,23,33,34,35,36,37,38,39
"104",20,21,22,23,24,34,35,36,37,38
"105",22,23,34,39,51,52,55,56,99,100
"106",1418,1855,1930,1931,2016,2526,2527,2704,2705,2706
"107",258,2858,3011,3014,2921,2783,2934,3010,43,3006
"108",20,21,22,23,24,25,26,32,33,34
"109",1259,1326,1411,1418,1419,1420,1421,1422,1423,1496
"110",22,23,34,35,39,47,48,49,50,51
"111",2705,2706,2781,2921,2704,1418,1782,2605,1629,2527
"112",1100,1107,1173,1174,1177,1178,1182,1183,1249,1250
"113",1,2,3,4,5,6,7,8,9,10
"114",3014,2858,258,3011,3005,120,2934,3010,3006,43
"115",258,2859,2934,2936,3010,3011,3012,3013,3014,2935
"116",1629,636,56,1938,1784,487,55,1552,501,1708
"117",2859,3011,3014,2934,3010,2936,3013,3012,258,2552
"118",1782,2705,2706,2921,2997,2781,1629,2856,1418,1931
"119",3014,3011,2934,3010,2552,2859,2856,2936,3013,3012
"120",1178,1183,1259,1326,1411,1412,1418,1419,1420,1421
"121",258,2859,2936,3011,3013,3014,2934,3010,3012,2935
"122",1,2,3,4,5,6,7,8,9,10
"123",258,2859,3011,3014,2934,3010,2936,3013,3012,2858
"124",1173,1174,1178,1183,1254,1255,1259,1326,1332,1335
"125",3014,3011,507,2934,3010,2859,2936,3013,3012,2858
"126",3014,258,3011,2934,3010,2936,3013,2859,3012,2858
"127",1,2,3,4,5,6,7,8,9,10
"128",22,23,34,35,39,47,48,49,50,51
"129",3014,2859,3012,258,2934,3010,2936,3013,2775,3011
"130",3014,2934,3010,3011,2858,2936,3013,3012,2552,2859
"131",258,2859,2934,2936,3010,3011,3012,3013,3014,2935
"132",22,23,34,35,37,39,47,48,49,50
"133",258,3014,3011,2859,2934,3010,2936,3013,3012,2935
"134",20,21,22,23,24,25,26,33,34,35
"135",1,2,3,4,5,6,7,8,9,10
"136",1,2,3,4,5,6,7,8,9,10
"137",20,21,22,23,33,34,35,36,37,39
"138",1178,1183,1259,1326,1411,1418,1419,1420,1421,1422
"139",20,21,22,23,24,25,26,32,33,34
"140",3014,2859,3011,2934,3010,2936,3013,3012,258,2935
"141",34,55,56,174,250,252,253,487,501,502
"142",258,2859,3011,3014,2936,3013,2934,3010,3012,2935
"143",3014,2934,3010,3011,2552,2858,2859,2936,3013,3006
"144",3014,2859,3011,2934,3010,2936,3013,3012,2552,258
"145",20,21,22,23,33,34,35,36,37,38
"146",20,21,22,23,34,35,36,37,39,41
"147",3014,2934,3010,3011,2552,2936,3013,2856,2859,2554
"148",258,3014,2858,3011,2921,2781,507,2763,2934,3010
"149",258,2859,3011,3014,2934,3010,2936,3013,3012,2935
"150",22,23,34,35,39,47,48,49,50,51
"151",22,23,34,35,39,47,48,49,50,51
"152",1,2,3,4,5,6,7,8,9,10
"153",20,21,22,23,24,33,34,35,36,37
"154",3014,3011,2934,3010,2552,2936,3013,3012,2858,2859
"155",258,2859,2934,2935,2936,3010,3011,3012,3013,3014
"156",20,21,22,23,24,34,35,36,37,38
"157",20,21,22,23,24,25,26,33,34,35
"158",1,2,3,4,5,6,7,8,9,10
"159",1,2,3,4,5,6,7,8,9,10
"160",3014,3011,2934,3010,2552,2856,2859,2554,2936,3013
"161",20,21,22,23,33,34,35,36,37,39
"162",258,2859,2934,2936,3010,3011,3013,3014,3012,2935
"163",20,21,22,23,33,34,35,36,37,38
"164",20,21,22,23,24,25,33,34,35,36
"165",12,13,14,15,16,17,18,19,20,21
"166",3014,2858,2934,3010,2552,3006,2706,3011,2783,2554
"167",39,51,52,55,56,174,250,252,253,355
"168",1174,1178,1183,1259,1326,1411,1412,1418,1419,1420
"169",1326,1418,1419,1574,1575,1576,1629,1633,1650,1651
"170",20,21,22,23,24,25,26,32,33,34
"171",507,2462,2862,1782,2858,2861,195,2784,2785,1629
"172",20,21,22,23,24,34,35,36,37,38
"173",3014,2859,3011,2936,3013,2934,3010,258,3012,2858
"174",20,21,22,23,24,33,34,35,36,37
"175",3014,3011,56,2859,2552,2858,2934,3010,3006,2554
"176",2921,2705,2706,1418,3014,2527,2997,1931,1855,2526
"177",507,487,253,431,3014,252,56,508,55,880
"178",55,56,252,253,487,498,501,502,558,559
"179",22,23,34,35,47,48,49,50,51,52
"180",21,22,23,34,35,36,39,47,48,49
"181",21,22,23,34,35,37,39,47,48,49
"182",1173,1174,1178,1183,1254,1255,1259,1326,1332,1335
"183",2859,3011,3014,2936,3013,258,3012,2934,3010,2552
"184",20,21,22,23,24,25,33,34,35,36
"185",20,21,22,23,24,33,34,35,36,37
"186",3014,3011,2859,258,2858,2934,3010,2552,2936,3013
"187",258,3011,3014,2859,2934,3010,2936,3013,3012,2935
"188",3014,3011,2859,2934,3010,2936,3013,3012,2552,2856
"189",1173,1174,1178,1183,1254,1255,1259,1326,1335,1402
"190",258,2859,2936,3011,3012,3013,3014,2934,3010,2858
"191",21,22,23,34,35,36,37,38,39,44
"192",1,2,3,4,5,6,7,8,9,10
"193",21,22,23,33,34,35,36,37,39,47
"194",258,2859,3011,3014,2934,3010,2936,3013,3012,2935
"195",1173,1174,1177,1178,1183,1254,1255,1259,1326,1332
"196",2705,2706,1418,2781,1931,2605,2921,2858,2527,1782
"197",258,2859,3011,3014,2934,3010,2936,3013,3012,2935
"198",3014,3011,2934,3010,2858,2936,3013,2859,2552,3012
"199",2705,2706,1629,1782,2605,2921,507,2606,2781,2607
"200",2705,2921,2997,2706,2781,1782,2858,2527,1418,2605
"201",3011,3014,2859,258,2936,3013,2934,3010,3012,2935
"202",1178,1183,1254,1255,1259,1326,1411,1412,1418,1419
"203",195,431,507,508,880,194,118,50,126,355
"204",20,21,22,23,24,25,33,34,35,36
"205",258,2859,2934,2936,3010,3011,3012,3013,3014,2935
"206",1178,1183,1259,1326,1411,1412,1418,1419,1420,1421
"207",3014,258,3011,2936,3013,2934,3010,3012,2859,2858
"208",1,2,3,4,5,6,7,8,9,10
"209",2858,258,2921,2781,3014,2705,3011,3012,2934,3010
"210",507,2921,1782,2858,2705,2706,1629,2856,2781,2704
"211",2705,2921,2706,1629,1782,2781,1418,2704,2856,2527
"212",22,23,34,35,39,47,48,49,50,51
"213",2858,258,3011,3014,2783,2934,3010,3006,357,43
"214",1,2,3,4,5,6,7,8,9,10
"215",258,2859,2934,2936,3010,3011,3012,3013,3014,2935
"216",258,2858,3014,3011,2921,3012,2781,2934,3010,2935
"217",2705,2858,2706,2934,3010,3014,2781,2462,3006,3012
"218",20,21,22,23,24,25,26,33,34,35
"219",3014,2859,258,3011,2934,3010,2936,3013,3012,2857
"220",2858,3014,2783,3006,2859,3011,2934,3010,2552,43
"221",21,22,23,34,35,37,38,39,47,48
"222",55,56,174,175,176,250,251,252,253,254
"223",3014,3011,2859,2934,3010,258,2936,3013,3012,2552
"224",21,22,23,34,35,36,37,38,39,44
"225",2462,2858,2781,2921,2862,3011,2861,3014,2934,3010
"226",258,2921,2858,3011,2781,2392,2462,2391,3014,2862
"227",258,2859,3011,3014,2936,3013,2934,3010,3012,2935
"228",1,2,3,4,5,6,7,8,9,10
"229",3014,3011,2934,3010,56,507,2936,3013,2859,3012
"230",48,49,50,51,52,55,118,119,125,126
"231",2859,2934,2936,3010,3011,3012,3013,3014,258,2935
"232",507,2921,487,431,56,2856,1782,2858,253,2705
"233",2921,2705,2706,1418,2856,1782,3014,2781,2841,2997
"234",3014,2934,3010,3012,2936,3013,2859,3011,2781,2705
"235",2705,2706,2781,2921,2704,2858,3012,1418,2934,3010
"236",1259,1326,1411,1418,1419,1420,1421,1422,1423,1487
"237",1173,1174,1178,1183,1254,1255,1259,1326,1332,1411
"238",1173,1174,1178,1183,1254,1255,1259,1326,1332,1335
"239",1,2,3,4,5,6,7,8,9,10
"240",12,13,14,15,16,17,18,19,20,21
"241",1178,1259,1326,1411,1418,1419,1420,1421,1422,1423
"242",2858,2783,2706,2705,3006,2837,2934,3010,2552,2930
"243",2858,2462,2862,3011,2912,2861,2934,3010,3014,2988
"244",22,23,34,35,37,39,47,48,49,50
"245",507,3014,431,880,508,487,725,195,253,172
"246",1418,1629,1650,1651,1727,1778,1782,1804,1854,1855
"247",20,21,22,23,24,26,32,33,34,35
"248",21,22,23,34,35,36,37,38,39,44
"249",56,487,507,1418,1709,55,253,636,252,1930
"250",1173,1174,1178,1183,1254,1255,1259,1326,1332,1335
"251",2859,2936,3011,3013,3014,2934,3010,3012,2935,258
"252",1,2,3,4,5,6,7,8,9,10
"253",21,22,23,33,34,35,36,37,39,47
"254",3014,3011,2859,2934,3010,2936,3013,2552,3012,2856
"255",3014,258,2859,3011,2934,3010,2936,3013,3012,2935
"256",20,21,22,23,24,34,35,36,37,38
"257",2705,2706,2858,2781,2607,2605,1782,2606,2934,3010
"258",258,2859,2934,2936,3010,3011,3013,3014,3012,2935
"259",20,21,22,23,24,33,34,35,36,37
"260",2859,2934,3010,3011,3014,2936,3013,3012,258,2935
"261",2705,2921,2706,1418,2781,2997,1931,1782,2527,1855
"262",3014,3011,2859,2934,3010,2936,3013,3012,2552,2935
"263",1178,1259,1326,1411,1418,1419,1420,1421,1422,1423
"264",55,56,174,250,251,252,253,487,502,507
"265",3014,258,3011,2934,3010,2936,3013,2859,3012,2935
"266",2862,2462,2858,2921,2861,2705,1782,2785,2784,2841
"267",20,21,22,23,33,34,35,36,37,38
"268",34,35,39,47,48,49,50,51,52,55
"269",2858,3014,3011,3012,2934,3010,2936,3013,2552,2781
"270",1173,1174,1178,1183,1254,1255,1259,1326,1335,1411
"271",22,23,34,35,37,39,47,48,49,50
"272",22,23,34,35,39,47,48,49,50,51
"273",258,2859,2934,2936,3010,3011,3012,3013,3014,2935
"274",2859,3014,3011,2936,3013,3012,2934,3010,258,253
"275",1100,1107,1173,1174,1177,1178,1179,1182,1183,1249
"276",1173,1174,1178,1183,1254,1255,1259,1326,1330,1331
"277",34,51,52,55,56,174,250,251,252,253
"278",3014,507,2859,3011,2934,3010,258,2858,2936,3013
"279",3014,2934,3010,3011,2936,3013,2859,3012,258,2552
"280",258,2841,2859,2934,2935,2936,2937,3010,3011,3012
"281",22,23,34,35,39,47,48,49,50,51
"282",20,21,22,23,24,34,35,36,37,38
"283",3014,258,3011,2858,2859,120,2934,3010,3005,43
"284",256,258,2552,2841,2859,2934,2935,2936,2937,3010
"285",21,22,23,34,35,37,38,39,47,48
"286",3014,507,2934,3010,2859,3011,2554,2936,3013,2552
"287",3014,2934,3010,3011,2936,3013,3012,2552,2859,2858
"288",34,39,50,51,52,55,56,126,127,174
"289",1418,1419,1629,1650,1651,1710,1727,1778,1782,1804
"290",1107,1173,1174,1177,1178,1179,1182,1183,1249,1250
"291",258,2859,2934,2935,2936,3010,3011,3012,3013,3014
"292",3014,3011,2859,2934,3010,2936,3013,3012,2552,258
"293",3014,2934,3010,2936,3013,3011,3012,2859,258,2935
"294",1173,1174,1178,1183,1249,1254,1255,1259,1308,1326
"295",3014,2859,3011,56,1629,2934,3010,2936,3013,3012
"296",2705,2781,2706,3014,1418,3012,2921,2704,2615,2934
"297",1178,1183,1259,1326,1411,1412,1418,1419,1420,1421
"298",12,13,14,15,16,17,18,19,20,21
"299",258,2859,2934,2936,3010,3011,3013,3014,3012,2935
"300",22,23,34,39,47,48,49,50,51,52
"301",2921,2781,2705,2856,2706,2615,2997,2467,2704,2692
"302",1418,1931,2615,2704,2705,2706,2781,2856,2921,2997
"303",20,21,22,23,33,34,35,36,37,39
"304",12,13,14,15,16,17,18,19,20,21
"305",22,23,34,39,47,48,49,50,51,52
"306",258,2859,2934,2935,2936,3010,3011,3012,3013,3014
"307",3011,3014,258,2859,2934,3010,2936,3013,3012,2858
"308",1,2,3,4,5,6,7,8,9,10
"309",1,2,3,4,5,6,7,8,9,10
"310",2921,2705,2781,2706,2856,2997,2615,1418,2704,1782
"311",1107,1173,1174,1177,1178,1182,1183,1249,1254,1255
"312",1,2,3,4,5,6,7,8,9,10
"313",258,2859,3011,3014,2936,3013,3012,2934,3010,2858
"314",21,22,23,34,35,39,47,48,49,50
"315",20,21,22,23,34,35,36,37,38,39
"316",258,2859,2934,2936,3010,3011,3013,3014,3012,2935
"317",1418,1855,1931,2527,2704,2705,2706,2781,2856,2921
"318",258,2859,2934,2935,2936,3010,3011,3012,3013,3014
"319",258,2859,2934,2936,3010,3011,3012,3013,3014,2935
"320",1,2,3,4,5,6,7,8,9,10
"321",1418,1419,1629,1633,1650,1651,1727,1778,1782,1804
"322",1326,1418,1419,1573,1574,1575,1576,1629,1633,1649
"323",1418,2705,2706,1629,1931,2527,2921,2781,1855,2704
"324",12,13,14,15,16,17,18,19,20,21
"325",2705,2781,2706,2921,2615,3012,2997,2858,1782,2916
"326",1418,1419,1576,1629,1633,1650,1651,1652,1710,1713
"327",1259,1326,1418,1419,1420,1421,1422,1423,1496,1497
"328",1418,1419,1575,1576,1629,1633,1650,1651,1652,1709
"329",3014,258,2781,3011,2934,3010,3012,2858,2936,3013
"330",1,2,3,4,5,6,7,8,9,10
"331",1,2,3,4,5,6,7,8,9,10
"332",195,431,507,508,1268,487,355,880,127,202
"333",258,2859,2934,2936,3010,3011,3012,3013,3014,2935
"334",3014,507,2934,3010,2859,3011,2936,3013,3012,2935
"335",258,2859,2934,2936,3010,3011,3012,3013,3014,2935
"336",258,2859,2936,3011,3013,3014,2934,3010,3012,2935
"337",20,21,22,23,24,34,35,36,37,38
"338",2859,3014,3012,2934,3010,2936,3013,3011,2935,2841
"339",21,22,23,34,35,37,38,39,47,48
"340",20,21,22,23,24,25,33,34,35,36
"341",1173,1174,1178,1183,1254,1255,1259,1326,1332,1335
"342",252,253,487,507,3014,174,431,250,56,1268
"343",2921,2781,2705,2858,2706,2615,2934,3010,2467,3014
"344",1,2,3,4,5,6,7,8,9,10
"345",258,2859,2934,2936,3010,3011,3012,3013,3014,2935
"346",1,2,3,4,5,6,7,8,9,10
"347",258,2859,2934,2936,3010,3011,3012,3013,3014,2935
"348",20,21,22,23,34,35,36,37,38,39
"349",22,23,34,35,39,41,49,50,51,52
"350",3014,2934,3010,3011,2936,3013,2781,3012,2858,2705
"351",2858,2775,1931,2705,1418,1855,2837,2706,2783,3006
"352",3014,3011,2934,3010,2859,2936,3013,3012,2552,2935
"353",258,2859,3011,3014,2934,3010,2936,3013,3012,2935
"354",258,2859,2934,2936,3010,3011,3012,3013,3014,2935
"355",2859,3014,3011,2934,3010,2936,3013,258,3012,2935
"356",21,22,23,34,35,36,37,38,39,47
"357",1,2,3,4,5,6,7,8,9,10
"358",2921,2858,2462,2862,1782,2841,2705,2993,2626,2706
"359",258,3014,2859,3011,2934,3010,2936,3013,2858,43
"360",1418,1629,1855,1930,1931,2016,2526,2527,2615,2704
"361",2858,2462,2921,2862,1782,2841,2861,2993,2392,2785
"362",22,23,34,35,39,47,48,49,50,51
"363",1,2,3,4,5,6,7,8,9,10
"364",1,2,3,4,5,6,7,8,9,10
"365",34,39,51,52,55,56,174,250,251,252
"366",507,3014,487,253,56,636,252,2859,55,634
"367",3014,2705,2781,2706,2934,3010,3012,2858,2936,3013
"368",258,2859,2934,2936,3010,3011,3012,3013,3014,2935
"369",20,21,22,23,24,25,34,35,36,37
"370",1,2,3,4,5,6,7,8,9,10
"371",1,2,3,4,5,6,7,8,9,10
"372",1100,1107,1173,1174,1177,1178,1179,1182,1183,1249
"373",3014,3011,2859,2934,3010,2936,3013,3012,2552,258
"374",258,2859,3011,3014,2934,3010,2936,3013,3012,2935
"375",2921,2781,2705,2615,3014,258,2706,2856,2916,3012
"376",1,2,3,4,5,6,7,8,9,10
"377",1,2,3,4,5,6,7,8,9,10
"378",3014,2858,3011,2934,3010,2859,258,3006,3012,2936
"379",3014,3011,2859,2936,3013,2934,3010,3012,258,2935
"380",258,3011,3014,2859,2934,3010,2936,3013,3012,2858
"381",2859,2934,3010,3011,3014,258,2936,3013,3012,2935
"382",20,21,22,23,24,33,34,35,36,37
"383",2859,2934,2936,3010,3011,3012,3013,3014,258,2935
"384",1,2,3,4,5,6,7,8,9,10
"385",2862,2858,2462,2861,2785,2784,636,2989,487,2705
"386",258,2859,3011,3014,2934,3010,2936,3013,3012,2935
"387",22,23,34,35,37,39,47,49,50,51
"388",1326,1418,1419,1420,1421,1496,1497,1573,1574,1575
"389",20,21,22,23,24,25,32,33,34,35
"390",1418,1419,1574,1575,1576,1629,1633,1650,1651,1652
"391",1,2,3,4,5,6,7,8,9,10
"392",258,3011,3014,2859,2934,3010,2936,3013,3012,2858
"393",1418,1419,1650,1651,1727,1804,1854,1855,1930,1931
"394",20,21,22,23,24,33,34,35,36,37
"395",20,21,22,23,34,35,36,37,38,39
"396",21,22,23,34,35,36,37,38,39,44
"397",507,195,431,508,194,118,1782,355,880,253
"398",1,2,3,4,5,6,7,8,9,10
"399",258,2859,2934,3010,3011,3014,2936,3013,3012,2935
"400",20,21,22,23,34,35,36,37,38,39
"401",258,2859,3011,3014,2936,3013,3012,2934,3010,2935
"402",20,21,22,23,24,25,33,34,35,36
"403",3014,2858,2934,3010,3011,2552,2936,3013,3006,3012
"404",2921,2858,2607,1782,2455,2532,2862,2606,2705,2763
"405",258,2859,2934,2936,3010,3011,3012,3013,3014,2935
"406",1174,1178,1183,1254,1255,1259,1326,1335,1402,1411
"407",20,21,22,23,24,33,34,35,36,37
"408",3014,2859,507,2934,3010,3011,2936,3013,3012,258
"409",3014,3011,2934,3010,2858,2859,258,2936,3013,507
"410",258,2859,2934,2936,3010,3011,3012,3013,3014,2935
"411",2858,3014,2934,3010,3011,2781,2705,2462,2861,3012
"412",20,21,22,23,24,34,35,36,37,38
"413",258,2859,2934,2936,3010,3011,3013,3014,3012,2935
"414",1,2,3,4,5,6,7,8,9,10
"415",50,118,126,127,194,195,202,203,279,355
"416",2705,2921,2706,1629,1418,1931,2527,1782,2858,2524
"417",1,2,3,4,5,6,7,8,9,10
"418",2859,2934,2936,3010,3011,3012,3013,3014,258,2935
"419",55,56,174,250,252,253,431,487,507,636
"420",3014,2705,2706,3012,2934,3010,2858,2781,2859,2783
"421",20,21,22,23,24,25,33,34,35,36
"422",3014,258,3011,2934,3010,2859,2936,3013,2858,3012
"423",1,2,3,4,5,6,7,8,9,10
"424",20,21,22,23,24,25,33,34,35,36
"425",1326,1418,1419,1420,1421,1423,1496,1497,1499,1573
"426",2858,2862,2705,2837,2706,2989,2861,2913,2462,2783
"427",1173,1174,1178,1183,1254,1255,1259,1326,1332,1335
"428",258,2859,2936,3011,3013,3014,2934,3010,3012,2935
"429",1,2,3,4,5,6,7,8,9,10
"430",3014,258,3011,2858,2934,3010,2859,2936,3013,3012
"431",20,21,22,23,24,32,33,34,35,36
"432",3014,2859,3011,258,2934,3010,2936,3013,3012,2858
"433",20,21,22,23,34,35,36,37,39,41
"434",3014,3011,2859,2934,3010,2936,3013,3012,2552,2935
"435",258,3011,3014,2859,2934,3010,2936,3013,3012,2935
"436",3011,3014,2859,258,2936,3013,2934,3010,3012,2935
"437",258,2859,2934,2936,3010,3011,3013,3014,3012,2935
"438",2705,2781,2858,2706,2934,3010,2921,3014,2607,2532
"439",1,2,3,4,5,6,7,8,9,10
"440",1,2,3,4,5,6,7,8,9,10
"441",1100,1107,1173,1174,1177,1178,1182,1183,1249,1250
"442",2859,3011,3014,2934,3010,2936,3013,3012,258,2935
"443",1173,1174,1178,1183,1254,1255,1259,1326,1332,1335
"444",20,21,22,23,24,25,26,33,34,35
"445",258,2859,3011,3014,2936,3013,2934,3010,3012,2935
"446",1418,1629,1782,1855,1930,1931,2016,2524,2526,2527
"447",1,2,3,4,5,6,7,8,9,10
"448",20,21,22,23,33,34,35,36,37,39
"449",2921,2705,2781,2706,2856,2704,2615,1782,2997,2858
"450",1326,1418,1419,1420,1421,1422,1423,1487,1496,1497
"451",1174,1178,1183,1259,1326,1411,1412,1418,1419,1420
"452",20,21,22,23,24,25,26,32,33,34
"453",22,23,34,35,39,47,48,49,50,51
"454",2705,2706,2781,2858,2934,3010,3014,2704,3012,1782
"455",2858,3014,3011,2934,3010,2552,3006,2783,2861,3005
"456",20,21,22,23,33,34,35,36,37,39
"457",3014,2859,258,3011,2934,3010,2936,3013,3012,2858
"458",1107,1173,1174,1178,1182,1183,1249,1254,1255,1259
"459",3014,2859,3011,2934,3010,2936,3013,3012,2552,2935
"460",3014,2859,3011,2934,3010,258,2936,3013,3012,2858
"461",258,2859,3011,3014,2936,3013,2934,3010,3012,2935
"462",2921,2462,2858,2781,2916,1782,2705,2862,2461,2997
"463",1418,1727,1804,1854,1855,1930,1931,2016,2526,2527
"464",2921,2705,2706,2781,1782,2858,2997,2704,2605,2018
"465",3014,2859,56,3012,2934,3010,487,253,3011,2936
"466",1259,1326,1411,1418,1419,1420,1421,1422,1423,1487
"467",20,21,22,23,24,25,33,34,35,36
"468",1100,1107,1173,1174,1177,1178,1182,1183,1249,1250
"469",1418,1419,1574,1575,1576,1629,1633,1650,1651,1652
"470",1107,1173,1174,1178,1179,1182,1183,1249,1250,1254
"471",3014,2934,3010,3011,2705,2858,2936,3013,3012,2781
"472",3014,2934,3010,3012,2781,2936,3013,2705,3011,2858
"473",3014,3011,2934,3010,2936,3013,2859,3012,258,2935
"474",22,23,34,35,37,39,47,48,49,50
"475",3014,2858,2781,2705,2934,3010,3011,2706,258,3012
"476",2705,2921,2781,2706,2997,1782,2605,2615,2704,2856
"477",3014,3011,2859,2934,3010,2936,3013,2856,3012,2552
"478",258,2859,2934,2936,3010,3011,3013,3014,3012,2935
"479",258,2859,3014,3011,2858,3012,2936,3013,2934,3010
"480",2706,2705,3014,1629,2858,1931,3012,1418,2783,2934
"481",3014,258,3011,2858,2934,3010,2935,2859,43,3012
"482",1,2,3,4,5,6,7,8,9,10
"483",21,22,23,34,35,36,37,38,39,44
"484",3014,258,2859,3011,2934,3010,2858,2936,3013,3012
"485",20,21,22,23,24,25,33,34,35,36
"486",258,2859,2934,2936,3010,3011,3012,3013,3014,2935
"487",1,2,3,4,5,6,7,8,9,10
"488",1418,1855,1931,2527,2705,2706,2781,2856,2921,2997
"489",20,21,22,23,24,34,35,36,37,38
"490",1326,1418,1419,1423,1499,1574,1575,1576,1629,1633
"491",22,23,34,39,48,49,50,51,52,55
"492",1,2,3,4,5,6,7,8,9,10
"493",3014,2934,3010,2858,3011,2552,3006,2936,3013,2859
"494",1178,1183,1259,1326,1411,1418,1419,1420,1421,1422
"495",3014,2934,3010,2858,2552,3012,2936,3013,3011,3006
"496",3014,507,3011,2934,3010,2858,258,2859,2936,3013
"497",1418,1419,1574,1575,1576,1629,1633,1650,1651,1652
"498",195,431,507,508,880,194,355,50,126,127
"499",3014,2781,3012,2934,3010,2936,3013,258,2705,2921
"500",258,2859,2934,2935,2936,3010,3011,3012,3013,3014
"501",3014,2859,3011,2934,3010,2936,3013,3012,2552,2856
"502",39,50,51,52,55,56,126,127,174,201
"503",2858,2837,2783,2705,2706,3006,2913,2989,2934,3010
"504",1,2,3,4,5,6,7,8,9,10
"505",258,2859,2934,2936,3010,3011,3012,3013,3014,2935
"506",1,2,3,4,5,6,7,8,9,10
"507",1418,1782,1855,1931,2527,2615,2704,2705,2706,2781
"508",3014,258,3011,2858,2934,3010,3012,2936,3013,2935
"509",1418,1419,1574,1575,1576,1629,1633,1650,1651,1652
"510",3014,2859,258,3011,43,725,2783,2936,3013,120
"511",258,2859,2934,2936,3010,3011,3013,3014,3012,2935
"512",2862,507,2462,2858,1629,2861,2705,2934,3010,1782
"513",1259,1326,1411,1418,1419,1420,1421,1422,1423,1487
"514",258,2859,2934,2936,3010,3011,3012,3013,3014,2935
"515",1174,1178,1183,1254,1255,1259,1326,1411,1412,1418
"516",2858,2705,2781,2921,1782,258,2706,2916,2783,2934
"517",3014,3011,258,2859,2934,3010,2936,3013,3012,2935
"518",1,2,3,4,5,6,7,8,9,10
"519",20,21,22,23,24,32,33,34,35,36
"520",1418,1419,1629,1727,1778,1782,1804,1854,1855,1930
"521",2859,3014,3011,258,2934,3010,2936,3013,3012,2935
"522",3014,3011,2859,2934,3010,2936,3013,2552,3012,2856
"523",2858,1629,2862,2837,2705,2912,2706,2913,2462,507
"524",1259,1326,1418,1419,1420,1421,1423,1496,1497,1498
"525",1,2,3,4,5,6,7,8,9,10
"526",258,2859,2934,2936,3010,3011,3012,3013,3014,2935
"527",258,2859,2934,2936,3010,3011,3012,3013,3014,2935
"528",20,21,22,23,34,35,36,37,39,41
"529",2859,3011,3014,2934,3010,2936,3013,3012,258,2935
"530",3014,258,3011,2858,2934,3010,2859,120,2936,3013
"531",2705,2858,2607,2781,2706,2532,2606,2934,3010,2605
"532",2858,2862,2705,2462,2861,2706,2784,2785,2934,3010
"533",3014,2858,3011,2934,3010,2552,3012,2936,3013,2783
"534",3014,258,3011,2934,3010,3012,2858,2936,3013,2781
"535",55,56,252,253,487,507,636,1629,1784,634
"536",1418,1419,1629,1650,1651,1727,1778,1804,1854,1855
"537",258,2859,3011,3014,2934,3010,2936,3013,2858,3012
"538",1183,1259,1326,1411,1418,1419,1420,1421,1422,1423
"539",3014,2934,3010,2936,3013,3012,3011,2859,2781,2705
"540",3014,507,3011,2934,3010,2859,56,2936,3013,2552
"541",1107,1173,1174,1177,1178,1182,1183,1249,1254,1255
"542",1107,1173,1174,1178,1182,1183,1249,1250,1254,1255
"543",507,508,956,880,1031,431,1107,1030,2921,56
"544",1173,1174,1178,1183,1254,1255,1259,1326,1332,1335
"545",34,35,39,47,48,49,50,51,52,53
"546",2705,2921,2781,2706,2615,2856,2704,1782,2858,1418
"547",2706,2705,1418,1931,2837,1855,2524,2858,2783,2913
"548",1,2,3,4,5,6,7,8,9,10
"549",50,126,195,431,507,508,880,127,202,203
"550",3014,507,3011,2856,2934,3010,2554,2552,2858,3006
"551",2705,2781,3014,2934,3010,2706,2858,3012,2936,3013
"552",34,35,39,50,51,52,53,55,56,115
"553",3014,507,2934,3010,2552,2859,3011,2856,2936,3013
"554",34,39,51,52,55,56,131,174,175,176
"555",2705,2921,2781,2706,1418,2997,2615,2704,2856,1931
"556",56,253,487,507,3014,636,252,55,2859,634
"557",258,2841,2859,2934,2935,2936,2937,3010,3011,3012
"558",2781,2858,2921,2705,3014,2934,3010,2706,3011,258
"559",258,2859,3011,3014,2936,3013,507,2934,3010,3012
"560",34,35,39,49,50,51,52,55,56,126
"561",507,2921,880,431,195,508,2858,194,118,2862
"562",2705,2781,2921,2858,2706,2607,2997,2615,1782,2605
"563",258,2859,2934,2935,2936,3010,3011,3012,3013,3014
"564",2462,2858,2862,2705,2861,2781,2784,2785,2934,3010
"565",34,39,51,52,55,56,174,250,252,253
"566",1,2,3,4,5,6,7,8,9,10
"567",50,51,52,55,56,126,127,174,195,201
"568",118,119,194,195,431,507,508,880,355,127
"569",1107,1173,1174,1177,1178,1183,1249,1254,1255,1259
"570",20,21,22,23,24,33,34,35,36,37
"571",49,50,51,52,118,125,126,127,174,194
"572",3014,2859,2858,3011,2934,3010,2936,3013,3012,3006
"573",2858,2862,3011,2861,2462,2552,2785,2934,3010,2784
"574",2705,2921,2781,2706,2997,2615,2856,2704,3008,2018
"575",258,2859,2934,2936,3010,3011,3012,3013,3014,2935
"576",20,21,22,23,24,33,34,35,36,37
"577",3014,3011,258,2859,2934,3010,2936,3013,3012,2552
"578",20,21,22,23,24,25,33,34,35,36
"579",1178,1183,1259,1326,1411,1412,1418,1419,1420,1421
"580",258,3014,2781,2921,3011,2934,3010,2936,3013,3012
"581",258,2859,2934,2936,3010,3011,3013,3014,3012,2935
"582",258,2859,2934,2936,3010,3011,3013,3014,3012,2935
"583",2862,2858,2019,2921,3011,2861,2462,2018,2785,2784
"584",3014,2858,2934,3010,3011,2783,2859,3006,2552,3012
"585",2862,2858,2912,2861,3005,2989,3011,2019,1629,2785
"586",2921,507,3014,2841,1782,2858,2705,2997,2856,2920
"587",2705,2858,2781,2706,2921,2934,3010,1782,2704,3014
"588",258,2859,3011,3014,2934,3010,2936,3013,3012,256
"589",2921,2862,2858,2705,2462,1782,2781,2861,2607,2018
"590",20,21,22,23,24,25,26,33,34,35
"591",258,3014,3011,2781,2763,2936,3013,3012,2934,3010
"592",1259,1326,1411,1418,1419,1420,1421,1422,1423,1487
"593",2705,2921,2706,2781,2858,2605,2704,1782,2997,2018
"594",507,508,431,880,56,2837,1629,2554,956,2764
"595",3014,2934,3010,3011,2858,2552,2936,3013,3012,2859
"596",1107,1173,1174,1177,1178,1183,1249,1254,1255,1259
"597",3014,258,3011,2859,2934,3010,2936,3013,3012,2858
"598",1418,1855,1931,2527,2704,2705,2706,2781,2856,2921
"599",3014,3011,2858,2934,3010,2859,507,2936,3013,2552
"600",258,2859,2934,2936,3010,3011,3012,3013,3014,2841
"601",20,21,22,23,24,33,34,35,36,37
"602",1418,1419,1629,1650,1651,1727,1782,1804,1854,1855
"603",3014,2859,3011,2934,3010,258,2936,3013,3012,2554
"604",3014,2934,3010,3011,2936,3013,2859,3012,2552,2935
"605",1259,1326,1411,1418,1419,1420,1421,1422,1423,1487
"606",20,21,22,23,24,34,35,36,37,38
"607",1107,1173,1174,1177,1178,1183,1249,1254,1255,1259
"608",2858,2705,2706,2781,2607,1782,2921,2532,2934,3010
"609",1174,1178,1183,1254,1255,1259,1326,1335,1402,1411
"610",3014,258,2859,3011,2934,3010,2936,3013,3012,2858
"611",55,56,253,487,502,507,636,1629,1268,174
"612",2858,2462,2862,2921,2705,1782,2861,2841,2846,2785
"613",507,431,195,508,880,194,355,127,202,203
"614",3014,258,3011,2858,2859,2934,3010,2936,3013,3012
"615",1,2,3,4,5,6,7,8,9,10
"616",3014,3011,2554,2934,3010,2552,2859,2936,3013,3006
"617",258,2859,2934,2936,3010,3011,3012,3013,3014,2935
"618",1418,1931,2705,2706,1855,2781,2921,2527,2704,2526
"619",34,39,47,48,49,50,51,52,55,56
"620",3014,2859,3011,2934,3010,2936,3013,3012,258,2935
"621",258,2859,2934,2936,3010,3011,3012,3013,3014,2935
"622",20,21,22,23,24,33,34,35,36,37
"623",2705,2781,3012,3014,2706,1418,2921,2615,2997,2858
"624",56,487,1629,2859,3011,3014,253,2936,3013,636
"625",3014,258,507,3011,2859,2934,3010,2858,256,2936
"626",258,2859,2934,2936,3010,3011,3013,3014,3012,2935
"627",22,23,34,35,39,47,48,49,50,51
"628",20,21,22,23,24,33,34,35,36,37
"629",55,56,174,252,253,431,487,507,1268,250
"630",1,2,3,4,5,6,7,8,9,10
"631",1,2,3,4,5,6,7,8,9,10
"632",258,2859,3014,3011,2936,3013,2934,3010,3012,2935
"633",1107,1173,1174,1178,1183,1254,1255,1259,1326,1330
"634",3014,2859,3011,258,2934,3010,2936,3013,3012,2935
"635",3014,2858,3011,3006,2934,3010,3005,2552,2912,2783
"636",1418,1782,1855,1931,2016,2524,2526,2527,2704,2705
"637",12,13,14,15,16,17,18,19,20,21
"638",3014,3011,2858,2934,3010,2552,3006,2936,3013,2859
"639",507,3014,487,725,431,253,252,508,56,880
"640",20,21,22,23,34,35,36,37,39,41
"641",22,23,34,35,39,47,48,49,50,51
"642",20,21,22,23,24,34,35,36,37,38
"643",2859,3011,3014,258,2936,3013,2934,3010,3012,2935
"644",3014,2859,3011,2936,3013,2934,3010,3012,258,2935
"645",22,23,34,35,39,47,48,49,50,51
"646",2705,2706,2781,1418,3012,2921,2704,2615,2605,1782
"647",21,22,23,34,35,37,39,47,48,49
"648",22,23,39,49,50,51,52,55,56,70
"649",1,2,3,4,5,6,7,8,9,10
"650",3014,2705,2706,2781,2934,3010,2858,3012,3011,2936
"651",20,21,22,23,24,34,35,36,37,38
"652",2705,2706,1418,1931,1855,2858,2775,1629,2783,3012
"653",22,23,34,35,39,47,48,49,50,51
"654",3014,2858,3006,3005,2859,2783,120,43,3011,2932
"655",1418,1419,1574,1575,1576,1629,1633,1650,1651,1652
"656",3014,3011,2859,258,2934,3010,2936,3013,3012,2935
"657",20,21,22,23,34,35,36,37,38,39
"658",3014,3011,2934,3010,2858,2936,3013,3012,2552,2859
"659",3014,507,253,3011,487,2858,174,2934,3010,252
"660",3014,2859,3012,2705,2706,2781,2934,3010,2858,2936
"661",3014,3011,2859,2934,3010,2936,3013,258,3012,2552
"662",258,2859,3011,3014,2934,3010,2936,3013,3012,2935
"663",20,21,22,23,24,33,34,35,36,37
"664",1418,1629,1650,1651,1727,1778,1782,1804,1854,1855
"665",3014,2934,3010,3011,2552,2936,3013,3012,2859,2993
"666",1,2,3,4,5,6,7,8,9,10
"667",3014,2858,3011,2934,3010,2552,3006,2861,2936,3013
"668",20,21,22,23,34,35,36,37,38,39
"669",20,21,22,23,24,33,34,35,36,37
"670",258,2859,3011,3014,2934,3010,2936,3013,3012,2935
"671",21,22,23,34,35,37,38,39,47,48
"672",21,22,23,34,35,39,47,48,49,50
"673",1418,1419,1575,1576,1629,1633,1650,1651,1652,1710
"674",3014,3011,56,2858,258,2859,1629,55,2934,3010
"675",20,21,22,23,24,33,34,35,36,37
"676",20,21,22,23,33,34,35,36,37,38
"677",2705,2706,1418,2921,2527,1931,2605,2781,1855,2997
"678",21,22,23,34,35,37,39,47,48,49
"679",55,56,252,253,487,502,507,558,559,634
"680",20,21,22,23,24,25,33,34,35,36
"681",20,21,22,23,24,33,34,35,36,37
"682",3014,3011,258,2934,3010,2858,2936,3013,3012,2781
"683",3014,2859,2936,3013,3012,3011,2934,3010,258,2935
"684",258,2859,2934,2936,3010,3011,3012,3013,3014,2935
"685",3014,2858,258,3011,2934,3010,3012,2936,3013,2781
"686",3014,2934,3010,2858,2705,2706,2552,3006,2607,3011
"687",258,2859,3011,3014,2936,3013,2934,3010,3012,2935
"688",507,3014,56,55,2859,2934,3010,508,3011,725
"689",1,2,3,4,5,6,7,8,9,10
"690",34,39,51,52,55,56,131,174,175,176
"691",20,21,22,23,24,25,26,27,32,33
"692",20,21,22,23,24,25,26,33,34,35
"693",3014,258,3011,2858,2934,3010,2859,2936,3013,3012
"694",3014,3011,258,2858,2934,3010,357,2859,2936,3013
"695",2858,3014,2462,2934,3010,2781,2705,3011,3012,2936
"696",174,253,355,431,487,507,508,1268,56,880
"697",3014,3011,2934,3010,2859,2554,2856,2936,3013,2552
"698",3014,258,3011,2859,56,2934,3010,256,2936,3013
"699",3014,2858,2934,3010,3011,2859,3006,2554,2936,3013
"700",3014,2859,2934,3010,2858,3011,3012,2936,3013,3006
"701",2705,2706,2858,2605,2862,2607,2606,2781,3008,2861
"702",20,21,22,23,24,33,34,35,36,37
"703",1,2,3,4,5,6,7,8,9,10
"704",3014,3011,2859,258,2934,3010,2936,3013,3012,2857
"705",2705,2706,2921,2781,2704,1418,2997,2605,2856,2783
"706",3014,3011,2912,2856,2837,2989,2552,2934,3010,2858
"707",3014,2934,3010,3011,2936,3013,2552,2858,3012,2859
"708",2862,2858,2861,2462,2837,2705,2989,2785,2784,2706
"709",3014,3011,2859,258,2934,3010,2936,3013,2554,3012
"710",1326,1418,1419,1573,1574,1575,1576,1629,1633,1649
"711",22,23,34,35,39,50,51,52,55,56
"712",21,22,23,34,35,37,39,47,48,49
"713",20,21,22,23,34,35,36,39,41,47
"714",507,2921,2705,56,487,2706,431,1782,55,253
"715",507,487,56,431,55,1268,253,252,880,636
"716",21,22,23,34,35,39,47,48,49,50
"717",1326,1418,1419,1574,1575,1576,1629,1633,1649,1650
"718",1326,1418,1419,1420,1421,1423,1496,1497,1499,1573
"719",3014,258,3011,2859,2934,3010,2936,3013,3012,2858
"720",2921,2705,2706,1418,1782,1931,2841,3014,2527,2524
"721",56,431,507,1268,508,487,355,55,880,430
"722",258,2859,3011,3014,2934,3010,2936,3013,3012,2935
"723",2705,2706,1629,1418,1931,2837,1855,2704,2783,2630
"724",1174,1178,1183,1254,1255,1259,1326,1411,1412,1418
"725",20,21,22,23,24,33,34,35,36,37
"726",3014,2934,3010,3011,2936,3013,3012,2858,2859,2552
"727",1259,1326,1411,1418,1419,1420,1421,1422,1423,1487
"728",20,21,22,23,24,25,33,34,35,36
"729",2921,2705,2858,2706,1782,2841,2862,2781,2704,507
"730",3014,2934,3010,3011,2936,3013,3012,2859,2552,2858
"731",20,21,22,23,34,35,36,37,38,39
"732",20,21,22,23,24,33,34,35,36,37
"733",2462,2862,2858,2861,2934,3010,2705,2785,2784,3011
"734",20,21,22,23,24,25,26,32,33,34
"735",258,3011,3014,2859,2934,3010,2936,3013,3012,2935
"736",487,507,253,252,431,195,51,52,355,1268
"737",1418,1419,1629,1650,1651,1727,1778,1782,1804,1854
"738",507,3014,3011,2859,2934,3010,2936,3013,3012,56
"739",1418,1629,1650,1651,1727,1804,1855,1930,1931,2016
"740",258,2859,3011,3014,2934,3010,2936,3013,3012,2858
"741",507,2858,2921,2781,3014,2705,3011,1782,2934,3010
"742",3014,2934,3010,3011,2936,3013,3012,2859,2552,2858
"743",1,2,3,4,5,6,7,8,9,10
"744",3014,3011,2859,2934,3010,2856,2936,3013,2552,2554
"745",1418,2705,2706,1931,2527,2921,1855,2526,2524,3014
"746",3014,56,2859,3011,2934,3010,487,55,507,253
"747",1418,1855,1931,2524,2526,2527,2603,2605,2705,2706
"748",3014,3011,258,2859,2934,3010,2936,3013,3012,2858
"749",20,21,22,23,24,25,33,34,35,36
"750",20,21,22,23,24,25,26,32,33,34
"751",2858,2462,2934,3010,3014,2705,2706,2861,3006,2552
"752",3014,3011,2859,2934,3010,2936,3013,2552,3012,258
"753",3014,2859,3011,2934,3010,2936,3013,3012,258,2858
"754",1259,1326,1411,1418,1419,1420,1421,1422,1423,1487
"755",3014,3011,2859,2856,2934,3010,2857,2936,3013,2552
"756",2858,2921,258,3011,2862,2781,357,2462,2392,2934
"757",21,22,23,34,35,37,39,47,48,49
"758",20,21,22,23,24,33,34,35,36,37
"759",34,35,39,44,45,47,48,49,50,51
"760",22,23,34,35,39,47,48,49,50,51
"761",22,23,34,35,39,47,48,49,50,51
"762",3014,44,43,2858,2783,3011,258,725,1953,3006
"763",258,2859,3011,3014,2936,3013,256,3012,2934,3010
"764",55,56,487,507,3014,253,252,431,174,1268
"765",21,22,23,34,35,39,47,48,49,50
"766",2705,2706,2921,1418,2856,2997,2781,2704,2527,2857
"767",3014,3011,2934,3010,2554,2552,2859,2936,3013,258
"768",3014,2859,3011,3012,2934,3010,2936,3013,2858,2552
"769",2705,2706,2921,2781,1782,1418,1931,2997,2704,1855
"770",1183,1259,1326,1411,1418,1419,1420,1421,1422,1423
"771",1,2,3,4,5,6,7,8,9,10
"772",258,2859,3014,3011,2936,3013,2934,3010,3012,2935
"773",22,23,33,34,35,39,42,47,48,49
"774",2921,2858,2705,1782,2841,2706,2916,2781,2993,2997
"775",20,21,22,23,34,35,36,37,38,39
"776",2462,2858,2862,2912,2861,2988,3011,2934,3010,2989
"777",20,21,22,23,24,25,26,32,33,34
"778",1178,1183,1259,1326,1411,1418,1419,1420,1421,1422
"779",1418,1629,1727,1778,1782,1804,1854,1855,1930,1931
"780",20,21,22,23,34,35,36,37,38,39
"781",3014,3011,2934,3010,2858,2552,2936,3013,2859,3012
"782",3014,507,2859,3011,725,43,2936,3013,2934,3010
"783",2858,2607,2862,2532,2455,2921,2018,2784,2785,2861
"784",1418,1419,1574,1575,1576,1629,1633,1650,1651,1652
"785",1,2,3,4,5,6,7,8,9,10
"786",1418,1782,1855,1931,2527,2704,2705,2706,2781,2856
"787",3014,2934,3010,1953,2705,2993,2706,2701,2554,2936
"788",20,21,22,23,24,25,33,34,35,36
"789",34,35,39,48,49,50,51,52,53,55
"790",3014,3011,2934,3010,2936,3013,2859,2552,3012,2935
"791",1,2,3,4,5,6,7,8,9,10
"792",34,39,50,51,52,53,55,56,109,126
"793",1107,1173,1174,1178,1182,1183,1249,1254,1255,1259
"794",3014,3011,2859,2934,3010,2936,3013,258,3012,2935
"795",258,2859,2934,2936,3010,3011,3013,3014,3012,2935
"796",1418,2705,2706,1629,1931,2527,1855,2524,2526,3014
"797",21,22,23,34,35,37,39,47,48,49
"798",34,35,39,47,48,49,50,51,52,53
"799",1173,1174,1177,1178,1183,1249,1254,1255,1259,1326
"800",2705,2781,2706,2921,2704,2997,2858,1782,2615,2605
"801",3014,3011,2859,2936,3013,3012,2934,3010,258,2552
"802",21,22,23,33,34,35,36,37,38,39
"803",3014,3011,258,2934,3010,2936,3013,2859,3012,2935
"804",20,21,22,23,24,25,26,32,33,34
"805",258,2859,3011,3014,2936,3013,3012,2934,3010,2858
"806",507,2554,508,56,2837,3014,2552,2858,3006,2706
"807",3014,3011,2859,2934,3010,2936,3013,258,3012,2552
"808",20,21,22,23,24,34,35,36,37,38
"809",20,21,22,23,33,34,35,36,37,38
"810",1418,2527,2705,2706,2781,2856,2921,2997,2615,1782
"811",20,21,22,23,33,34,35,39,47,48
"812",2858,507,3006,2783,3005,2837,2930,2554,2706,2934
"813",1418,1629,1727,1782,1804,1854,1855,1930,1931,2016
"814",258,3014,3011,2859,1629,2936,3013,3012,256,2934
"815",2858,2705,2706,3014,2934,3010,3006,2783,2781,3011
"816",118,194,195,431,507,508,880,119,355,648
"817",2705,2706,2605,1782,2781,2783,2921,2606,1418,2704
"818",3014,3011,2859,2934,3010,2936,3013,3012,2552,258
"819",3014,3011,2859,2934,3010,2936,3013,258,2858,3012
"820",3014,3011,2859,2934,3010,2936,3013,2856,2552,3012
"821",3014,3011,2934,3010,2859,2936,3013,258,3012,2935
"822",20,21,22,23,24,33,34,35,36,37
"823",22,23,34,35,39,49,50,51,52,53
"824",1418,1419,1576,1629,1633,1650,1651,1652,1710,1727
"825",20,21,22,23,24,25,33,34,35,36
"826",2862,2861,2784,2785,2462,2934,3010,2858,2532,2705
"827",1418,1419,1574,1575,1576,1629,1633,1649,1650,1651
"828",21,22,23,34,35,37,39,47,48,49
"829",2859,3011,3014,2934,3010,2936,3013,2554,3012,2993
"830",1326,1418,1419,1574,1575,1576,1629,1633,1649,1650
"831",2858,3014,258,2859,3012,2932,2916,2934,3010,2781
"832",3014,3011,258,2859,2934,3010,2936,3013,3012,2935
"833",2705,2706,1418,2781,1931,2921,1855,2527,2704,2997
"834",22,23,34,35,39,47,48,49,50,51
"835",1174,1178,1183,1254,1255,1259,1326,1411,1412,1418
"836",1173,1174,1178,1183,1254,1255,1259,1326,1332,1335
"837",3014,2859,258,3011,2936,3013,2934,3010,3012,2935
"838",3014,2858,2934,3010,3011,2705,2552,2706,3006,2861
"839",3014,2912,2858,3011,357,258,2934,3010,3005,2988
"840",34,39,51,52,55,56,174,250,252,253
"841",2862,2921,2858,2019,2861,2018,2785,2784,2462,2763
"842",3014,507,2858,2554,3006,2934,3010,3011,2859,2763
"843",20,21,22,23,24,25,26,32,33,34
"844",3014,3011,258,2859,2934,3010,2936,3013,3012,2552
"845",1418,1419,1575,1576,1629,1633,1650,1651,1652,1710
"846",3014,3011,2934,3010,2936,3013,2859,258,3012,2552
"847",20,21,22,23,24,25,26,33,34,35
"848",1418,1419,1574,1575,1576,1629,1633,1650,1651,1652
"849",2859,3014,3011,2934,3010,2936,3013,3012,258,2935
"850",3014,2859,3011,2934,3010,2856,2936,3013,3012,2552
"851",2859,3011,3014,2934,3010,2936,3013,3012,258,2552
"852",3014,507,3011,258,2934,3010,2859,2858,56,3006
"853",1418,1782,1855,1931,2016,2524,2526,2527,2615,2704
"854",3014,3011,258,2934,3010,2936,3013,3012,2859,2858
"855",1178,1183,1255,1259,1326,1411,1412,1418,1419,1420
"856",22,23,34,35,37,39,44,50,51,52
"857",1,2,3,4,5,6,7,8,9,10
"858",20,21,22,23,24,25,33,34,35,36
"859",507,3014,2859,3011,2934,3010,2936,3013,3012,253
"860",20,21,22,23,24,25,33,34,35,36
"861",3014,2858,2934,3010,3012,3011,2936,3013,2859,2552
"862",1173,1174,1178,1183,1254,1255,1259,1326,1335,1402
"863",1418,1629,1855,1931,2526,2527,2705,2706,2921,3014
"864",21,22,23,34,35,36,37,38,39,47
"865",1326,1418,1419,1423,1499,1574,1575,1576,1629,1633
"866",20,21,22,23,24,25,26,33,34,35
"867",1,2,3,4,5,6,7,8,9,10
"868",1418,1419,1574,1575,1576,1629,1633,1649,1650,1651
"869",2858,3005,2783,43,3006,31,120,44,2778,35
"870",20,21,22,23,24,25,26,32,33,34
"871",34,39,50,51,52,53,55,56,115,126
"872",22,23,34,35,39,47,48,49,50,51
"873",3014,258,2781,2921,2858,3011,3012,2934,3010,2705
"874",21,22,23,34,35,36,37,38,39,47
"875",20,21,22,23,24,25,33,34,35,36
"876",34,35,39,49,50,51,52,53,55,56
"877",20,21,22,23,24,34,35,36,37,39
"878",1418,1419,1574,1575,1576,1629,1633,1650,1651,1652
"879",3014,3011,258,2934,3010,2859,2936,3013,3012,2858
"880",507,487,56,636,253,252,55,1268,502,1784
"881",2858,2862,2934,3010,2552,2705,2706,3006,2861,3011
"882",1,2,3,4,5,6,7,8,9,10
"883",2858,2783,2705,1782,3006,507,2706,31,2932,2778
"884",3014,507,3011,2858,2934,3010,2859,2936,3013,258
"885",20,21,22,23,24,25,33,34,35,36
"886",1,2,3,4,5,6,7,8,9,10
"887",2859,2934,3010,3011,3014,2936,3013,3012,2993,2841
"888",3014,2934,3010,2858,3012,2936,3013,3011,2552,3006
"889",3014,2858,3011,2934,3010,2462,2936,3013,3012,2552
"890",1,2,3,4,5,6,7,8,9,10
"891",3014,2552,3011,2858,2934,3010,3006,36,112,2554
"892",20,21,22,23,24,33,34,35,36,37
"893",1326,1418,1419,1420,1421,1423,1496,1497,1499,1573
"894",20,21,22,23,33,34,35,36,39,41
"895",22,23,34,35,39,47,48,49,50,51
"896",21,22,23,34,35,37,38,39,44,45
"897",20,21,22,23,34,35,36,37,38,39
"898",2705,2706,1418,2921,2781,2527,2605,2704,2997,2603
"899",1418,1419,1574,1575,1576,1629,1633,1650,1651,1652
"900",3014,2859,507,3011,2934,3010,2936,3013,3012,2858
"901",2705,2706,2858,2921,2781,1782,2704,2605,2783,2997
"902",258,3011,3014,2859,2936,3013,2934,3010,3012,2935
"903",2859,3011,3014,258,2936,3013,2934,3010,3012,2935
"904",1418,1629,1727,1804,1855,1930,1931,2016,2524,2526
"905",20,21,22,23,34,35,36,37,39,41
"906",20,21,22,23,24,25,26,32,33,34
"907",55,56,487,507,3014,725,252,253,1629,51
"908",3014,2705,2934,3010,2781,2706,3012,2532,2936,3013
"909",507,431,880,195,508,725,355,487,194,127
"910",20,21,22,23,33,34,35,36,37,38
"911",3014,3011,2859,2936,3013,2934,3010,3012,258,2552
"912",3014,2859,3011,2934,3010,3012,2936,3013,258,2858
"913",3014,2859,3011,2934,3010,2858,3012,2936,3013,258
"914",2858,2862,2462,3011,2861,2934,3010,2785,2784,2552
"915",2921,2781,2705,2858,2997,2706,3012,2615,2607,2916
"916",1418,1419,1574,1575,1576,1629,1633,1650,1651,1652
"917",21,22,23,34,35,39,47,48,49,50
"918",55,56,487,636,1629,253,1784,252,559,634
"919",1418,1419,1629,1650,1651,1727,1778,1782,1804,1854
"920",1,2,3,4,5,6,7,8,9,10
"921",3011,3014,2934,3010,2936,3013,2859,3012,2552,2935
"922",1418,1727,1804,1855,1930,1931,2005,2524,2526,2527
"923",3011,3014,258,2936,3013,2934,3010,3012,2859,2935
"924",118,119,194,195,431,507,508,880,1857,355
"925",20,21,22,23,24,25,26,33,34,35
"926",22,23,34,35,37,39,47,48,49,50
"927",2921,2781,2705,2858,2019,2018,2706,2704,2467,258
"928",258,2859,2934,2935,2936,3010,3011,3012,3013,3014
"929",20,21,22,23,24,25,26,32,33,34
"930",22,23,34,35,39,49,50,51,52,53
"931",3014,3011,2934,3010,2859,2936,3013,3012,2552,2935
"932",3014,3011,258,2859,2934,3010,2936,3013,3012,2935
"933",2858,2783,3006,2607,2706,2705,2552,2934,3010,2606
"934",3014,3011,2934,3010,2936,3013,2859,3012,258,2935
"935",20,21,22,23,24,25,33,34,35,36
"936",22,23,34,35,39,47,48,49,50,51
"937",2705,3014,2781,2934,3010,2706,2858,3012,3011,2704
"938",258,2859,2934,2936,3010,3011,3012,3013,3014,2935
"939",1,2,3,4,5,6,7,8,9,10
"940",2859,2934,2936,3010,3011,3013,3014,258,3012,2935
"941",1418,1629,1855,1931,2527,2705,2706,2775,1727,1804
"942",21,22,23,34,39,47,48,49,50,51
"943",20,21,22,23,24,33,34,35,36,37
"944",3014,2934,3010,2936,3013,2859,3012,3011,2993,2841
"945",2858,2705,2934,3010,2781,2607,2532,3014,2462,2455
"946",20,21,22,23,24,34,35,36,37,38
"947",1,2,3,4,5,6,7,8,9,10
"948",20,21,22,23,24,33,34,35,36,37
"949",2705,2706,2858,2781,2607,1782,2921,2532,2605,2606
"950",3014,2934,3010,3011,2936,3013,2552,3012,2858,2859
"951",1178,1259,1326,1411,1418,1419,1420,1421,1422,1423
"952",258,2859,2934,2936,3010,3011,3013,3014,3012,2935
"953",1,2,3,4,5,6,7,8,9,10
"954",3014,2934,3010,3011,2552,2936,3013,2859,2856,3012
"955",507,2921,2858,195,2763,725,119,880,2856,44
"956",258,3011,3014,2859,2934,3010,2936,3013,3012,2935
"957",3014,2934,3010,3011,2858,2936,3013,3012,2552,3006
"958",12,13,14,15,16,17,18,19,20,21
"959",1418,1419,1574,1575,1576,1629,1633,1649,1650,1651
"960",1174,1178,1183,1254,1255,1259,1326,1335,1402,1411
"961",20,21,22,23,24,25,26,32,33,34
"962",2859,3014,3011,2934,3010,2856,2936,3013,3012,258
"963",3014,2934,3010,3011,2936,3013,3012,2859,258,2935
"964",258,3014,3011,2859,2858,2934,3010,2936,3013,3012
"965",20,21,22,23,33,34,35,36,37,39
"966",507,2462,1782,2921,2862,195,2858,253,487,252
"967",2862,2019,2921,2018,2858,2861,2705,2785,2784,2706
"968",2862,2019,2018,2861,2858,2921,2785,2784,2705,2462
"969",1178,1183,1259,1326,1411,1412,1418,1419,1420,1421
"970",1418,1419,1629,1727,1778,1782,1804,1854,1855,1930
"971",34,39,53,55,56,109,131,174,250,252
"972",20,21,22,23,33,34,35,37,39,47
"973",1,2,3,4,5,6,7,8,9,10
"974",3014,3011,2934,3010,2859,2552,2936,3013,2858,3012
"975",1,2,3,4,5,6,7,8,9,10
"976",20,21,22,23,24,25,26,32,33,34
"977",1,2,3,4,5,6,7,8,9,10
"978",1,2,3,4,5,6,7,8,9,10
"979",1,2,3,4,5,6,7,8,9,10
"980",3014,3011,258,2859,2934,3010,2936,3013,3012,2935
"981",2705,2921,2706,1418,2781,2997,2856,2704,1931,2527
"982",20,21,22,23,24,33,34,35,36,37
"983",2858,2781,2705,2921,2462,2934,3010,3014,2706,1782
"984",3014,2705,2781,2934,3010,2706,3012,2936,3013,2532
"985",3014,2859,3011,2934,3010,258,2936,3013,3012,2858
"986",21,22,23,34,35,39,47,48,49,50
"987",1418,1419,1629,1650,1651,1709,1710,1727,1778,1782
"988",2705,2706,1418,1931,2858,1855,1629,2783,2524,2704
"989",2858,2921,2781,2705,2706,1782,2704,2018,2462,2934
"990",507,2858,258,3014,357,3011,2934,3010,358,254
"991",20,21,22,23,24,33,34,35,36,37
"992",3014,2859,3011,2934,3010,2936,3013,3012,56,2552
"993",2705,2706,2858,2462,1782,2781,2916,2704,2921,2934
"994",20,21,22,23,24,25,26,33,34,35
"995",3014,2859,258,3011,2934,3010,2936,3013,3012,2858
"996",1259,1326,1418,1419,1573,1574,1575,1576,1577,1629
"997",1173,1174,1178,1183,1254,1255,1259,1326,1411,1412
"998",1418,1419,1576,1629,1633,1650,1651,1652,1709,1710
"999",2859,2934,2936,3010,3011,3012,3013,3014,2552,2935
"1000",22,23,34,35,39,47,48,49,50,51
"1001",1259,1326,1411,1418,1419,1420,1421,1422,1423,1487
"1002",1,2,3,4,5,6,7,8,9,10
"1003",1100,1107,1173,1174,1177,1178,1179,1182,1183,1249
"1004",1174,1178,1183,1259,1326,1411,1412,1418,1419,1420
"1005",22,23,34,35,39,47,48,49,50,51
"1006",1418,1931,2705,2706,1855,1629,2837,2775,2913,2783
"1007",56,252,253,487,507,431,55,1268,174,636
"1008",1418,1419,1650,1651,1727,1782,1804,1854,1855,1930
"1009",2859,2934,3010,3012,3014,2936,3013,3011,2935,258
"1010",1178,1183,1259,1326,1411,1418,1419,1420,1421,1422
"1011",34,35,47,48,49,50,51,52,55,56
"1012",3014,2934,3010,3011,2936,3013,2859,3012,2552,2858
"1013",3014,2934,3010,3011,2858,2936,3013,3012,2781,2552
"1014",3014,2858,2934,3010,3011,2781,3012,2936,3013,2705
"1015",1,2,3,4,5,6,7,8,9,10
"1016",1418,1629,1727,1778,1804,1855,1930,1931,2016,2524
"1017",258,2859,2934,2936,3010,3011,3012,3013,3014,2935
"1018",1418,1629,1727,1782,1804,1855,1930,1931,2016,2526
"1019",1173,1174,1178,1183,1254,1255,1259,1326,1331,1332
"1020",22,23,34,35,39,47,48,49,50,51
"1021",1418,1419,1629,1709,1727,1778,1804,1854,1855,1930
"1022",22,23,34,35,47,48,49,50,51,52
"1023",3014,3011,2859,2934,3010,2936,3013,258,3012,2935
"1024",1418,1419,1629,1727,1782,1804,1855,1930,1931,2005
"1025",258,2841,2859,2934,2935,2936,3010,3011,3012,3013
"1026",1,2,3,4,5,6,7,8,9,10
"1027",20,21,22,23,33,34,35,36,37,39
"1028",256,258,2841,2859,2934,2935,2936,2937,3010,3011
"1029",258,2859,3011,3014,2936,3013,2934,3010,3012,2935
"1030",1,2,3,4,5,6,7,8,9,10
"1031",1418,1629,1727,1804,1855,1930,1931,2527,2705,2706
"1032",1,2,3,4,5,6,7,8,9,10
"1033",1,2,3,4,5,6,7,8,9,10
"1034",49,50,51,52,118,119,124,125,126,127
"1035",20,21,22,23,24,33,34,35,36,37
"1036",20,21,22,23,33,34,35,36,37,39
"1037",2705,2706,2921,1418,1782,2527,2605,1931,2781,2704
"1038",3014,3011,2859,2934,3010,2936,3013,3012,2552,2858
"1039",50,51,52,55,56,126,127,174,201,202
"1040",3014,2859,2858,3011,3012,2934,3010,2783,2936,3013
"1041",507,3014,2859,487,253,3011,252,2936,3013,3012
"1042",20,21,22,23,24,25,33,34,35,36
"1043",3014,2934,3010,2705,2781,2858,3012,2936,3013,3011
"1044",1,2,3,4,5,6,7,8,9,10
"1045",3014,3011,2859,258,2934,3010,2936,3013,3012,2935
"1046",3014,3011,2934,3010,2859,2936,3013,2856,3012,2552
"1047",2921,636,2997,487,1418,253,2920,252,2916,1709
"1048",21,22,23,34,35,37,39,47,48,49
"1049",2858,3014,2781,2921,3012,3011,258,2705,2934,3010
"1050",507,56,2837,1031,508,2706,2775,2705,2840,55
"1051",2837,2858,1629,2913,2706,2783,2839,2989,2763,2915
"1052",1418,1419,1629,1727,1804,1854,1855,1930,1931,2005
"1053",22,23,34,35,39,47,48,49,50,51
"1054",20,21,22,23,24,33,34,35,36,37
"1055",3014,3011,2859,2934,3010,507,2936,3013,2552,2857
"1056",20,21,22,23,24,33,34,35,36,37
"1057",1107,1173,1174,1177,1178,1183,1254,1255,1259,1326
"1058",258,2859,3011,3014,2936,3013,3012,2934,3010,2935
"1059",12,13,14,15,16,17,18,19,20,21
"1060",34,35,39,49,50,51,52,55,56,126
"1061",507,253,195,252,431,172,248,2858,273,487
"1062",636,487,507,253,252,559,174,634,56,250
"1063",258,3011,3014,2934,3010,2859,2936,3013,3012,2935
"1064",1418,1629,1650,1651,1727,1804,1854,1855,1930,1931
"1065",3014,2859,3011,2934,3010,2936,3013,3012,258,2552
"1066",20,21,22,23,24,25,33,34,35,36
"1067",1173,1174,1178,1183,1254,1255,1259,1326,1332,1335
"1068",258,2859,2934,2936,3010,3011,3012,3013,3014,2935
"1069",3014,3011,2858,2934,3010,2859,2936,3013,3012,2552
"1070",20,21,22,23,34,35,36,37,38,39
"1071",1418,1782,1855,1931,2526,2527,2605,2705,2706,2781
"1072",258,2552,2841,2859,2934,2935,2936,2937,3010,3011
"1073",20,21,22,23,24,25,26,33,34,35
"1074",258,2859,2934,2936,3010,3011,3012,3013,3014,2935
"1075",3014,2781,2858,2921,3012,3011,2934,3010,2936,3013
"1076",55,56,355,431,487,507,508,880,1268,430
"1077",1,2,3,4,5,6,7,8,9,10
"1078",1,2,3,4,5,6,7,8,9,10
"1079",20,21,22,23,24,25,33,34,35,36
"1080",2862,2858,2861,2921,2705,1782,2785,2784,2462,507
"1081",20,21,22,23,24,33,34,35,36,37
"1082",3014,258,3011,2859,2936,3013,2934,3010,3012,2935
"1083",3014,2781,3012,2934,3010,2936,3013,2705,2532,2706
"1084",3014,258,3011,2859,2936,3013,2934,3010,3012,2935
"1085",1418,1419,1575,1576,1629,1633,1650,1651,1652,1710
"1086",20,21,22,23,24,25,26,32,33,34
"1087",258,2859,2934,2936,3010,3011,3012,3013,3014,2935
"1088",3014,3011,2859,2934,3010,2936,3013,3012,258,2552
"1089",1107,1173,1174,1178,1183,1254,1255,1259,1326,1332
"1090",22,23,34,35,39,47,48,49,50,51
"1091",2859,3014,3011,258,2936,3013,2934,3010,3012,2935
"1092",2921,2858,2781,2705,2862,2018,1782,2607,2019,2861
"1093",1418,1419,1574,1575,1576,1629,1633,1650,1651,1652
"1094",22,23,34,35,39,49,50,51,52,55
"1095",1,2,3,4,5,6,7,8,9,10
"1096",21,22,23,33,34,35,36,37,38,39
"1097",3014,2934,3010,3011,2936,3013,3012,2859,2552,2935
"1098",20,21,22,23,24,33,34,35,36,37
"1099",22,23,34,35,47,48,49,50,51,52
"1100",258,2859,2934,2936,3010,3011,3012,3013,3014,2935
"1101",1183,1259,1326,1411,1418,1419,1420,1421,1422,1423
"1102",1418,1419,1629,1650,1651,1727,1782,1804,1854,1855
"1103",20,21,22,23,24,25,33,34,35,36
"1104",3014,2859,3012,2934,3010,2936,3013,3011,2705,2781
"1105",258,2859,2934,2936,3010,3011,3013,3014,3012,2935
"1106",3014,2859,2934,3010,3012,2936,3013,3011,2935,2706
"1107",2921,2856,2705,2997,2781,2706,2527,2605,2920,1782
"1108",55,56,252,253,487,507,636,1629,3014,634
"1109",2858,2781,2705,2921,2607,2532,2934,3010,2706,2455
"1110",20,21,22,23,24,25,32,33,34,35
"1111",3014,3011,2859,258,2936,3013,2934,3010,3012,2935
"1112",2462,2858,2862,2861,2934,3010,2705,2784,2785,2781
"1113",1183,1259,1326,1411,1418,1419,1420,1421,1422,1423
"1114",1259,1326,1418,1419,1420,1421,1423,1496,1497,1499
"1115",2781,2705,3014,2934,3010,2706,2858,2921,2462,1782
"1116",3014,2859,2934,3010,3011,2936,3013,2856,3012,2552
"1117",3014,2858,2859,3011,3006,258,2934,3010,2775,2783
"1118",20,21,22,23,24,25,33,34,35,36
"1119",1,2,3,4,5,6,7,8,9,10
"1120",22,23,34,35,39,48,49,50,51,52
"1121",3014,258,3011,2859,2936,3013,2934,3010,3012,2935
"1122",1173,1174,1178,1183,1254,1255,1259,1326,1331,1332
"1123",20,21,22,23,24,34,35,37,38,39
"1124",507,3014,56,55,3011,2859,487,2936,3013,253
"1125",20,21,22,23,24,25,26,32,33,34
"1126",22,23,34,35,37,38,39,50,51,52
"1127",3014,2934,3010,3011,2936,3013,3012,2859,2552,2993
"1128",20,21,22,23,33,34,35,36,37,38
"1129",2705,2781,2532,2706,2934,3010,2858,2921,2607,2861
"1130",3014,2858,2934,3010,3011,3006,2552,2554,2783,2859
"1131",2705,2921,2706,2781,1418,1782,2704,2858,1931,2527
"1132",2705,2706,2781,2921,2704,1418,2605,2783,1782,2527
"1133",3014,2934,3010,2858,2705,3011,2706,2781,3012,2936
"1134",2705,2921,1418,2706,1931,2527,1855,2997,2781,1782
"1135",2921,2705,2706,1418,2781,2997,1931,2858,2704,1855
"1136",3014,2858,2934,3010,3011,2859,2552,2856,3006,2936
"1137",1,2,3,4,5,6,7,8,9,10
"1138",3014,507,3011,2934,3010,2859,2936,3013,56,3012
"1139",3014,3011,2859,258,2934,3010,2936,3013,3012,2935
"1140",49,50,51,52,118,124,125,126,127,194
"1141",20,21,22,23,24,25,32,33,34,35
"1142",2858,3014,3011,3006,2552,2837,36,112,2783,2934
"1143",3011,3014,258,2859,2936,3013,2934,3010,3012,2935
"1144",2858,2781,2862,2921,2462,2861,3011,2705,2934,3010
"1145",258,2859,3011,3014,2936,3013,2934,3010,3012,2935
"1146",22,23,34,35,38,39,47,48,49,50
"1147",20,21,22,23,33,34,35,36,37,39
"1148",2705,2706,2921,1418,2781,2997,2856,2527,1782,2704
"1149",20,21,22,23,24,25,26,33,34,35
"1150",2859,3011,3014,2936,3013,2934,3010,258,3012,2935
"1151",20,21,22,23,24,25,33,34,35,36
"1152",1,2,3,4,5,6,7,8,9,10
"1153",20,21,22,23,24,25,32,33,34,35
"1154",20,21,22,23,24,25,26,32,33,34
"1155",1,2,3,4,5,6,7,8,9,10
"1156",1418,1419,1574,1575,1576,1629,1633,1650,1651,1652
"1157",258,2859,2934,2936,3010,3011,3012,3013,3014,2935
"1158",1,2,3,4,5,6,7,8,9,10
"1159",21,22,23,33,34,35,39,41,42,47
"1160",3014,3012,2859,2781,2936,3013,2705,258,2858,2934
"1161",1178,1183,1259,1326,1411,1412,1418,1419,1420,1421
"1162",20,21,22,23,24,25,26,33,34,35
"1163",20,21,22,23,24,25,33,34,35,36
"1164",507,3014,2859,258,3012,3011,2936,3013,725,487
"1165",21,22,23,34,35,39,47,48,49,50
"1166",1,2,3,4,5,6,7,8,9,10
"1167",3014,3011,2859,2934,3010,2936,3013,258,3012,2858
"1168",2858,2705,2706,2837,2783,2913,2989,2915,2991,2838
"1169",20,21,22,23,24,25,33,34,35,36
"1170",3014,3011,2858,2934,3010,2859,2552,2936,3013,3012
"1171",2837,2858,2989,2913,2705,2706,2915,2838,2783,3006
"1172",3014,3011,2859,2934,3010,2936,3013,3012,2858,2552
"1173",1326,1418,1419,1573,1574,1575,1576,1577,1629,1633
"1174",1418,1419,1727,1782,1804,1854,1855,1930,1931,2005
"1175",20,21,22,23,24,25,33,34,35,36
"1176",20,21,22,23,24,33,34,35,36,37
"1177",12,13,14,15,16,17,18,19,20,21
"1178",22,23,34,35,37,39,47,48,49,50
"1179",21,22,23,34,35,37,38,39,47,48
"1180",2532,2705,2605,2607,2706,2606,2531,2781,3012,2681
"1181",1,2,3,4,5,6,7,8,9,10
"1182",507,431,195,508,355,880,127,202,203,279
"1183",2858,3005,2783,31,3006,3011,35,43,2912,120
"1184",22,23,34,35,39,47,48,49,50,51
"1185",2705,2858,2706,2862,2607,2861,2934,3010,2781,2605
"1186",3014,258,2858,2859,2934,3010,3012,3011,2781,2936
"1187",21,22,23,34,35,36,39,47,48,49
"1188",55,56,174,250,252,253,487,502,507,559
"1189",20,21,22,23,33,34,35,36,37,38
"1190",20,21,22,23,24,25,33,34,35,36
"1191",20,21,22,23,24,25,33,34,35,36
"1192",1107,1173,1174,1178,1182,1183,1249,1250,1254,1255
"1193",2781,2921,3014,2705,258,2934,3010,2858,2467,2615
"1194",20,21,22,23,34,35,39,41,47,48
"1195",258,2859,3011,3014,2934,3010,2936,3013,3012,2935
"1196",22,23,34,35,39,47,48,49,50,51
"1197",1173,1174,1178,1183,1254,1255,1259,1326,1335,1411
"1198",258,2859,2936,3011,3013,3014,2934,3010,3012,2935
"1199",22,23,34,35,39,47,48,49,50,51
"1200",2921,2858,2705,1782,2607,2997,2706,2862,2605,2781
"1201",1326,1418,1419,1574,1575,1576,1629,1633,1649,1650
"1202",1326,1418,1419,1574,1575,1576,1629,1633,1649,1650
"1203",2859,3011,3014,2936,3013,2934,3010,258,3012,2935
"1204",2859,3011,3014,2936,3013,2934,3010,258,3012,2935
"1205",3014,2859,3011,2934,3010,2936,3013,3012,2552,2856
"1206",55,56,487,507,636,1268,1629,1784,502,1938
"1207",3014,3011,2934,3010,2859,258,2554,2936,3013,3012
"1208",258,2859,2936,3011,3013,3014,3012,2934,3010,2935
"1209",3014,3011,2859,258,2936,3013,2934,3010,2552,3012
"1210",1326,1418,1419,1420,1573,1574,1575,1576,1577,1629
"1211",3014,2934,3010,2936,3013,2859,3011,3012,2552,2858
"1212",1,2,3,4,5,6,7,8,9,10
"1213",1,2,3,4,5,6,7,8,9,10
"1214",20,21,22,23,33,34,35,36,37,38
"1215",1,2,3,4,5,6,7,8,9,10
"1216",258,2859,3011,3014,2934,3010,2936,3013,3012,2857
"1217",2858,2705,2706,2775,2783,1418,1931,2704,2921,1855
"1218",22,23,34,35,39,48,49,50,51,52
"1219",22,23,34,35,39,47,48,49,50,51
"1220",2859,3011,3014,258,2936,3013,2934,3010,3012,2552
"1221",34,39,50,51,52,53,55,56,115,126
"1222",3014,2859,3011,2934,3010,2936,3013,3012,2552,2856
"1223",2705,3012,2781,1418,3014,2858,1931,2706,2921,2916
"1224",2858,2862,2861,3011,2785,2784,2018,2019,2462,2705
"1225",258,2859,2934,2936,3010,3011,3012,3013,3014,2935
"1226",1178,1183,1259,1326,1411,1418,1419,1420,1421,1422
"1227",3014,3011,2859,2934,3010,258,2936,3013,3012,2935
"1228",21,22,23,33,34,35,36,39,47,48
"1229",2705,3014,2706,2841,1782,2921,2605,2524,2626,2527
"1230",1174,1178,1183,1254,1255,1259,1326,1411,1412,1418
"1231",1,2,3,4,5,6,7,8,9,10
"1232",20,21,22,23,31,32,33,34,35,36
"1233",258,2859,3011,3014,2936,3013,2934,3010,3012,2935
"1234",1259,1326,1411,1418,1419,1420,1421,1422,1423,1496
"1235",3014,3011,2934,3010,2859,2936,3013,2552,3012,2856
"1236",3014,3011,2858,2934,3010,2859,2552,3006,258,2936
"1237",22,23,34,35,39,47,48,49,50,51
"1238",21,22,23,34,35,37,38,39,47,48
"1239",22,23,34,39,50,51,52,53,55,56
"1240",20,21,22,23,34,35,36,37,38,39
"1241",3014,2858,3011,3012,2934,3010,2936,3013,2532,2859
"1242",2858,3014,2783,3005,3006,2934,3010,3011,120,31
"1243",1107,1173,1174,1178,1183,1249,1254,1255,1259,1326
"1244",3014,2934,3010,2859,3012,2936,3013,2705,2706,2841
"1245",2775,2858,2705,2706,1418,1931,2783,1629,1855,2921
"1246",21,22,23,34,35,39,47,48,49,50
"1247",34,39,49,50,51,52,55,56,126,127
"1248",1259,1326,1411,1418,1419,1420,1421,1422,1423,1487
"1249",2934,3010,2858,2837,2989,2861,2462,2862,2552,3014
"1250",20,21,22,23,24,33,34,35,36,37
"1251",1,2,3,4,5,6,7,8,9,10
"1252",3014,2934,3010,3011,2936,3013,3012,2859,2552,2858
"1253",2921,2705,2781,2018,2997,2706,2019,2605,2858,2704
"1254",2705,2706,2858,2605,2783,1931,2606,2781,2607,2704
"1255",3014,3011,258,2934,3010,2936,3013,2859,3012,2935
"1256",1418,1419,1629,1650,1651,1709,1710,1727,1778,1804
"1257",22,23,34,35,39,49,50,51,52,53
"1258",1418,1419,1576,1629,1633,1650,1651,1652,1710,1727
"1259",1178,1183,1259,1326,1411,1412,1418,1419,1420,1421
"1260",258,2859,2934,2936,3010,3011,3013,3014,3012,2935
"1261",2921,2781,2705,2706,2532,2615,2997,2858,2605,2704
"1262",507,3014,508,431,2934,3010,880,3011,2859,725
"1263",20,21,22,23,24,25,33,34,35,36
"1264",20,21,22,23,33,34,35,36,39,41
"1265",21,22,23,33,34,35,36,37,38,39
"1266",258,3011,3014,2936,3013,2859,2934,3010,3012,2858
"1267",1418,1727,1854,1855,1930,1931,2005,2016,2524,2526
"1268",1,2,3,4,5,6,7,8,9,10
"1269",258,3011,3014,2859,2934,3010,2936,3013,3012,2858
"1270",3014,2858,3011,258,2934,3010,3012,2859,2936,3013
"1271",20,21,22,23,24,25,26,33,34,35
"1272",258,3011,3014,2859,2934,3010,2936,3013,3012,2858
"1273",20,21,22,23,33,34,35,36,39,41
"1274",2858,3014,3011,2934,3010,258,3006,2552,3012,2783
"1275",3014,3011,2934,3010,2859,2936,3013,3012,2552,2554
"1276",2859,2934,2936,3010,3011,3012,3013,3014,258,2935
"1277",20,21,22,23,34,35,36,37,38,39
"1278",3014,3011,2934,3010,2859,2936,3013,3012,2552,2935
"1279",1418,1629,1782,1855,1931,2016,2526,2527,2704,2705
"1280",2532,2921,2607,2018,2455,2781,2705,2858,2019,2763
"1281",2859,2934,2936,3010,3011,3012,3013,3014,2841,2935
"1282",2858,2934,3010,3014,2705,2781,2706,2607,2861,2462
"1283",21,22,23,34,35,37,39,47,48,49
"1284",2859,2934,2936,3010,3011,3012,3013,3014,258,2841
"1285",3014,2934,3010,2705,2532,3011,2552,2936,3013,2706
"1286",21,22,23,33,34,35,36,39,47,48
"1287",507,487,253,252,636,3014,1418,1709,3012,2705
"1288",3014,3011,258,2859,2936,3013,2934,3010,3012,2935
"1289",3011,3014,2859,2936,3013,2934,3010,3012,258,2935
"1290",2921,2705,2706,2781,1782,2997,2858,2704,2856,2615
"1291",258,2859,2936,3011,3013,3014,3012,2934,3010,2935
"1292",2921,2763,2858,2018,2019,2532,2455,2856,2467,2781
"1293",258,2859,2936,3011,3013,3014,3012,2934,3010,2935
"1294",34,35,39,51,52,53,55,56,109,131
"1295",20,21,22,23,24,25,26,32,33,34
"1296",3014,2858,2934,3010,3011,3012,2936,3013,2552,3006
"1297",21,22,23,34,35,39,47,48,49,50
