"","V1","V2","V3","V4","V5","V6","V7","V8","V9","V10"
"1",3022,3024,3020,2938,2977,2995,2950,3035,2758,2954
"2",2972,2981,2898,2976,2998,2918,2805,2991,2811,2960
"3",1258,1342,1173,1085,1370,1219,1028,1457,1645,459
"4",3003,2763,2705,2953,2989,2994,2945,3034,2672,2598
"5",268,332,189,173,300,499,395,203,247,208
"6",465,1501,406,513,370,385,1447,1377,296,2444
"7",2055,2354,1877,1780,50,2127,1983,38,2237,1724
"8",2354,2180,2286,2383,2256,2195,2044,2279,2172,2469
"9",2802,2306,2351,2307,2363,2301,2823,2252,2734,2783
"10",1617,1798,2015,2120,2192,1933,2140,1101,1826,79
"11",617,747,544,830,837,672,1146,488,768,586
"12",2298,2397,2358,2393,2380,2441,2671,2343,2711,2349
"13",2309,2312,2365,2349,2397,2360,2298,2380,2441,2303
"14",3000,3038,2910,3007,2981,2916,2857,2972,2961,3024
"15",2044,1943,1891,2391,2180,1923,1976,2142,1877,2094
"16",2619,2457,2819,2583,2806,2770,2540,2498,2623,1932
"17",1653,1559,1656,2044,2110,2208,1529,1688,1558,2121
"18",2624,2019,2074,2797,2068,2106,2743,1951,2642,2755
"19",3038,2977,2733,3000,2762,3003,2996,2758,3030,2672
"20",3003,2966,2840,2954,2977,3015,2997,2967,2879,3034
"21",2414,2540,2309,2312,2365,2349,2733,2602,2618,2402
"22",1447,459,1501,674,1344,846,465,1094,1450,1539
"23",1344,1397,1447,795,893,965,1170,1334,1264,846
"24",66,58,8,19,196,192,1814,105,28,1653
"25",2354,2180,2044,2121,2334,2058,1798,2015,2120,2192
"26",2995,3022,2954,2786,2848,2751,2897,2950,2953,2989
"27",2954,3024,2916,2967,2860,2872,2816,2897,2927,2968
"28",247,41,1392,388,1537,1541,1274,1054,1771,1785
"29",2764,2675,2281,2822,2901,2690,2908,2846,3001,2649
"30",2446,2472,2481,2349,2397,2281,2400,2477,2439,2524
"31",2189,2360,2162,2477,2229,2232,2026,2070,2174,2077
"32",2806,2770,2675,2910,2772,2768,2540,2841,2413,2865
"33",2360,2189,2232,2298,3007,2916,2303,2477,2269,2516
"34",2298,2360,2397,2303,2229,2349,2269,2380,2441,2309
"35",2044,2180,2110,2142,1891,2094,1983,1943,1780,2208
"36",2954,3003,2860,3024,2966,2967,2897,2454,2806,2997
"37",1660,67,2223,1891,1797,1641,2299,2391,1585,1913
"38",2155,1653,2231,1452,1630,1558,2329,2195,1957,2117
"39",2110,2208,2094,140,1344,2058,2180,1453,2171,2121
"40",2904,3001,3003,3036,3014,3018,2962,2946,2881,2848
"41",2324,465,853,513,1447,1546,2226,1501,956,856
"42",2975,3007,2992,2988,3013,2980,2855,1416,1864,923
"43",875,853,199,1501,1039,1450,1539,1377,1447,192
"44",2772,2526,2668,2954,2843,2957,3039,2606,2983,2918
"45",2309,2312,2365,2268,2303,2400,2762,2260,2397,2214
"46",98,41,38,6,27,52,192,138,30,31
"47",2733,2667,2309,2312,2365,2701,2715,2602,2618,2516
"48",2134,2360,2086,2232,2026,2070,2174,2298,3007,2189
"49",2298,2397,2448,2358,2393,2604,2380,2441,2402,2944
"50",2397,2400,2309,2312,2358,2393,2365,2380,2441,2298
"51",2341,2425,2334,2431,1700,2426,2233,1488,1499,2238
"52",2334,2354,2235,1798,2015,2120,2192,1933,2140,2242
"53",2629,2298,2835,3028,2739,2850,2887,2539,2795,2633
"54",2954,2903,2860,2728,2656,2966,3024,2672,3003,2623
"55",1653,1488,1558,1529,1688,1609,2341,2425,2237,2318
"56",728,1617,1826,2910,1933,2140,804,872,1406,1113
"57",2540,2309,2312,2288,2281,2397,2365,2343,2360,2339
"58",1344,1455,1392,1447,1541,1501,795,893,965,1397
"59",2052,2077,1975,1876,2189,2222,1878,1959,2026,2070
"60",2954,3024,2728,2967,2860,2703,2841,2820,2903,2916
"61",1344,1397,465,1447,1455,795,893,965,674,1264
"62",3003,3034,2840,2977,2879,3015,2967,2672,2854,2954
"63",3022,2897,2954,3024,2995,3002,3020,2967,2985,2820
"64",2222,2281,2077,2189,2026,2070,2174,2236,1876,2086
"65",2860,2841,2954,2878,2880,3024,2590,2413,2903,2830
"66",2674,2457,2379,2436,2334,2643,1839,2522,2431,1932
"67",2236,2298,2281,2077,2360,2052,2090,2397,2162,2202
"68",2281,2643,2222,3001,2675,2236,2464,2846,2822,2576
"69",853,1344,140,183,1450,1539,1397,875,1447,1570
"70",2133,1395,1495,1497,1328,1298,1498,1406,1929,1247
"71",40,55,44,46,21,19,9,110,50,72
"72",189,1258,1342,203,173,574,140,1370,1173,118
"73",2954,3024,2728,2967,3003,2820,2910,2977,3039,2997
"74",2477,2309,2312,2365,2439,2380,2441,2667,2358,2393
"75",1455,1344,1392,1332,1189,1541,1397,795,893,965
"76",2643,2773,2675,2281,2846,2714,2236,2288,2698,2782
"77",853,1720,1838,2324,1447,795,893,965,1501,2334
"78",2446,2472,2481,2156,2524,2349,2571,2762,2309,2312
"79",875,86,459,133,91,853,545,145,395,1501
"80",2590,2878,2880,2504,2623,2830,2413,2806,2770,2860
"81",2360,2298,2397,2162,2077,2229,2148,2303,2269,2309
"82",2397,2298,2281,2236,2360,2380,2441,2349,2202,2162
"83",2281,2675,2772,2236,2777,2910,2540,3039,2954,2714
"84",2903,3003,2954,2672,2860,2966,2413,2623,3024,2598
"85",140,157,118,1344,183,1447,1455,853,1392,1541
"86",2309,2312,2365,2397,2360,2229,2268,2380,2441,2303
"87",2724,2672,2656,2705,2686,2598,2848,2690,2728,2651
"88",2755,2793,2711,2624,2893,3032,2555,1960,3016,2881
"89",2860,2977,2758,2986,3005,3010,3024,2901,2820,3003
"90",875,853,98,199,192,1455,1304,1392,1450,1539
"91",2763,2953,2989,2994,2950,2945,2672,2598,2786,2724
"92",1826,1499,1512,1733,1405,2238,2114,1488,2354,1618
"93",2792,2862,2802,2365,2823,2827,2400,2303,2845,2757
"94",1541,1455,1392,1608,1332,1447,1132,1397,1189,1382
"95",1397,1344,956,1441,856,1220,789,1191,757,465
"96",2540,2457,2674,3038,2675,2503,2981,2762,2667,2691
"97",1344,1397,795,893,965,1369,956,1220,789,1264
"98",2643,2675,2773,2846,2714,3001,2764,2904,2777,2843
"99",2281,2222,2236,2446,2472,2481,2164,2477,2189,2298
"100",1344,795,893,965,1170,846,1264,140,1369,1261
"101",2303,2269,2229,2309,2312,2072,2365,2214,2360,2268
"102",98,853,1653,875,192,199,1455,1558,1392,1501
"103",853,140,1344,875,183,1304,1450,1539,1039,157
"104",647,681,1269,1397,830,1054,586,1146,503,553
"105",50,38,56,133,91,88,98,162,11,65
"106",2349,2400,2397,2309,2312,2365,2358,2393,2380,2441
"107",3034,2953,2989,2994,2954,2724,2786,2950,3003,3022
"108",1455,1344,1189,1264,1397,1261,1332,1979,851,1043
"109",2590,2830,2841,2537,2802,2903,2654,2966,2860,2878
"110",1344,795,893,965,1170,846,1334,1264,1397,1369
"111",2281,2349,2397,2446,2472,2481,2380,2441,2477,2309
"112",2711,2303,2214,2762,2365,2802,2757,2755,2793,2400
"113",199,192,853,66,1455,1392,875,138,1963,41
"114",2954,3024,2728,2967,2872,2860,2820,2927,2968,2910
"115",2303,2269,2229,2309,2312,2365,2214,2360,2268,2380
"116",875,406,2397,2365,853,370,385,2309,2312,2349
"117",2972,2309,2312,2365,2629,2397,2691,2360,2981,2268
"118",2643,2773,2675,2846,2281,2698,2782,2360,2714,2881
"119",2397,2281,2309,2312,2365,2380,2441,2343,2360,2349
"120",2303,2214,2802,2862,2788,2309,2312,2365,2479,2845
"121",2397,2298,2380,2441,2358,2393,2349,2477,2400,2439
"122",1541,1608,1392,1455,1269,1693,1760,1397,1549,1906
"123",2229,2380,2441,2303,2269,2349,2214,2477,2400,2439
"124",2802,2309,2312,2306,2365,2400,2823,2762,2792,2307
"125",2827,2540,2339,2792,2439,2593,2574,2527,2281,2446
"126",3003,2953,2989,2994,3034,2945,2966,2954,2950,3022
"127",1455,199,1189,1653,1344,1332,1529,1688,1558,851
"128",1720,1571,1729,1344,2121,1838,795,893,965,1505
"129",2998,2918,2358,2393,2972,2960,2309,2312,2365,2801
"130",2629,2580,2691,2540,2791,2549,2972,2960,2721,2610
"131",2446,2472,2481,2477,2281,2492,2439,2542,2349,2298
"132",2354,1798,2015,2120,2192,2136,1826,2235,2114,2238
"133",2916,2691,2918,2998,2972,2960,2857,2703,2816,2860
"134",1455,66,1979,1392,199,1541,1838,1189,1447,2057
"135",1101,1344,1499,2487,2136,1940,2238,907,2244,2114
"136",853,199,192,875,1392,1455,1039,1450,1539,1979
"137",1541,1608,1455,1392,1549,1054,1332,1269,1546,1693
"138",2881,3014,2904,3001,2962,2926,2288,2928,3018,3004
"139",1653,1488,1558,1529,1688,1455,1392,1541,1609,1838
"140",2298,2397,2202,2360,2162,2229,2148,2182,2026,2070
"141",1344,674,647,681,459,778,795,893,965,1447
"142",2830,2857,2871,2397,2550,2878,2880,2504,2351,2818
"143",2325,2644,2709,2675,2918,2873,2998,2631,2640,2972
"144",2878,2880,2504,2691,2830,2860,2916,2894,2841,2806
"145",1541,1455,1608,1392,1332,1549,1546,1447,1054,1269
"146",1609,2318,2237,1488,2341,2425,1826,2187,1512,1733
"147",2397,2380,2441,2298,2281,2343,2236,2349,2792,2229
"148",2902,3001,2991,3000,2868,2904,2846,2959,2926,2919
"149",2303,2269,2229,2214,2309,2312,2365,2189,2360,2232
"150",853,38,875,1039,1304,2110,140,1450,1539,1344
"151",2354,1940,2244,2172,2286,2180,1529,1688,2055,2048
"152",1397,647,681,1269,956,1344,1220,856,1191,789
"153",2324,2226,465,1344,2342,2328,2408,1397,2478,183
"154",2325,2918,2709,2972,2640,2981,2998,2811,2557,2960
"155",2477,2439,2351,2446,2472,2481,2492,2520,2542,2380
"156",1344,1397,795,893,965,956,1441,1170,1220,856
"157",853,1344,875,140,1450,1539,1304,1039,795,893
"158",1455,1653,1618,1392,2354,1499,1558,1724,1189,1488
"159",199,1455,1392,853,1979,1189,1541,192,1332,1344
"160",2873,2918,2768,2910,2916,2801,2816,2833,2557,2972
"161",1455,1392,1189,1332,1541,1344,1397,1132,851,1264
"162",2667,2733,2918,2309,2312,2365,2801,2592,2380,2441
"163",1344,1397,1441,795,893,965,956,856,1170,1220
"164",98,853,1455,1452,875,192,1392,1653,1541,199
"165",1344,1264,1334,1261,1397,795,893,965,1455,1170
"166",2954,3024,2728,3003,2967,2966,3039,2997,2977,2872
"167",1455,98,1332,1189,1397,1132,114,853,1043,1122
"168",2303,2214,2309,2312,2365,2360,2162,2229,2762,2268
"169",3003,2954,2966,3024,3034,2848,2840,2967,2997,2860
"170",1189,1455,851,1334,1264,1392,1122,1043,1344,1261
"171",2675,2772,3000,2540,2910,2777,2865,2961,3001,2902
"172",1660,1891,1585,67,121,2299,1957,1454,1818,285
"173",2857,2830,2818,2871,2827,2516,2550,2351,2916,2878
"174",2324,465,513,2226,2387,2328,2408,2478,956,2522
"175",2954,3024,2728,2967,2820,2860,2897,3022,2927,2968
"176",2360,2303,2281,2269,2773,2236,2643,2309,2312,2365
"177",501,875,459,923,853,545,781,590,395,1028
"178",853,2133,1614,465,1920,2030,1929,1147,1171,1806
"179",66,1609,1488,2237,2341,2425,1653,2187,2318,1700
"180",2354,1826,1940,1529,1688,2244,2195,2172,2286,2055
"181",2354,2180,1826,1529,1688,1733,2195,2172,2136,2286
"182",2303,2214,2365,2309,2312,2762,2360,2162,2268,2105
"183",2298,2397,2360,2380,2441,2303,2269,2349,2792,2400
"184",1392,1455,1541,1332,1189,1447,1132,1397,1344,851
"185",1653,1529,1688,1558,2237,1940,2208,2318,2244,2110
"186",2691,2768,2629,38,2972,2580,2309,2312,2365,2397
"187",2360,2077,2162,2229,2303,2269,2148,2298,2214,2309
"188",30,3039,2860,199,42,2878,2880,2504,66,2623
"189",2802,2862,2845,2879,2303,2645,3003,2214,2788,2840
"190",2380,2441,2397,2349,2400,2477,2439,2309,2312,2358
"191",1344,795,893,965,1170,846,140,1397,1264,1334
"192",2299,2044,1489,1624,1418,1600,1672,1753,1891,1269
"193",853,140,1344,2110,183,875,1304,2208,157,1450
"194",2072,2189,2229,2232,2303,2156,2309,2312,2269,2365
"195",2306,2802,2252,2307,2363,2845,2351,2590,2124,2827
"196",2281,2349,2397,2446,2472,2481,2380,2441,2438,2477
"197",2972,2918,2960,2998,2981,2833,2557,2987,2982,2801
"198",2829,2978,2764,2984,3009,2943,2980,2945,2900,3011
"199",2281,2222,2236,2464,2576,2764,2643,2675,2822,2773
"200",2360,2303,2269,2229,2162,2214,2309,2312,2349,2298
"201",2303,2269,2309,2312,2229,2365,2214,2268,2380,2441
"202",2189,2802,3039,2862,2788,2229,2232,2845,2016,2111
"203",1932,1839,1978,2379,2457,2334,2619,1700,1649,2436
"204",853,140,1344,875,1304,2208,1450,1539,1039,183
"205",2397,2477,2439,2309,2312,2365,2380,2441,2446,2472
"206",3009,2893,3016,2928,2984,2943,3032,3027,2881,2945
"207",2733,2629,2777,2581,2998,2667,2540,2691,2981,2602
"208",2354,55,1101,221,1983,907,46,1940,2231,1536
"209",2281,2477,2446,2472,2481,2492,2542,2349,2397,2307
"210",2820,2819,2910,2915,2954,2540,2806,2770,2672,2707
"211",2281,2464,2822,2222,2672,2576,2236,2410,2518,2831
"212",1940,1983,2354,2244,1536,2231,1728,1780,2055,2048
"213",2954,3003,2728,3024,2910,2966,2997,2967,2820,3000
"214",2354,1101,1940,1499,1983,2244,2136,1728,1780,2238
"215",2827,2574,2916,2309,2312,2134,2667,2365,2516,2527
"216",2303,2360,2269,2365,2397,2380,2441,2309,2312,2298
"217",2705,2764,2690,2763,2829,2741,2679,2614,3009,2984
"218",1455,1501,1392,875,1189,199,1541,1332,853,1447
"219",2916,2857,2972,2818,199,2477,2309,2312,2439,2365
"220",2954,3024,2910,2728,2967,2820,3039,2997,2860,3003
"221",140,183,118,148,157,104,158,119,459,1225
"222",49,40,92,5,58,168,30,12,28,8
"223",2298,2360,2077,2397,2351,2148,2026,2070,2174,2162
"224",1541,66,1392,1455,1132,8,1397,2057,1452,1979
"225",2222,2236,2281,2189,2090,2077,2477,2446,2472,2481
"226",3000,2846,2777,2910,3001,2820,2954,2773,2868,2902
"227",2857,2916,2703,2901,2830,2878,2880,2504,2871,2894
"228",2431,2233,1979,1838,1455,2334,1392,66,2341,2425
"229",2360,2309,2312,2397,2365,2380,2441,2349,2268,2303
"230",853,1397,1171,926,875,1304,1191,1039,1450,1539
"231",2281,2477,2439,2397,2446,2472,2481,2492,2542,2827
"232",2707,1826,1733,1617,46,2763,2114,2136,2615,1931
"233",2953,2989,2994,3003,2724,2686,3034,2848,2672,2598
"234",2360,2077,2162,2229,2281,2052,2236,2303,2269,2214
"235",2052,2077,2189,2222,1975,1876,2026,2070,2174,2360
"236",2946,2959,2904,2962,2885,3001,2843,2881,2958,2863
"237",2303,2214,2309,2312,2365,2360,2162,2802,2268,2762
"238",2802,2645,3003,2903,2654,2616,2635,2687,2306,2879
"239",1397,1269,1191,956,1220,789,856,647,681,1745
"240",55,1101,1983,907,1780,2055,1536,2127,1499,187
"241",2349,2303,2229,2214,2380,2441,2446,2472,2481,2269
"242",2954,2860,2623,2903,2672,3024,2806,3003,2967,2796
"243",2910,3003,2954,3024,2966,2843,2977,2975,2675,2992
"244",853,140,2110,875,183,2208,1304,1039,1344,1450
"245",923,1416,1576,1028,1548,1258,1342,1515,1535,1457
"246",2822,3001,2576,2672,3003,2622,2222,2464,2840,2749
"247",1344,795,893,965,1170,846,1264,1397,1334,1261
"248",1455,1541,1392,41,1119,1155,1332,1447,853,1272
"249",1846,1149,1944,2057,1899,1778,1766,1526,1569,1783
"250",2590,2830,2664,2306,2802,2645,2616,2635,2687,2857
"251",395,304,588,480,364,460,419,384,2303,344
"252",199,1455,1392,853,192,1189,1447,1332,1541,1501
"253",853,140,1344,183,2110,114,157,875,2208,1571
"254",2860,2878,2880,2504,2894,2606,2916,2623,2776,2830
"255",2397,2298,2360,2202,2792,2380,2441,2162,2229,2349
"256",199,192,875,66,853,41,98,138,30,1653
"257",2360,2229,2303,2269,2214,2189,2309,2312,2365,2349
"258",30,42,8,199,138,2360,66,2077,3039,2026
"259",1455,853,1189,1332,1344,875,1264,1261,1043,1397
"260",2077,2148,2052,2360,2162,2298,2229,2046,2026,2070
"261",2281,2222,2077,2189,2360,1876,1878,1959,2229,2162
"262",2540,2281,2360,2077,2236,2303,2148,2269,2162,2229
"263",2306,2823,2351,2802,2307,2363,2734,2303,2295,2252
"264",38,50,56,133,91,238,39,85,65,162
"265",2026,2070,2174,2189,2086,2360,2077,2134,2162,2232
"266",2679,2763,2705,3009,2829,2696,2764,2690,2978,2825
"267",1838,2334,1617,2431,1653,1488,1529,1688,1344,1558
"268",2354,1940,2244,1529,1688,1728,1780,2172,2286,2055
"269",2380,2441,2349,2400,2360,3001,2439,2926,2309,2312
"270",2802,2862,2788,2845,2479,2859,2645,2762,2877,3003
"271",2324,2334,2341,2425,1621,2431,2319,1933,2140,465
"272",1501,1344,1447,1303,1043,1397,1094,1623,1683,86
"273",2077,2776,2360,2148,2862,2026,2070,2174,2781,2086
"274",1258,1342,1457,923,1548,1028,29,34,1085,189
"275",2303,2214,2309,2312,2365,2400,2360,2162,2298,2268
"276",2303,2214,2400,2298,2309,2312,2365,2358,2393,2236
"277",2334,2431,2233,2341,2425,2114,2426,2322,2502,2238
"278",2938,3024,2977,3022,2954,3020,2910,2967,3000,2925
"279",2298,2980,2148,3028,2937,2026,2070,2174,2397,2360
"280",2477,2134,2086,2026,2070,2174,2298,2446,2472,2481
"281",875,853,1258,1342,459,1450,1539,1377,506,888
"282",1043,1189,1344,1264,1122,1397,1261,1979,851,1334
"283",3024,2954,3039,2977,3022,2986,3005,3010,2925,2728
"284",2477,2439,2446,2472,2481,2492,2542,2380,2441,2520
"285",2324,2226,1720,1505,1612,853,1393,875,2314,1389
"286",3024,3039,3038,3000,3020,2916,2954,3007,3022,3002
"287",2309,2312,2540,2365,2397,2360,2281,2629,2162,2288
"288",41,247,1274,140,1408,388,1771,119,1054,1785
"289",3003,3015,2966,2954,2946,2886,2879,2977,2928,3012
"290",2303,2214,2309,2312,2365,2360,2162,2268,2105,2400
"291",2349,2397,2281,2477,2298,2380,2441,2446,2472,2481
"292",2397,2380,2441,2349,2298,2477,2281,2400,2309,2312
"293",2222,2281,2026,2070,2174,2077,2189,2086,2360,2052
"294",2802,2590,2830,2616,2635,2687,2664,2879,2673,2638
"295",66,8,4,31,30,19,459,1975,41,2189
"296",2281,2360,2162,2077,2229,2189,2303,2269,2446,2472
"297",2358,2393,2750,2309,2312,2365,2757,2795,2400,2792
"298",1344,795,893,965,1170,846,1397,1264,1261,1369
"299",2309,2312,2365,2268,2972,2380,2441,2303,2269,2349
"300",1501,1397,1447,1344,1623,1683,1303,1043,1369,1264
"301",2077,2281,2360,2162,2189,2229,2222,2303,2236,2269
"302",2281,2236,2360,2164,2229,2349,2298,2077,2397,2202
"303",1054,1771,1408,1785,1847,1149,1863,41,1541,1296
"304",1653,1529,1688,1499,2354,1983,1536,1940,1826,2244
"305",1501,66,1541,8,875,1455,1392,1132,58,1623
"306",2397,2477,2439,2351,2298,2818,2380,2441,2446,2472
"307",2298,2397,2360,2380,2441,2303,2202,2229,2269,2477
"308",1499,1101,2136,1940,2487,2238,907,1344,1983,2244
"309",199,853,192,875,1455,1392,1979,1304,1653,1450
"310",2281,2446,2472,2481,2477,2349,2439,2222,2524,2156
"311",2303,2214,2105,2400,2309,2312,2365,2298,2222,2250
"312",2142,2180,2110,2094,2044,1101,2208,55,2231,1934
"313",2309,2312,2365,2972,2229,2268,2981,2349,2380,2441
"314",1546,1541,1258,1342,1447,1457,1906,459,1970,830
"315",1720,1838,1505,1612,1393,1617,2110,2334,1389,2208
"316",2397,2477,2380,2441,2439,2298,2349,2446,2472,2481
"317",2189,2229,2232,2026,2070,2174,2016,2111,2150,2802
"318",2298,2134,2360,2397,2309,2312,2358,2393,2365,2972
"319",2077,2026,2070,2174,2086,2148,2189,2134,2360,2162
"320",140,2208,183,853,2110,157,118,1344,875,2409
"321",2827,2301,2213,2167,2306,2783,2792,2400,2160,2297
"322",3003,2966,2977,2954,3015,2997,2967,2945,2993,3025
"323",2413,2576,2454,2464,2749,2590,2675,2830,2355,2672
"324",1720,1838,1505,1612,1393,2334,1617,2110,2208,1389
"325",2281,2446,2472,2481,2349,2397,2477,2439,2492,2380
"326",2303,2214,2189,2862,2309,2312,2802,2365,2229,2479
"327",2019,2074,2303,2214,2068,2106,2066,1951,2131,2177
"328",2309,2312,2757,2365,2358,2393,2802,2792,2349,2268
"329",2281,2077,2360,2162,2229,2052,2303,2269,1975,2309
"330",1397,1369,1344,1874,2094,2142,956,1220,2057,789
"331",875,853,98,199,192,66,1455,1450,1539,1039
"332",2334,2354,1617,40,2180,1798,2015,2120,2192,2235
"333",2309,2312,2397,2365,2360,2268,2516,2298,2380,2441
"334",923,1416,1028,1548,1864,2229,2303,459,395,2269
"335",2281,2298,2397,2349,2477,2360,2380,2441,2236,2077
"336",2148,2026,2070,2174,2298,2077,2360,2086,2134,2162
"337",1455,1392,1447,1541,1189,1332,1501,1043,1344,1979
"338",2298,2077,2148,2026,2070,2174,2122,2397,2360,2182
"339",1720,1838,1393,1395,1505,1612,1406,1203,1617,1389
"340",1541,1392,1269,1455,1332,1608,1693,1397,647,681
"341",2802,2788,2823,2616,2635,2687,2590,2830,2664,2845
"342",1447,1899,1970,1745,2084,1546,1906,465,1541,1344
"343",2077,2281,2360,2162,2229,1876,1878,1959,2164,2095
"344",1397,647,681,956,1269,1745,1220,830,789,1344
"345",2977,3024,2758,3039,3022,2820,3020,2967,2986,3005
"346",1332,1189,1132,851,1261,1455,1094,1072,501,1354
"347",2972,2581,2667,2134,2540,2298,2593,2671,2397,2574
"348",1397,1541,1441,1191,956,856,1220,789,1546,757
"349",1101,1107,1203,1210,1115,1004,928,1125,1093,1406
"350",2281,2222,2477,2077,2189,2052,2211,2360,2162,2446
"351",2860,2954,3024,2623,2903,2728,2841,2878,2880,2967
"352",2397,2309,2312,2365,2380,2441,2360,2691,2629,38
"353",2857,2916,2901,2703,2830,2818,2827,2931,2871,2736
"354",3039,2134,3035,2298,2360,2026,2070,2174,3038,2086
"355",2918,2914,2873,2910,2833,2916,2981,2768,2557,2800
"356",41,2044,183,247,203,118,2142,148,1454,189
"357",853,875,199,1455,1392,1304,1450,1539,1039,192
"358",2763,2829,2945,2764,2690,2975,2943,2705,2900,3003
"359",2972,2801,2873,2805,2981,2918,2916,2507,2857,2380
"360",2349,2446,2472,2481,2477,2162,2229,2281,2380,2441
"361",2675,2714,2843,2764,2773,2910,2702,2643,2772,3003
"362",465,513,2324,956,856,399,1447,1501,795,893
"363",2044,2142,2094,1891,1641,46,2231,1489,55,1934
"364",1101,1940,2244,2136,1728,1499,2238,1780,2231,2180
"365",2324,465,513,2342,2226,399,2328,2408,2317,2478
"366",2161,2157,2400,2309,2312,2457,2175,2610,2360,1849
"367",2077,2360,2281,2162,2229,2303,2269,2236,2214,1876
"368",2360,2281,2077,2052,2162,2298,2229,2148,2303,2269
"369",2324,465,2226,2342,2328,2408,2478,513,2285,1533
"370",1452,1541,1054,1455,41,2057,1132,1608,2323,1397
"371",2044,2142,2094,2391,1891,2180,1934,2110,46,1997
"372",2309,2312,2365,2762,2757,2268,2636,2358,2393,2750
"373",2397,2298,2380,2441,2629,2349,2477,2360,2400,2439
"374",3024,3039,2954,3035,3023,3022,2995,3000,2916,2967
"375",2222,2211,2236,2164,2307,2363,2351,2252,2306,2090
"376",1609,2341,2425,2318,1488,2237,2233,1826,2426,2431
"377",2142,2044,1891,2094,1934,1489,2391,1943,46,2180
"378",3024,2954,3003,3039,2977,2967,2966,2986,3005,3010
"379",2691,2629,2540,2530,2580,2972,2791,2960,2549,2721
"380",2982,2972,2981,2949,2298,2960,2987,3038,2726,2942
"381",2606,2865,2860,2629,2878,2880,2504,2691,2972,199
"382",2354,2136,2114,1826,2238,2180,1733,1529,1688,2195
"383",2077,2026,2070,2174,2360,2086,2189,2148,2162,2229
"384",1452,1653,1054,41,1558,1771,2231,192,1541,1392
"385",3024,3039,3000,2954,3023,2672,2772,3022,3038,2910
"386",2981,2998,3038,2972,2987,2914,3023,2910,2918,3024
"387",1720,1838,1505,1612,1393,2110,2121,1344,1617,2208
"388",2349,2309,2312,2365,2400,2397,2380,2441,2446,2472
"389",1826,1983,2055,1536,1780,1499,1512,1724,2127,1405
"390",2288,2236,2400,2624,2928,2281,2260,2222,2535,2157
"391",1344,795,893,965,1170,1397,846,1334,1264,1441
"392",2873,2972,2691,2768,2981,2833,2557,2801,2976,2910
"393",2306,2827,2167,2792,2307,2363,2301,2351,2252,2802
"394",1488,1653,2237,1609,2334,1838,2341,2425,2431,2318
"395",1189,1132,1653,1397,1043,1122,851,1618,2494,1264
"396",2057,1397,1979,1132,1344,1054,1653,1771,2323,1043
"397",40,79,2707,53,1617,2334,1798,2015,2120,2192
"398",853,1344,183,1397,875,956,140,1220,789,795
"399",3039,3024,3035,3023,3038,2954,3000,3007,2995,2728
"400",1455,853,1392,1344,140,1541,118,183,1397,1332
"401",2477,2189,2072,2232,2439,2303,2269,2446,2472,2481
"402",1541,1392,1455,1054,1608,1332,1771,1785,1847,1149
"403",3039,3024,3035,2606,3023,2954,2661,2385,2995,3038
"404",2540,2819,2806,2770,2820,2776,2672,2728,2841,2413
"405",2397,2298,2349,2202,2380,2441,2477,2360,2162,2229
"406",2879,2996,2832,3012,2993,3025,3015,3014,2896,3003
"407",1344,1397,1447,1264,1334,1261,1455,795,893,965
"408",2707,2786,3022,2954,3024,2728,2778,2724,2651,2950
"409",2938,2977,3012,3024,1235,2954,3000,2967,899,2969
"410",2298,2077,2397,2122,2360,2148,2202,2236,2162,2229
"411",2189,2052,2077,2222,2360,2026,2070,2174,2236,2162
"412",2299,1826,1512,1983,1536,1492,1405,1931,1891,2238
"413",2477,2351,2857,2446,2472,2481,2397,2492,2439,2542
"414",1344,795,893,965,1264,1170,1261,1397,846,1334
"415",1978,2334,1649,1762,2431,1932,1933,2140,2522,1839
"416",3003,2966,2954,2910,2977,2763,3024,3000,2758,2997
"417",1132,1397,1455,1557,1191,1269,1332,2494,956,1220
"418",2281,2222,2446,2472,2481,2236,2477,2189,2524,2439
"419",2334,1798,2015,2120,2192,1933,2140,40,2235,1617
"420",2540,2288,2281,2503,2636,2236,2667,2629,2762,2691
"421",1541,1608,41,1455,1392,1546,1549,1447,247,1332
"422",2829,2978,2764,2984,2980,3009,3011,2943,2993,3025
"423",1344,1940,2244,1983,1728,2180,1780,2487,2055,2048
"424",2044,1541,2142,1624,1891,1489,1672,1753,1608,1455
"425",3003,2966,3034,2954,2840,2977,3024,2848,2997,2967
"426",2325,2675,2918,2709,2631,2777,2988,2644,2856,2843
"427",2802,2823,2788,2845,2735,2862,2616,2635,2687,2830
"428",2298,2026,2070,2174,2134,2250,2086,2351,2148,2397
"429",1344,795,893,965,1170,846,1397,1264,1334,1261
"430",2764,2829,2984,2978,2943,2945,2690,2705,2900,3009
"431",1455,1392,1541,1447,1501,1332,1608,853,1189,1546
"432",304,359,344,1051,300,419,364,1118,923,2380
"433",1541,1546,1608,1397,1760,1447,1899,1455,1392,647
"434",2298,2397,2360,2182,2148,2358,2393,2303,2380,2441
"435",2857,2916,2703,2830,2901,2871,2818,2736,2827,2550
"436",2739,2629,2972,2397,2860,2918,2540,30,2878,2880
"437",2298,2397,2358,2393,2026,2070,2174,2360,2086,2477
"438",2281,2349,2397,2477,2446,2472,2481,2380,2441,2438
"439",1979,2057,1480,1770,853,875,1591,1374,66,1668
"440",1983,2114,2055,1780,1499,2136,1101,1798,2015,2120
"441",2303,2214,2400,2105,2309,2312,2365,2298,2202,2397
"442",2077,2360,2148,2162,2229,2052,2303,2269,2236,2298
"443",2802,2306,2823,2351,2734,2307,2363,2862,2845,2735
"444",1344,140,1392,1455,795,893,965,183,1264,1170
"445",2303,2269,2229,2380,2441,2349,2309,2312,2365,2214
"446",2446,2472,2481,2189,2524,2477,2349,2439,2440,2232
"447",2044,46,2142,67,2094,1891,55,1641,2391,2299
"448",199,853,1455,875,98,192,1344,1332,1189,1653
"449",2446,2472,2481,2156,2521,2414,2281,2776,2540,2189
"450",2309,2312,2827,2365,2762,2303,2214,2792,2757,2268
"451",2446,2472,2481,2156,2571,2802,2565,2189,2845,2440
"452",853,875,1452,41,1541,1039,1450,1539,1392,1225
"453",853,875,1039,1450,1539,98,1304,1963,199,1392
"454",3039,2222,2189,2281,2077,2026,2070,2174,2360,3035
"455",2954,3024,2728,2967,2997,3003,2820,2966,2872,3039
"456",2328,2408,2324,1596,2299,2187,1651,2226,2044,1488
"457",2978,2980,3009,2829,2937,3028,3018,3029,2984,2764
"458",2303,2214,2309,2312,2365,2762,2360,2162,2268,2400
"459",2309,2312,2365,133,1002,91,2733,2268,2380,2441
"460",2981,2873,2910,2745,2914,2991,2805,2976,2691,3019
"461",2360,2298,2303,2269,2309,2312,2365,2397,2229,2162
"462",2763,2786,2945,2953,2989,2994,2707,2598,2950,2614
"463",2303,2214,2229,2309,2312,2365,2269,2360,2268,2162
"464",2281,2643,2675,3001,2576,2846,2464,2236,2222,3000
"465",3022,2707,2910,40,2995,2786,2954,79,3024,2751
"466",3014,2996,2993,3025,3012,3015,2886,2879,2931,2929
"467",1653,192,199,1558,1452,66,98,2329,41,2195
"468",2802,2788,2823,2735,2734,2645,2616,2635,2687,2845
"469",3003,2966,2954,2977,3024,2903,3034,2775,2967,2997
"470",2802,2306,2788,2734,2735,2823,2645,2616,2635,2687
"471",2281,2397,2349,2380,2441,2477,2446,2472,2481,2343
"472",2189,2222,2077,2281,2026,2070,2174,2360,2162,2229
"473",2281,2397,2349,2309,2312,2365,2477,2360,2380,2441
"474",41,140,183,31,157,2044,118,2142,126,148
"475",2360,2052,2077,2281,2229,1975,2162,2303,2148,2269
"476",2222,2281,2236,2164,2446,2472,2481,2189,2524,2077
"477",2298,2397,2360,2202,2077,2162,2122,2229,2380,2441
"478",2077,2026,2070,2174,2148,2086,2134,2298,2189,2360
"479",2303,2269,2309,2312,2365,2360,2229,2268,2232,2380
"480",2910,3000,3038,3024,3023,2954,2606,2772,3039,3007
"481",2397,2805,2604,2380,2441,2765,2792,2930,2298,2559
"482",1455,1392,1541,1344,1447,1397,1189,1332,1132,1043
"483",1392,1653,1455,853,1541,1447,1529,1688,1332,1344
"484",2733,2972,2918,2667,2833,2873,2557,2660,2981,2636
"485",1344,1397,1264,795,893,965,1261,1334,1170,846
"486",2916,2878,2880,2504,2770,2703,2857,2894,2830,2806
"487",853,199,875,1392,192,1455,1963,98,1653,1541
"488",2397,2400,2309,2312,2281,2365,2349,2298,2202,2360
"489",1455,1392,1501,1344,1541,1332,1397,199,1189,1447
"490",3003,2946,2966,2848,2954,2843,2959,2977,2840,3024
"491",465,513,2044,406,2334,2328,2408,1344,1933,2140
"492",2114,2136,2334,2238,2180,1101,2354,2322,2487,1940
"493",2721,2691,2629,2865,2325,2549,2530,2998,2918,2709
"494",2309,2312,2365,2268,2400,2303,2214,2358,2393,2397
"495",2236,2281,2090,2298,2202,2397,2039,2077,2360,2162
"496",2938,2977,3012,3022,3015,2969,1235,2967,2933,2758
"497",2189,2229,2232,2802,2016,2111,2150,2303,2446,2472
"498",2431,2334,1978,1649,1932,2457,1933,2140,1839,1762
"499",2281,2414,2446,2472,2481,2668,2349,2521,2309,2312
"500",2916,2781,2972,2998,2134,2516,2298,2309,2312,2365
"501",2397,2380,2441,2349,2477,2400,2351,2439,2298,2309
"502",2354,1826,2136,2238,1733,1780,2055,2318,1609,1529
"503",2860,2623,2728,2903,2806,2966,2796,3003,2967,2579
"504",1455,1269,1332,1693,1397,41,247,1382,1760,1354
"505",2298,2360,2148,2303,2269,2134,2026,2070,2174,2162
"506",183,853,140,1397,1344,956,875,157,1220,789
"507",2309,2312,2365,2397,2162,2349,2268,2400,2303,2214
"508",2252,2307,2363,2351,2477,2413,2590,2281,2830,2397
"509",2446,2472,2481,2189,2477,2349,2439,2524,2303,2229
"510",2629,2298,2397,2894,2360,2871,2860,2691,2305,2835
"511",2232,2439,2477,2303,2269,2827,2446,2472,2481,2380
"512",2325,2709,2918,2631,2644,2721,2865,2372,2640,2530
"513",3003,2954,2840,2879,2966,3024,2977,3015,2967,2848
"514",2298,2309,2312,2365,2397,2360,2358,2393,2972,2268
"515",2904,2881,2962,3001,2946,2991,3004,3036,2926,3014
"516",3003,2764,2993,3025,3012,2977,2758,3024,2966,2954
"517",2972,2981,2998,2918,2873,2691,2960,2987,2833,2557
"518",1455,1392,1332,1189,1541,1447,1344,851,1501,1043
"519",1891,1641,2142,1943,2044,46,1660,2094,1754,1818
"520",3003,2966,2954,2840,2977,2946,3024,3034,2910,2997
"521",2733,2309,2312,2365,2972,2762,2701,2667,2268,2981
"522",2691,2981,2918,2768,2629,2972,2998,2914,3023,2873
"523",3003,2966,2598,2954,2672,2977,3024,2967,2758,2997
"524",2734,2823,2802,2622,2845,2928,2755,2793,2729,2824
"525",1455,1392,1189,1332,1541,1447,1344,1264,851,1043
"526",2380,2441,2397,2358,2393,2349,2400,2477,2309,2312
"527",2281,2349,2397,2477,2298,2252,2446,2472,2481,2202
"528",1983,1536,1780,2055,1826,2127,1724,1499,1391,1512
"529",2303,2269,2309,2312,2365,2229,2268,2792,2380,2441
"530",3022,3035,2954,3024,3021,2728,2910,2995,2778,2751
"531",2477,2281,2349,2446,2472,2481,2540,2397,2402,2365
"532",2446,2472,2481,2477,2281,2439,2397,2349,2524,2440
"533",2910,2843,2764,2777,2954,3000,2829,3023,2946,2971
"534",2077,2222,2281,2052,1876,1878,1959,2236,2360,2095
"535",875,853,459,133,91,1377,419,1102,1450,1539
"536",2954,3003,3024,2967,2672,2966,2598,2728,2656,2997
"537",2972,2309,2312,2365,2960,2733,2873,2801,2981,2833
"538",2904,2946,2881,3001,2959,2885,2962,2991,2898,3004
"539",2477,2222,2281,2446,2472,2481,2189,2492,2542,2211
"540",2072,2156,2083,199,2477,2309,2312,2365,2439,260
"541",2074,2019,2624,1951,2106,2068,2792,2066,2128,2143
"542",2074,2792,2019,2303,2214,2400,2624,2365,2802,2757
"543",2819,2806,2540,2770,2915,2749,2804,2948,2776,2665
"544",2792,2757,2711,2400,2762,2755,2793,2309,2312,2365
"545",2354,2180,1826,1733,2114,2136,2334,2238,1798,2015
"546",2222,2189,2281,2077,2446,2472,2481,2360,2026,2070
"547",2860,2954,2623,2903,3024,2728,2967,2806,2796,2672
"548",1189,1344,851,1264,1334,1455,1397,1261,1132,1043
"549",2233,1617,1933,2140,2334,2114,1733,1206,1720,1700
"550",3024,3039,3002,3000,2954,2916,2995,3023,2526,3035
"551",2477,2281,2446,2472,2481,2349,2397,2492,2542,2439
"552",1344,1447,795,893,965,1094,1170,846,1043,1264
"553",923,25,3012,1681,359,3000,2978,1416,1567,304
"554",1501,1597,1447,1541,459,1392,501,1618,66,1455
"555",2281,2349,2397,2309,2312,2365,2360,2733,2762,2540
"556",574,511,625,773,814,1525,813,621,717,3040
"557",2818,2397,2298,2477,2439,2358,2393,2857,2446,2472
"558",2281,2307,2363,2477,2351,2252,2446,2472,2481,2306
"559",1051,914,1002,1118,962,977,2309,2312,2365,1039
"560",2354,1653,1529,1688,1940,1826,2244,2048,2055,1499
"561",2457,2436,2375,2910,2540,2549,2768,2556,2503,2379
"562",2189,2222,2360,2077,2281,2162,2026,2070,2174,2229
"563",30,2360,2134,2026,2070,2174,2086,2232,2998,2298
"564",2643,2675,2773,2846,2714,3001,2764,2904,2991,2719
"565",2334,1770,1779,1979,1617,2027,1720,2114,1915,1399
"566",1838,1488,1617,2431,1653,2334,1609,2233,2237,2318
"567",41,1054,1771,2044,1274,247,1149,1785,1847,189
"568",2436,238,2457,2548,205,2498,2532,2619,228,2465
"569",2400,2309,2312,2358,2393,2365,2750,2397,2268,2349
"570",1541,1760,1608,1397,1546,1455,1906,1392,1441,856
"571",1798,2015,2120,2192,2334,2235,2042,2242,1933,2140
"572",3039,3024,3035,3038,2954,3000,3022,2986,3005,3010
"573",2829,2945,2764,2984,3003,2953,2989,2994,2943,2724
"574",2446,2472,2481,2281,2156,2349,2397,2477,2189,2439
"575",3039,3035,3038,3024,3000,3023,2986,3005,3010,3007
"576",199,2354,1653,192,1558,1529,1688,138,30,853
"577",2739,2835,2629,2298,2539,2850,2887,2633,2666,2795
"578",1541,1455,1392,1608,1269,1332,1549,1693,1760,1397
"579",2848,2954,2840,3003,2977,2946,3024,2967,2854,2879
"580",2281,2077,2236,2164,2360,2162,2229,2349,2052,2222
"581",2189,2360,2026,2070,2174,2077,2162,2086,2148,2229
"582",2309,2312,2365,2303,2269,2380,2441,2733,2268,2349
"583",2464,2576,2413,2410,2623,2281,2841,2518,2860,2653
"584",3024,2954,2728,2860,2872,2816,2967,2910,3022,2820
"585",2860,2623,2954,2806,2413,2841,2796,2728,2530,2903
"586",2707,2615,2514,2528,2354,2651,2299,46,2763,1826
"587",2643,2675,2773,2281,2846,2991,2236,2714,2360,2962
"588",2309,2312,2365,2667,2733,2397,2268,2380,2441,2360
"589",2540,3000,2675,2910,2772,2457,2865,3038,2768,2468
"590",1653,1558,1452,2231,2155,2237,1455,1541,1392,1774
"591",2281,2077,2360,2162,2229,2052,2236,2303,2269,2214
"592",2622,2832,2729,2928,2369,2673,2931,2996,3018,2917
"593",2281,2360,2229,2052,2077,2303,2269,2214,2162,1975
"594",923,1416,1548,1028,459,2938,3024,1515,1535,1681
"595",2830,2871,2413,2857,2590,2550,2878,2880,2658,2504
"596",2309,2312,2365,2762,2268,2303,2214,2636,2721,2260
"597",2072,2189,2229,1919,2137,2232,2016,2111,2150,1942
"598",2229,2162,2303,2269,2281,2360,2214,2077,2189,2762
"599",2938,2977,2347,2857,923,3003,3012,2072,2083,1576
"600",2134,2298,2360,3038,2981,2303,2232,2026,2070,2174
"601",1344,795,893,965,1170,846,1397,1334,1264,1261
"602",2349,2397,2281,2380,2441,2446,2472,2481,2400,2309
"603",2298,2397,2358,2393,2439,2477,2380,2441,2343,2446
"604",2830,2590,2878,2880,2504,2623,2413,2672,2977,3039
"605",2306,2307,2363,2351,2167,2252,2213,2301,2131,2177
"606",2354,2334,1826,1733,2322,2514,2235,2136,2114,2341
"607",2802,2823,3003,2879,2840,2862,2788,2845,3015,2933
"608",2540,2675,2768,2910,2530,2772,2503,2457,2691,2593
"609",2848,3003,2954,2840,3039,3000,3024,2977,2966,3034
"610",2829,2980,2978,3009,2764,2984,3011,2937,2848,3029
"611",332,66,2155,1653,396,1445,1452,300,1558,1620
"612",2772,3039,2954,3024,2995,3000,3035,2983,2661,3023
"613",2457,2436,1839,1932,1978,2540,2503,1762,1649,2530
"614",2360,2303,2269,2309,2312,2365,2229,3019,3036,2298
"615",46,1891,55,1600,1489,67,2044,83,2142,2094
"616",2860,2878,2880,2504,2623,30,199,138,2540,2606
"617",2477,2397,2298,2439,2358,2393,2446,2472,2481,2492
"618",2077,2281,2360,2162,2229,2236,2164,1876,1878,1959
"619",1541,1447,1546,1397,1899,1455,1392,1608,1623,1683
"620",2792,2827,2309,2312,2574,2365,2857,2711,2358,2393
"621",3039,2134,3035,3038,2026,2070,2174,2298,2086,2360
"622",1397,1447,1344,1455,1541,1191,1546,1623,1683,1264
"623",2996,2831,2929,3014,3030,2720,2685,2274,2211,2974
"624",217,81,29,34,94,970,160,184,127,23
"625",2938,3024,2954,3022,2977,2925,2967,2872,3020,2910
"626",2397,2380,2441,2349,2298,2477,2400,2358,2393,2439
"627",1653,2354,1455,853,1529,1688,199,1558,1392,1452
"628",1397,1344,1501,1447,1043,1264,1122,1334,1455,1303
"629",875,853,140,1377,1304,1039,56,1450,1539,1225
"630",1653,1558,2237,2318,1529,1688,2187,1596,1452,2231
"631",1344,1397,1334,1264,1261,795,893,965,1170,1191
"632",2972,2134,2516,2298,2581,2667,2574,2540,2397,2981
"633",2636,2750,2982,2757,2762,2309,2312,2627,2365,2855
"634",2351,2857,2439,2477,2916,2446,2472,2481,2397,2516
"635",2860,3024,2954,2903,3003,2910,3039,2728,2966,2806
"636",3034,2705,3003,2848,2831,3015,2764,2840,2966,3009
"637",1455,2044,2142,1541,2094,1269,1332,1585,1693,1760
"638",2910,2954,3000,2764,2777,3024,2843,2728,3038,3003
"639",875,199,853,30,41,192,38,66,1039,86
"640",2223,1797,1754,1913,1660,46,2324,67,1533,1943
"641",183,853,140,38,29,34,2314,157,2284,22
"642",183,140,118,148,1541,1899,157,2094,1546,853
"643",2916,2477,2309,2312,2365,260,2733,2439,2347,2574
"644",923,1763,1416,2229,1028,1258,1342,1548,2303,2269
"645",1397,1745,1220,789,1693,1369,956,1970,1191,757
"646",2077,2360,2162,2281,2229,2303,1876,2269,1878,1959
"647",199,66,192,41,98,30,875,138,1501,8
"648",875,853,29,34,65,1304,1377,86,1450,1539
"649",1455,1392,1541,1189,1332,1447,1501,851,1344,1043
"650",2540,2629,2580,2691,2281,2309,2312,2365,2414,2397
"651",199,98,875,192,853,66,1653,2155,2329,41
"652",3039,3038,3024,3035,3000,2860,2977,2954,3003,2986
"653",1541,1608,1455,1392,1546,1784,1549,1269,1666,1749
"654",3022,2897,2995,2954,3024,3020,3002,2967,2950,5
"655",2309,2312,2365,2268,2400,2303,2214,2162,2397,2260
"656",2977,3003,2758,3039,3012,3015,3022,2993,3025,2986
"657",1455,1392,199,1189,1447,1541,1332,1501,1043,1122
"658",2360,2303,2269,2298,2397,2162,2229,2309,2312,2148
"659",2707,46,55,40,2786,79,3022,110,2954,59
"660",3015,2977,2879,3039,3012,3003,2993,3025,2189,2050
"661",2916,2516,2972,2526,2918,30,2781,2699,2960,2998
"662",2916,2781,2818,2699,2526,199,2972,2857,2703,138
"663",853,875,1304,183,1039,1450,1539,1171,2110,140
"664",3003,2966,3015,2954,2977,3034,2996,3024,2993,3025
"665",2397,2281,2380,2441,2349,2343,2477,2400,2309,2312
"666",199,853,192,875,66,1304,1039,1979,1450,1539
"667",2691,2530,2768,2629,2972,2549,2791,2838,2960,2835
"668",1455,1392,1541,1189,1447,1332,1501,1653,199,1043
"669",853,875,1304,1450,1539,1039,140,1344,1171,1147
"670",2397,2380,2441,2477,2439,2309,2312,2398,2365,2298
"671",1397,1344,1447,1546,1541,956,1623,1683,1441,1191
"672",1501,875,1455,1392,66,199,1541,1447,853,192
"673",2189,2229,2446,2472,2481,2303,2214,2269,2232,2440
"674",2910,2954,3024,2967,2872,3000,2873,2927,2968,2875
"675",1720,1344,1838,795,893,965,2110,1505,1612,846
"676",1455,1189,1332,199,1653,1132,851,1392,1043,192
"677",2222,2281,2164,2236,1337,2039,2624,2446,2472,2481
"678",2324,465,513,1447,399,1498,2226,1501,2328,2408
"679",98,192,58,501,1501,1455,2329,2155,1653,66
"680",1455,1392,1189,1541,1447,1332,1043,1501,1122,851
"681",41,1054,1408,1771,31,1785,1847,1541,1452,1149
"682",2590,2830,2413,2454,2871,2639,2857,2550,2355,2307
"683",2540,2402,2339,2462,2516,2390,2438,2521,2602,2618
"684",2916,2574,2733,2857,2667,2072,2347,2586,2914,2925
"685",2846,2773,2764,3001,2991,2975,2675,2821,2928,3027
"686",2835,2629,2691,3038,2982,2530,3028,2281,2726,2855
"687",2916,2516,2526,2309,2312,2699,2781,2365,2972,2397
"688",2347,2857,2351,2083,1129,359,2908,1051,2137,2916
"689",55,1931,46,1641,1891,1101,221,2231,2391,2487
"690",1817,1600,1618,1132,1492,1990,2102,1189,1789,2238
"691",1054,2057,1771,1541,1149,1408,2357,1785,1847,1452
"692",1541,1608,1455,1392,1054,1546,1749,1784,1549,1666
"693",3022,3035,2954,2995,3024,3021,2910,2897,2992,2967
"694",2945,2975,2829,2984,3011,3003,3034,3022,2953,2989
"695",2189,2077,2222,2360,2026,2070,2174,2162,2229,2052
"696",2354,1826,2136,2238,2318,2195,2172,2031,2286,1733
"697",2360,2077,2189,2026,2070,2174,2232,2134,3007,2086
"698",2347,2083,304,2297,2137,2266,2255,364,260,133
"699",3024,2954,3039,2967,2986,3005,3010,3022,3003,2977
"700",2977,3024,3038,3000,3003,3039,2954,2966,3022,2910
"701",2236,2281,2039,2090,2164,2122,2077,2052,1905,2222
"702",1455,1392,1541,1452,1653,1189,1332,1132,1558,1397
"703",1455,1392,1541,1189,1332,1447,1344,851,1132,1382
"704",2781,2916,199,138,2972,2527,2574,2818,2134,30
"705",2222,2281,2164,2236,2039,2446,2472,2481,2211,2077
"706",2860,2413,2878,2880,2504,2590,2830,2841,2623,2454
"707",2360,2303,2269,2298,2397,2309,2312,2365,2288,2148
"708",2764,2763,3003,2705,2829,2598,2672,2614,3012,2966
"709",2733,2309,2312,2365,2972,133,91,2762,38,2303
"710",2303,2214,2162,2360,2309,2312,2365,2077,2229,2268
"711",1447,1899,1392,1397,1541,1501,1220,1546,1344,1455
"712",1455,1541,1269,1397,1760,1332,1693,1608,647,681
"713",1101,2354,1499,2136,2244,2238,1826,55,2114,40
"714",2354,2707,2375,2532,2121,1838,2465,1826,2763,2573
"715",2354,2121,2180,2334,1617,1798,2015,2120,2192,2256
"716",1488,1653,1609,1733,2354,1838,2237,2318,1617,1529
"717",2303,2214,2400,2365,2358,2393,2236,2298,2792,2019
"718",3003,2840,2966,2954,2854,2977,2848,3024,3034,2590
"719",2977,2938,3012,3000,3015,3020,3022,2967,2969,3024
"720",2705,2763,2844,2741,2984,2943,2945,2764,3009,3011
"721",2354,1826,2195,2172,2286,2383,2318,2136,2238,2180
"722",2303,2269,2229,2214,2309,2312,2365,2189,2360,2232
"723",2903,2672,2623,2860,3003,2413,2954,2806,2716,2548
"724",2962,2904,2946,2881,3001,2959,3004,3036,2991,2947
"725",199,98,875,853,192,38,50,1304,1039,1450
"726",2156,2477,2397,2439,2309,2312,2365,2827,2189,2590
"727",2306,2802,2307,2363,2351,2252,2222,2301,2303,2105
"728",1344,1397,1264,1334,1261,1043,1455,1122,795,893
"729",3003,2954,2672,2598,2966,3024,2997,2967,2707,2728
"730",2077,2189,2026,2070,2174,2360,2162,2229,2086,2232
"731",1653,66,1609,1452,1558,1455,1392,1541,2237,192
"732",1653,1455,1392,1541,1558,1618,1189,1452,1132,1332
"733",2691,2590,2878,2880,2504,2860,2830,2623,2606,2413
"734",1541,1455,1392,1608,1332,1549,1269,1447,1899,1546
"735",2397,2477,2439,2380,2441,2446,2472,2481,2351,2492
"736",2354,1733,2334,2583,1915,2318,2109,1617,1762,1488
"737",2162,2229,2303,2214,2281,2269,2077,2236,2164,2349
"738",1576,1416,1028,1548,1655,1443,459,2347,1515,1535
"739",3003,2966,2954,3034,2840,2749,2590,2672,2848,2830
"740",2303,2269,3019,2309,2312,2365,3028,2991,2360,2229
"741",2707,2651,2615,2656,2763,2514,2528,2322,2354,2619
"742",2189,2077,2052,2360,2026,2070,2174,2162,2229,2232
"743",1499,2354,2136,2238,40,907,1907,602,2487,674
"744",2860,2878,2880,2504,199,2629,2606,30,138,2865
"745",3003,2831,3015,2826,2993,3025,3012,2977,2966,2672
"746",2707,40,3022,2995,2786,2954,3024,2897,2910,2651
"747",2229,2303,2269,2309,2312,2365,2349,2214,2189,2268
"748",2309,2312,2365,2733,2972,2918,2268,2667,2981,2380
"749",1541,66,1455,1392,1501,1132,1623,1683,1608,1397
"750",1344,795,893,965,1170,846,1264,1334,1369,1261
"751",2077,2360,2162,2052,2229,1876,1878,1959,2095,1975
"752",2397,2380,2441,2281,2403,2313,2477,2343,2349,2307
"753",2303,2380,2441,2269,2229,1416,2349,1548,1864,2072
"754",3003,2840,2954,2966,2848,2977,3024,2775,2854,2967
"755",2380,2441,2477,2439,2349,2397,2400,2347,2446,2472
"756",3001,2846,2822,2975,2886,2928,3000,2764,3009,3011
"757",199,66,30,8,192,1488,1455,1392,1979,49
"758",1455,1392,1541,1447,1501,1189,1332,1979,1043,1397
"759",875,1452,192,66,199,853,1501,98,1541,1149
"760",1455,1189,1392,1653,1043,1122,1447,199,851,1332
"761",1455,1392,1541,1354,1269,1236,1332,1608,1344,140
"762",2954,3024,2703,2728,2967,2997,2820,3003,2916,2897
"763",923,2072,1699,2083,2189,1576,2229,2137,1416,1028
"764",86,38,136,133,91,65,238,145,11,29
"765",1344,853,1447,795,893,965,1170,846,1094,1397
"766",2281,2446,2472,2481,2349,2397,2222,2477,2439,2440
"767",2540,38,2691,50,2397,2629,2606,2972,2309,2312
"768",2229,2303,2269,1763,2309,2312,2365,2072,1129,2214
"769",2189,2222,2026,2070,2174,2162,2236,2077,2446,2472
"770",2802,2306,2718,2823,2759,2750,2361,2845,2734,2074
"771",1452,853,199,1653,192,1558,66,875,41,138
"772",2360,2303,2269,2309,2312,2365,2397,2298,2268,2229
"773",853,1344,140,875,1304,2208,1450,1539,2110,1039
"774",3009,2945,2943,2984,2829,2763,2900,2978,3011,2844
"775",1344,795,893,965,1170,1397,846,1264,1334,674
"776",2954,3003,3024,2598,2966,2672,2967,2977,2997,2820
"777",1344,1447,1264,1397,1334,795,893,965,1043,1122
"778",2946,2959,2982,3003,2865,2904,3001,2816,2911,2843
"779",2162,2105,2303,2827,2214,2077,2365,2222,1820,2862
"780",875,199,853,98,192,1377,1304,1039,1450,1539
"781",2189,2360,3039,2077,2026,2070,2174,2222,2052,2236
"782",2397,2380,2441,2309,2312,2365,2349,2400,2360,2477
"783",2910,2643,2675,2764,2846,2820,3001,2690,2773,2902
"784",2446,2472,2481,2802,2306,2827,2845,2439,2440,2156
"785",2354,1983,674,602,1940,1536,2244,1728,1344,1780
"786",2189,2446,2472,2481,2026,2070,2174,2229,2162,2222
"787",2309,2312,2365,2397,2360,2288,2162,2540,2281,2229
"788",853,183,875,140,1344,1397,1450,1539,1039,118
"789",2354,1940,1826,1780,1653,2055,2244,2044,1529,1688
"790",2229,2303,2269,2162,2214,2360,2072,86,948,2309
"791",1541,1546,1608,1397,1455,1447,1392,1760,1191,1269
"792",2324,465,2044,1789,2334,2319,1621,513,1488,2341
"793",2802,2823,2735,2862,2734,2845,2788,2306,2222,2307
"794",2189,2229,2232,2303,2269,2016,2111,2150,2156,2214
"795",2972,2960,2918,2309,2312,2365,2981,2298,2397,2516
"796",2843,2675,2946,2959,2714,2851,1876,2846,3038,2904
"797",1344,1447,1397,1899,1043,1094,795,893,965,1122
"798",1043,1344,1189,1397,1122,1264,1261,1094,851,1392
"799",2823,2734,2802,2783,2845,1993,2797,2295,2306,2753
"800",2189,2156,2026,2070,2174,2281,2360,2162,2446,2472
"801",2397,2281,2380,2441,2343,2349,2309,2312,2365,2477
"802",2044,465,1541,41,1397,148,126,1899,183,473
"803",3039,2134,2026,2070,2174,2086,3035,2986,3005,3010
"804",1344,795,893,965,1170,846,1397,1441,956,1369
"805",2309,2312,2365,2397,2360,2972,2629,2268,2691,2380
"806",923,1416,1219,1548,1383,1451,1028,1263,1515,1535
"807",2397,2298,2448,2380,2441,2358,2393,30,2349,2398
"808",2324,465,513,2226,1497,399,956,856,1720,1498
"809",1455,1392,1344,1447,1541,1189,1332,1043,1501,1094
"810",2281,2162,2229,2131,2177,2360,2189,2167,2540,2303
"811",86,853,140,875,136,157,29,34,888,30
"812",3022,2954,2995,2897,3024,2778,3021,3035,2967,3033
"813",2303,2214,2229,2162,2269,2309,2312,2365,2349,2360
"814",2938,2072,2347,2189,2818,2477,2229,2439,2303,2269
"815",2878,2880,2504,2623,2860,2590,2830,2916,2413,2894
"816",2457,2619,2707,2674,2656,2341,2425,2665,2355,2583
"817",2281,2349,2397,2446,2472,2481,2477,2380,2441,2343
"818",2026,2070,2174,2086,2134,2916,2189,2857,2232,2050
"819",30,42,2360,2162,2229,2309,2312,199,2077,2365
"820",2380,2441,2477,2439,2349,2400,2446,2472,2481,2492
"821",2360,2298,2148,3007,2303,2988,2269,3013,2077,2992
"822",2110,2208,2121,1720,1571,1729,1344,1838,2094,1812
"823",1455,1392,1541,1447,1397,1623,1683,1501,1189,1332
"824",3003,2966,2954,2860,2840,2590,2977,2830,2903,3024
"825",853,199,875,1653,1455,192,1392,1304,1529,1688
"826",2540,2309,2312,2365,2397,2360,2733,2762,2503,2629
"827",2571,2446,2472,2481,2156,2565,2802,2733,2762,2845
"828",1653,1455,1392,1488,1558,1529,1688,1541,1189,1332
"829",2857,2134,2298,2916,2026,2070,2174,2086,2977,2703
"830",2446,2472,2481,2439,2827,2440,2477,2524,2349,2306
"831",2298,2604,3028,2148,2052,2795,2972,2629,2801,2077
"832",2606,2865,2691,2860,2878,2880,2504,2540,38,2916
"833",2360,2229,2303,2269,2214,2281,2077,2189,2162,2298
"834",1838,1488,2431,1617,2334,2233,1609,2237,2318,1653
"835",2400,2309,2312,2365,2358,2393,2397,2303,2214,2792
"836",2802,2306,2823,2351,2307,2363,2735,2734,2845,2252
"837",2910,2873,2846,2902,2981,2820,2768,2811,3019,2898
"838",3038,3000,2830,2878,2880,3024,2504,2590,2375,2623
"839",3009,2984,2978,3011,2980,2937,2943,2900,2975,2829
"840",1455,1132,1332,1397,1189,501,1557,1043,1122,1382
"841",2910,2540,2806,2820,2770,2675,2768,2772,2707,2819
"842",2857,3012,2347,2908,2916,2699,2933,3024,2938,2867
"843",1344,1397,1447,795,893,965,1170,1264,1334,846
"844",2232,3038,2016,2111,2150,3007,2086,2827,3000,2189
"845",2303,2214,2162,2309,2312,2365,2360,2229,2762,2268
"846",2077,2052,2148,2360,2162,2229,2236,2303,2095,2269
"847",853,875,1392,1455,1541,1039,1332,1119,1155,1450
"848",2189,2222,2281,2026,2070,2174,2229,2236,2162,2086
"849",199,138,30,2776,2026,2070,2174,2189,2360,2077
"850",332,2477,2072,138,2439,2262,30,2397,268,2360
"851",2298,2448,2437,2451,2398,2397,2792,3028,2360,2351
"852",1763,2072,2189,3039,1825,1576,3024,1699,2229,2232
"853",2675,2540,3000,2772,2643,2882,2846,2503,3001,2236
"854",3035,2975,2939,2980,3022,3038,3007,2978,2829,2924
"855",2303,2214,2222,2734,2105,2400,2823,2309,2312,2365
"856",459,545,140,846,853,1303,875,501,1094,1344
"857",98,853,875,1452,192,41,66,1455,199,1653
"858",199,66,1455,1979,1392,1838,2431,30,192,8
"859",1039,875,948,1002,853,914,962,977,588,989
"860",1541,1455,1392,1608,1132,1397,1332,1447,1546,1623
"861",2360,2309,2312,2303,2365,2269,2397,2298,2268,2288
"862",2802,2823,2734,2306,2845,2351,2307,2363,2783,2252
"863",2954,2672,3003,3024,2860,2966,2967,2997,2897,2598
"864",853,140,875,1039,1304,1450,1539,1344,183,157
"865",2946,3003,2966,2959,2954,2848,2904,2977,2843,3024
"866",1541,1608,1546,1455,1392,1447,1549,1397,1332,1899
"867",1397,1264,1189,1334,1261,1043,1455,1344,1122,851
"868",2365,2309,2312,2762,2268,2162,2303,2349,2214,2260
"869",2728,2954,3024,2967,2872,2966,2997,2910,3003,2860
"870",1541,1455,1392,1608,1132,1397,1332,1549,1546,1447
"871",853,140,183,1344,875,1450,1539,157,1899,118
"872",1653,1558,1529,1688,1488,2237,1774,1914,2354,1609
"873",2077,2052,2281,2360,1975,2162,2229,2148,1876,2236
"874",98,875,853,199,192,66,1653,1501,1039,1304
"875",853,875,199,98,192,1304,1039,1455,1450,1539
"876",2324,465,2226,2328,2408,513,2478,1497,399,2522
"877",46,67,96,83,215,110,55,161,23,2142
"878",2074,2301,2982,2757,2351,2131,2177,2907,2309,2312
"879",2829,2984,3009,2978,2943,2945,2900,2844,3011,2764
"880",2354,1826,2136,2238,1935,1798,2015,2120,2192,2318
"881",2530,2629,2691,2549,2835,2633,2666,2529,2610,2860
"882",1189,1455,1122,1043,851,1132,1334,1264,1397,1261
"883",3022,2954,2897,2995,2950,3024,2872,2910,2967,2905
"884",1258,1342,923,1457,1219,1416,1548,1085,1125,1451
"885",1452,1541,875,1408,853,2155,1392,1863,1149,2323
"886",1541,1455,1392,1332,1608,1447,1382,1546,1549,1236
"887",2026,2070,2174,2077,2086,2189,2134,2830,2360,2162
"888",2477,2446,2472,2481,2397,2156,2439,2524,2492,2542
"889",2984,3011,2945,2943,2829,2900,3009,2975,2978,3012
"890",1501,1392,1455,1618,1447,501,1332,1541,1189,98
"891",2590,2830,2529,2413,2860,2878,2880,2504,2623,2530
"892",1541,1455,1392,1608,1447,1546,1332,1549,1899,1269
"893",2845,2306,2783,2827,2351,2823,2802,2307,2363,2753
"894",2354,1940,1826,2244,2055,2048,2231,1728,1780,2172
"895",1125,121,285,1026,1419,46,161,990,928,67
"896",1455,1392,1447,1189,1541,1332,1501,1043,1122,40
"897",1826,1499,1512,1983,1405,1618,1536,1488,2238,1780
"898",2281,2236,2438,2090,2825,2298,2164,2039,2397,2211
"899",2954,3001,3003,2848,2840,3039,3000,2622,3024,2739
"900",2083,2347,2137,2266,1051,2351,2297,2219,2255,2301
"901",3003,2764,2993,3025,3012,2598,2672,2966,2705,2831
"902",2360,2303,2269,2298,2229,2309,2312,2365,2162,2232
"903",2077,2026,2070,2174,2189,2086,2148,2360,2162,2134
"904",3003,2977,2966,2598,2672,2954,2997,2967,2758,3034
"905",2155,66,2187,1809,1651,1575,1620,1653,1624,1630
"906",853,199,1455,875,1392,1304,192,1039,1450,1539
"907",199,875,30,853,192,66,86,50,1501,42
"908",2281,2236,2164,2349,2222,2397,2298,2202,2039,2077
"909",2707,2457,2583,2600,2665,2498,2532,2619,2656,2579
"910",1455,1392,1541,1447,1653,199,1189,1488,1332,1397
"911",2972,133,91,2733,2309,2312,2365,2981,782,1002
"912",2229,2189,2303,2269,2214,2232,2016,2111,2150,2309
"913",3024,2954,2860,2728,2967,3022,2820,3039,2903,2927
"914",2829,2945,2984,2763,2975,2764,3011,2943,2690,3009
"915",2281,2236,2164,2222,2349,2298,2397,2202,2077,2039
"916",2783,2797,2827,2753,2810,2019,2074,2301,2845,2823
"917",2110,2094,2208,1455,2284,1447,2171,1392,1541,1344
"918",1203,1395,1790,1292,1393,1417,1720,1571,1729,1389
"919",2672,2749,3003,2954,2686,2747,2413,2655,2822,3034
"920",55,2044,1499,1397,1931,1101,1344,2142,2114,221
"921",2360,2077,2162,2298,2229,2303,2269,2148,2052,2026
"922",3003,2672,2954,2966,2598,3024,2997,2967,2728,2977
"923",2281,2236,2397,2360,2052,2162,2090,2077,2298,2229
"924",2457,2674,2910,2522,2436,2379,2619,2334,2643,1839
"925",853,1344,183,875,1397,140,1450,1539,1304,1039
"926",2044,1541,1653,1596,1488,1455,1392,41,2142,2187
"927",2281,2827,2590,2830,2288,2026,2070,2174,2792,2086
"928",2397,2298,2309,2312,2365,2134,2477,2360,2439,2358
"929",853,875,1450,1539,1039,140,1304,183,1344,1570
"930",2354,2180,1571,1729,2334,1617,1798,2015,2120,2192
"931",2298,2313,2437,2236,2397,2360,2134,2403,2182,2122
"932",2298,2026,2070,2174,2148,2134,2086,2250,2182,2397
"933",2954,2903,3003,3039,3024,2860,2910,2997,2967,2623
"934",2052,2077,1975,2360,2148,2162,1876,2229,1878,1959
"935",1541,1608,1455,1392,1843,1132,1784,1899,1397,1549
"936",2354,2121,2180,2136,1826,2238,1935,2044,1798,2015
"937",2309,2312,2365,2397,2360,2281,2162,2540,2229,2268
"938",30,2776,2860,2781,2878,2880,2504,199,2916,138
"939",853,1344,140,875,183,1450,1539,795,893,965
"940",2703,2916,2818,2857,2894,2770,2504,2878,2880,2781
"941",2954,2903,2860,2728,2623,2966,3024,3003,2967,2997
"942",121,1585,67,1660,778,617,747,647,681,46
"943",1344,853,795,893,965,140,1450,1539,1170,846
"944",2222,2281,2236,2189,2446,2472,2481,2477,2211,2164
"945",2309,2312,2365,2281,2397,2349,2360,2162,2229,2540
"946",853,1450,1539,1304,875,2110,2208,1039,1344,1570
"947",1653,1558,853,1529,1688,1909,1774,1914,875,1452
"948",1541,41,1537,1054,1608,2395,1455,1392,1274,279
"949",2281,2236,2397,2164,2349,2298,2360,2077,2222,2202
"950",2309,2312,2365,2540,2397,2360,2281,2288,2162,2229
"951",2862,3003,2802,2479,3039,2840,2788,2877,2823,2762
"952",2857,2351,2827,2298,2818,2397,2477,2439,2901,2916
"953",1344,1397,183,140,795,893,965,1170,846,1441
"954",2281,2298,2397,2236,2343,2380,2441,2360,2077,2090
"955",2457,2707,2583,2656,2355,2619,2340,2674,2498,2413
"956",2972,2918,2309,2312,2365,2998,2960,2397,2360,2629
"957",2606,2865,2540,2281,2629,2691,2580,2860,2156,2878
"958",1455,1541,1653,1392,1452,1332,1608,1397,1132,1189
"959",2827,2845,2446,2472,2481,2783,2802,2792,2440,2734
"960",2303,2214,2019,2757,2823,2802,2309,2312,2365,2074
"961",199,853,192,1455,1392,1653,1979,875,1558,1529
"962",3039,3024,3035,2916,3000,3002,2774,3023,2954,3038
"963",2189,2026,2070,2174,2360,2162,2477,2229,2086,2232
"964",2733,2309,2312,2365,2762,2701,2972,2636,2268,2660
"965",1344,1397,1447,1334,1264,1261,795,893,965,1170
"966",2530,2691,2910,2772,2721,2768,2992,2413,3017,2454
"967",3024,2576,2464,2707,2954,2822,3039,2653,2860,2236
"968",2397,2281,2380,2441,2349,2343,2309,2312,2360,2365
"969",2309,2312,2762,2365,2636,2268,2757,2303,2711,2288
"970",2946,2959,2843,2922,2918,2988,2998,3001,2772,2904
"971",853,875,38,1450,1539,1039,140,133,91,1304
"972",1392,1447,1838,1332,1455,853,1501,1541,851,2431
"973",1344,1264,1334,1261,1043,1122,795,893,965,1397
"974",2691,2972,2768,2981,2629,2530,38,2960,2873,2976
"975",1344,1334,1264,1397,1261,795,893,965,1170,1122
"976",1397,647,681,956,1344,1191,1269,140,1220,789
"977",1344,795,893,965,1170,846,1397,1264,1369,1261
"978",199,1653,853,192,875,98,66,1558,1455,1529
"979",1397,1132,1191,1189,1344,851,1264,956,1455,1261
"980",2303,2269,2229,2214,2360,2309,2312,2365,2189,2380
"981",2077,2360,2162,2281,2229,1337,1876,1878,1959,2189
"982",2299,1957,2187,1651,1408,1863,1609,1600,1054,1931
"983",2077,2360,2162,2229,2281,1876,1878,1959,2052,2095
"984",2222,2281,2189,2236,2446,2472,2481,2077,2164,2026
"985",199,260,2347,192,1051,2916,138,914,441,1002
"986",1258,1342,1219,970,1451,1262,1173,617,747,1370
"987",3003,2954,2966,3034,2977,3024,2848,2840,2967,2997
"988",3003,2954,2966,3024,2977,2997,2967,2758,3039,2910
"989",2281,3028,2211,2493,2825,2836,2899,2956,2964,2719
"990",2954,2910,3024,2967,3022,2938,2977,3003,2927,2968
"991",1455,1392,66,1501,1541,2431,1979,1189,1447,875
"992",260,199,138,192,2916,441,84,2699,2526,2072
"993",2763,2786,2707,3022,2950,2995,2954,2953,2989,2994
"994",1344,1397,795,893,965,956,1220,789,1441,1264
"995",2303,2269,2232,3007,2072,2309,2312,2365,2477,3013
"996",2792,2074,2400,2309,2312,2365,2397,2106,2358,2393
"997",2802,2823,2306,2845,2734,2295,2307,2363,2351,2783
"998",2222,2303,2162,2446,2472,2481,2214,2189,2105,2306
"999",2298,2397,2077,2202,2360,2052,2162,2122,2229,2349
"1000",1455,1392,1541,1501,1447,1332,1189,1132,1623,1683
"1001",3003,2954,2966,2946,3024,2848,2977,2997,2967,2910
"1002",1101,1344,2180,2231,55,2110,1499,1940,2487,1397
"1003",2823,2802,2879,2845,2933,2862,2734,2890,2996,3003
"1004",2303,2214,2306,2845,2802,2823,2307,2363,2827,2105
"1005",1541,1899,1784,1447,1455,1546,1392,1843,1608,1749
"1006",2860,2623,3024,2878,2880,2504,2590,2830,2954,2413
"1007",1809,1620,1445,1452,66,1853,1651,1575,1653,1814
"1008",2189,2162,2026,2070,2174,2229,2303,2105,2214,2232
"1009",2281,2222,2189,2236,2446,2472,2481,2086,2232,2016
"1010",3003,2840,2954,2966,2977,2848,2879,3024,3015,2854
"1011",2354,2180,1798,2015,2120,2192,2136,2114,2334,2238
"1012",2077,2052,2360,2162,2229,2148,1975,2236,2281,2303
"1013",2477,2281,2446,2472,2481,2222,2492,2542,2439,2211
"1014",2360,2298,2309,2312,2846,2380,2441,2349,2268,2400
"1015",1344,1397,956,465,1220,789,795,893,965,1369
"1016",3003,2966,2954,2672,2977,3034,3024,2758,2967,2997
"1017",2134,2360,2026,2070,2174,2232,2086,2298,2303,1967
"1018",2281,2349,2446,2472,2481,2397,2380,2441,2477,2439
"1019",2303,2214,2400,2309,2312,2365,2105,2298,2202,2397
"1020",1344,1447,1397,1264,795,893,965,1261,1899,1043
"1021",2954,3003,3024,2977,2966,2967,2903,2860,2758,3000
"1022",1344,795,893,965,1170,1397,846,1264,1094,1334
"1023",2360,2298,2397,2303,2269,2380,2441,2229,2309,2312
"1024",2189,2446,2472,2481,2232,2016,2111,2150,2303,2229
"1025",2134,2574,2516,2527,2086,2972,2581,2667,2540,2636
"1026",1397,1132,1191,1541,2057,1264,851,1261,1269,1392
"1027",1541,1392,1693,2057,1054,1771,1546,1269,1608,1785
"1028",2134,2298,2309,2312,2365,2397,2026,2070,2174,2477
"1029",2072,2189,2303,2269,2229,2232,1919,1942,1833,2214
"1030",1499,1101,2354,2136,1826,2238,1983,1940,1780,2055
"1031",2954,3003,3024,2672,2707,2997,2967,2772,2966,3034
"1032",2044,1653,1529,1688,2136,1499,2238,1940,2231,1931
"1033",67,1660,2223,2044,1125,1585,2299,2419,1454,2391
"1034",1933,2140,1932,1839,2334,1978,1617,2431,1915,1607
"1035",1541,1447,1546,1455,1392,1397,1760,1608,647,681
"1036",2044,2391,2299,2142,2241,2094,1891,2285,2331,1660
"1037",2360,2162,2229,2281,2303,2269,2309,2312,2365,2349
"1038",2360,2072,2189,2232,2303,2269,2229,1763,2365,2162
"1039",1397,1546,956,465,789,1623,1683,856,757,1447
"1040",2229,2303,2269,2072,1763,2083,2189,2214,1825,1699
"1041",332,252,268,300,396,550,278,692,258,359
"1042",1054,1771,1785,1847,1149,1408,1274,1541,1863,41
"1043",2077,2281,2052,2360,2162,2229,1876,1878,1959,1975
"1044",1455,1189,1332,1392,851,1344,1264,1382,1334,1132
"1045",2189,2072,2232,2857,2477,2439,2365,2156,2303,2229
"1046",2298,2397,2360,2380,2441,2343,2477,2236,2439,3028
"1047",1807,2678,1903,1987,2300,2962,2947,2228,3027,2881
"1048",1452,192,41,66,1653,98,1455,1392,1541,1558
"1049",2229,2162,2303,2269,2214,2189,2360,2309,2312,2365
"1050",3024,2954,2916,2857,3039,2938,2977,3022,3012,2966
"1051",2954,2860,2623,3024,2903,2413,2841,2967,2806,2897
"1052",2358,2393,2400,2303,2309,2312,2365,2214,2298,2397
"1053",1653,2290,1700,2237,2354,1558,2341,2425,2329,2155
"1054",1397,1344,1455,1191,1264,1334,1261,1043,1122,1441
"1055",2347,2351,2477,2439,2083,2380,2441,2072,2446,2472
"1056",67,46,1660,83,55,2044,2391,121,2299,1585
"1057",2802,2788,2823,2616,2635,2687,2845,2590,2622,2830
"1058",2303,2269,2072,2309,2312,2365,2360,2229,2232,2268
"1059",1940,1983,2244,1653,2231,1536,1728,2055,2048,1780
"1060",41,1541,1899,1455,140,1392,1054,1608,853,1225
"1061",923,1258,1342,1457,1576,1416,1028,1548,1085,1443
"1062",1826,1935,1838,2136,1617,1101,1798,2015,2120,2192
"1063",2360,2189,2232,2303,2298,2269,2026,2070,2174,2134
"1064",2918,2946,2998,2914,2557,2660,2959,2856,2873,2960
"1065",2298,2604,3028,2305,2448,2944,2850,2887,2482,2795
"1066",853,795,893,965,1447,846,1344,1501,674,956
"1067",2962,2946,3014,3018,3003,2840,3004,2881,2303,2879
"1068",2298,2397,2857,2982,2699,2726,2358,2393,2850,2887
"1069",2764,2782,2978,2829,2825,3009,2696,2984,2947,3018
"1070",1541,1054,1771,1785,1847,1863,1269,1392,1408,1149
"1071",2189,2222,2162,2026,2070,2174,2077,2229,2232,2281
"1072",2477,2446,2472,2481,2492,2542,2281,2349,2397,2524
"1073",1344,1397,795,893,965,956,1264,1191,1220,1261
"1074",2360,2303,2269,2397,2309,2312,2365,2298,2268,2380
"1075",2281,2309,2312,2365,2349,2397,2360,2162,2229,2268
"1076",2354,2121,2244,1826,2044,2172,2286,1940,2136,2195
"1077",1344,2110,853,2094,1571,1729,2121,2208,1397,795
"1078",40,1499,1826,1618,1512,1405,2238,1488,5,1306
"1079",1541,1608,1455,1546,1868,1479,1177,1549,1392,1666
"1080",2910,2675,2457,2540,3000,2772,2768,2674,2820,2530
"1081",2299,2187,1609,2237,2318,1651,1957,2341,2425,2331
"1082",2303,2269,2229,2360,2309,2312,2365,2214,2298,2380
"1083",2281,2222,2189,2446,2472,2481,2232,2236,2016,2111
"1084",2916,2998,199,260,2526,2699,2347,3039,2925,2857
"1085",3003,2954,2966,3034,2848,2977,3024,2840,2967,3000
"1086",853,199,1653,192,1558,66,98,875,1455,1392
"1087",2298,2077,2397,2202,2360,2122,2281,2162,2236,2229
"1088",2397,2298,2281,2343,2236,2380,2441,2438,2360,2358
"1089",2802,2306,2823,2734,2845,2307,2363,2351,2590,2735
"1090",2354,1940,2244,1728,1780,2048,2055,2231,2136,1826
"1091",2303,2269,2309,2312,2380,2441,2365,2072,2229,2349
"1092",2675,2910,2772,2540,3000,3038,2768,2457,2959,2777
"1093",2928,2825,3032,2881,2851,3018,2971,3014,2886,3004
"1094",1417,1292,1183,1083,1203,1288,1617,1697,1838,728
"1095",1344,795,893,965,1170,1397,846,1264,1261,1369
"1096",199,1455,66,1979,1392,1541,853,1189,192,1447
"1097",2189,2026,2070,2174,2086,2360,2162,2281,2156,2232
"1098",41,1541,140,1455,1392,1608,247,1537,1054,1546
"1099",2354,1826,1733,2136,2114,2180,2238,2334,1798,2015
"1100",2477,2397,2439,2827,2134,2298,2446,2472,2481,2492
"1101",2904,2881,2962,3018,3014,3001,2946,3004,3036,2928
"1102",2397,2349,2281,2400,2380,2441,2446,2472,2481,2309
"1103",1344,1397,956,856,795,893,965,1220,1170,789
"1104",2298,2397,2281,2349,2380,2441,2477,2236,2343,2360
"1105",2477,2189,2439,2232,2072,2446,2472,2481,2229,2303
"1106",2309,2312,2397,2360,2365,2281,2162,2156,2229,2077
"1107",2540,2675,2882,2503,2457,2772,3000,2413,2776,2910
"1108",459,86,923,395,44,574,1028,480,544,304
"1109",2281,2540,2414,2309,2312,2365,2349,2397,2360,2162
"1110",1344,853,1455,1264,1334,1397,1261,1043,1122,795
"1111",2347,2072,2351,2477,1576,2439,1416,2189,923,1548
"1112",2189,2052,2222,2077,2360,2162,2281,2026,2070,2174
"1113",2893,3016,3027,3009,2947,2881,2958,1375,2889,2936
"1114",2928,3003,3018,3032,2881,2996,2971,2886,2993,3025
"1115",2222,2281,2236,2189,2164,2077,2446,2472,2481,2090
"1116",2298,2397,2358,2393,2380,2441,2671,2711,2437,2477
"1117",3024,2954,2860,2728,3039,2967,3022,2986,3005,3010
"1118",1455,1392,1541,1447,1189,1332,1043,1501,1344,1397
"1119",1541,1392,1455,1608,1332,1269,1693,1132,1054,1397
"1120",465,2324,513,399,2226,2328,2408,2478,2342,2522
"1121",2360,2303,2269,2229,2298,2733,2309,2312,2365,2214
"1122",2802,2734,2823,2845,2735,2862,2788,2783,2896,2670
"1123",66,41,192,875,1408,1149,199,1452,1771,52
"1124",1548,1416,970,1028,1370,923,574,1645,1219,1258
"1125",1983,1826,1499,1780,1512,2055,1536,1405,2238,2127
"1126",1455,1043,1332,1501,1344,1189,1261,1447,1094,1122
"1127",2189,2077,2026,2070,2174,2360,2086,2162,2229,2232
"1128",1541,1608,1455,1546,1392,1549,1447,1666,1332,1899
"1129",2540,2309,2312,2365,2281,2397,2360,2162,2349,2229
"1130",2954,3024,2967,2728,2820,2910,3022,2897,3039,2927
"1131",3034,3003,2953,2989,2994,2950,2672,2598,2724,2945
"1132",2281,2349,2397,2380,2441,2343,2446,2472,2481,2438
"1133",2860,2156,2414,2878,2880,2504,2477,2623,2309,2312
"1134",2954,2672,3024,3003,2967,2840,2686,3034,2749,2977
"1135",2843,2946,2910,2959,2772,2851,2846,2675,2954,3023
"1136",2954,3024,2728,2967,2820,2872,2897,3022,3039,2927
"1137",1499,2354,2136,2238,907,1940,1983,1101,2487,2244
"1138",2083,1576,2072,2137,2189,2347,1655,1443,1416,1028
"1139",3039,2986,3005,3010,2977,2820,2360,8,2758,2916
"1140",1978,1933,2140,1839,1617,2334,1932,2027,1110,2146
"1141",1720,1838,1344,1505,1612,1393,2110,1617,2334,795
"1142",2954,3024,2860,3039,2728,2967,2897,2903,3003,2997
"1143",2072,2360,2189,2232,2303,2269,2347,2298,2026,2070
"1144",2360,2162,2229,2077,2303,2269,2214,2309,2312,2365
"1145",2360,2303,2269,2298,2162,2309,2312,2365,2229,2397
"1146",199,875,853,192,98,50,41,38,30,1501
"1147",41,1541,1455,1392,1608,1054,2044,1452,853,199
"1148",2624,1337,2281,2535,1317,2236,2164,1564,2490,1378
"1149",1653,1558,1541,2231,2187,2155,1452,1630,2237,1455
"1150",2827,2574,2134,2309,2312,2527,2365,2477,38,2026
"1151",853,875,1455,1392,199,1304,98,1039,1450,1539
"1152",1344,2110,2094,2208,1571,1729,1397,795,893,965
"1153",853,140,183,1344,875,157,1039,118,1450,1539
"1154",853,1344,140,183,2110,157,875,1450,1539,795
"1155",1455,1541,1392,1332,1608,1189,1132,1397,1382,1447
"1156",3003,2966,2840,2954,2879,2977,3015,3024,2848,2854
"1157",2134,2086,2026,2070,2174,2574,2527,2581,2667,2972
"1158",2354,1940,1983,2244,1344,1101,1499,1728,1780,2487
"1159",1344,1397,1264,1334,1261,795,893,965,1170,1191
"1160",2298,2397,2360,2229,2162,2202,2303,2349,2380,2441
"1161",2757,2802,2019,2074,2303,2792,2214,2823,2797,1951
"1162",853,875,1304,1039,140,1450,1539,1344,1147,1570
"1163",199,853,875,192,1455,1979,1392,1304,1450,1539
"1164",2658,2857,2938,2758,2355,2827,2574,2916,2439,2761
"1165",41,247,189,388,140,268,118,1258,1342,119
"1166",1488,1609,2237,2341,2425,2318,1653,1499,1596,2431
"1167",2360,2540,2281,2077,2162,2229,2309,2312,2365,2052
"1168",2954,3039,3024,2967,3035,2728,3000,2995,2772,3003
"1169",853,875,183,140,1344,2110,1304,1450,1539,1039
"1170",2954,3024,2910,2967,2728,2820,2927,2968,3022,2977
"1171",2954,2860,3024,2623,3039,2903,3003,2967,2728,2672
"1172",2540,2606,2414,2865,2281,2156,2309,2312,2365,2397
"1173",2189,2303,2214,2229,2232,2016,2111,2150,2479,2762
"1174",2446,2472,2481,2440,2281,2524,2477,2439,2349,2156
"1175",1541,1455,1332,1608,1269,1392,1693,1382,1397,1546
"1176",1397,1344,1447,1264,1334,1261,1191,1455,795,893
"1177",1455,1332,1189,1344,199,1979,851,1264,1261,1397
"1178",1653,1541,1558,1651,1624,1452,1455,1489,1392,2231
"1179",41,2044,2142,1585,2094,1541,1660,31,1754,1447
"1180",2281,2236,2298,1337,2349,2164,2202,2397,2360,2162
"1181",1101,2114,2136,2180,2354,2238,2110,1940,2487,1499
"1182",1798,2015,2120,2192,2334,1933,2140,2354,2235,1617
"1183",2954,3024,2728,2910,2967,2820,2872,2927,2968,3022
"1184",853,1344,2110,2121,875,1571,1729,2208,795,893
"1185",2590,2477,2281,2830,2156,2827,2413,2439,2446,2472
"1186",3003,2977,3024,2758,3022,3034,2945,2966,2954,3012
"1187",1455,1392,1541,1618,1189,2494,1653,1447,1332,1132
"1188",199,501,875,192,781,260,441,853,545,948
"1189",199,192,66,875,138,41,30,853,1501,1455
"1190",66,1609,1455,2237,1653,2341,2425,1392,2318,1541
"1191",1397,1541,1191,956,1220,1546,789,1441,1344,1608
"1192",2823,2792,2365,2400,2309,2312,2358,2393,2397,2797
"1193",2077,2281,2360,2162,2229,1876,1878,1959,2052,2164
"1194",2354,1499,2136,2238,1931,2031,2117,1907,46,2244
"1195",2477,2309,2312,2439,2365,2156,2134,2397,2827,2574
"1196",674,465,1344,1447,1397,1899,1094,758,1623,1683
"1197",2802,2303,2214,2823,2365,2788,2105,2306,2734,2854
"1198",2298,2134,2397,2026,2070,2174,2360,2086,2250,2148
"1199",2431,2334,2341,2425,1700,1933,2140,2233,1617,1597
"1200",2822,2281,2576,2222,2464,2672,2236,2675,2764,3001
"1201",2349,2881,2380,2441,2446,2472,2481,2440,2962,2926
"1202",2397,2400,2309,2312,2365,2446,2472,2481,2827,2162
"1203",2916,2781,2972,2581,2134,2667,2540,2527,2574,2818
"1204",2972,2981,2960,2581,2667,2540,2833,2557,2982,2987
"1205",2972,2981,2998,3038,2397,2960,2987,2360,2918,2309
"1206",465,513,399,2324,2478,542,581,2342,2522,2444
"1207",2878,2880,2916,2860,2830,2857,260,2894,2841,138
"1208",2298,2397,2360,2380,2441,2303,2269,2349,2400,2182
"1209",2397,2298,2360,2380,2441,2202,2303,2162,2400,2349
"1210",2162,2303,2222,2214,2845,2105,2862,2802,1820,2788
"1211",2236,2281,2298,2090,2397,2202,2360,2077,2162,2229
"1212",1397,1455,1344,1191,1334,1264,1261,1332,1441,856
"1213",2110,1344,2208,1571,1729,2121,2094,1720,1838,2180
"1214",1488,1838,2431,1609,1618,2237,1499,1653,1596,2334
"1215",2354,1983,1940,1536,2244,1728,1780,1653,2231,2055
"1216",2309,2312,2365,2303,2269,2232,2916,2972,2918,2477
"1217",2841,2860,2954,2878,2880,2903,2413,2654,2744,3024
"1218",1653,1529,1688,2354,1774,1914,1812,1826,1890,1499
"1219",1501,1455,1784,1541,1392,1447,66,1623,1683,1899
"1220",2298,2397,2360,2380,2441,2303,2269,2349,2400,2477
"1221",41,1274,1891,2044,1863,1408,1534,1771,1818,1660
"1222",2397,2629,2380,2441,2281,2309,2312,38,2349,2365
"1223",2349,2360,2846,2991,2380,2441,2309,2312,2926,2928
"1224",2325,2675,2709,2644,2988,2918,2910,2843,2777,2873
"1225",2857,2916,2703,2298,2818,2901,2827,2397,2830,2792
"1226",2762,2309,2312,2365,2721,2636,2865,2667,2757,2540
"1227",2303,2269,2360,2733,238,2309,2312,2365,2162,2229
"1228",1455,1392,1447,1541,1501,1189,1122,1043,1397,1623
"1229",2764,3003,2993,3025,3012,2598,2831,2614,2672,2705
"1230",2802,2479,2788,2823,2757,2762,2862,2222,2250,2365
"1231",1600,2044,2391,1931,2181,2331,2299,1397,1817,2241
"1232",2354,1264,1101,1499,1344,55,2251,2114,1907,1307
"1233",2360,2134,2232,2303,2298,2269,2086,2026,2070,2174
"1234",2309,2312,2365,2303,2214,2268,2762,2400,2792,2397
"1235",2540,2691,2629,2580,38,2972,2791,2721,2530,2309
"1236",2954,3024,2967,2728,2820,2927,2968,2860,2872,3022
"1237",1826,1499,1488,1512,1405,40,1618,49,5,2109
"1238",1258,1342,1447,1501,459,1219,1085,1028,1173,1370
"1239",199,501,875,1455,192,853,1332,1189,1043,1122
"1240",1455,1541,1392,1189,1447,1132,1501,1332,1397,1608
"1241",2846,2773,2349,2380,2441,2397,2782,2926,2182,2360
"1242",2910,3022,3020,3024,2954,2995,2897,2905,2876,2967
"1243",2802,2823,1944,2306,2879,2735,2862,2845,1846,2222
"1244",2222,2281,2236,2862,2827,2802,2164,2446,2472,2481
"1245",2860,2903,2623,2954,3024,2728,2967,2796,2806,3003
"1246",1397,1191,956,1970,1220,1344,789,1043,2057,465
"1247",1983,1536,1826,1499,1780,2055,1512,1724,1405,1391
"1248",3003,2590,3001,2830,3036,2865,2946,2653,2966,2537
"1249",2763,3009,2829,2978,2705,2690,2764,2984,1337,2980
"1250",1541,1546,1899,1608,1455,1447,1392,1397,1549,1332
"1251",1541,1608,1392,1455,1546,1269,41,1332,1397,1549
"1252",2477,2156,2540,2446,2472,2481,2521,2189,2309,2312
"1253",2540,2580,2629,2691,2281,2414,2549,2721,2791,2865
"1254",3003,2598,2672,2977,2966,2758,2954,2997,2967,3034
"1255",2156,2189,2477,2026,2070,2174,2309,2312,2365,2439
"1256",2954,3024,2967,2860,2841,3003,2897,2997,3039,2820
"1257",513,465,2324,399,1546,1447,581,2226,956,1171
"1258",2802,2845,2827,2823,2590,2446,2472,2481,2734,2830
"1259",2400,2074,2309,2312,2365,2358,2393,2397,2303,2268
"1260",2827,2916,2857,2477,2397,2439,2792,2574,2818,2703
"1261",2236,2281,2298,2077,2164,2202,2039,2397,2360,2162
"1262",2072,2189,1576,2229,1919,1738,2232,1655,2016,2111
"1263",1189,1344,1043,1122,1979,1397,1264,1334,1261,1132
"1264",1618,1189,1817,1132,1043,1397,1455,1494,851,1122
"1265",1455,1344,1979,1332,1397,1264,1189,1043,1261,1132
"1266",2360,2303,2269,2309,2312,2365,2397,2298,2162,2268
"1267",2303,2269,2365,2962,2349,2881,2309,2312,2380,2441
"1268",1397,1455,1760,1269,1191,1332,956,856,1220,789
"1269",2229,2303,2269,2214,2298,2360,2189,2309,2312,2365
"1270",2360,2365,2303,2269,2162,2309,2312,2397,2229,2298
"1271",853,1344,140,795,893,965,1170,846,183,875
"1272",2829,2978,3009,2984,2980,2937,2943,3011,2945,2928
"1273",199,1455,192,1392,1653,1452,853,1189,1529,1688
"1274",2829,2984,2943,2900,3011,2945,2978,3009,2993,3025
"1275",2916,3039,2189,3024,2232,2026,2070,2174,2857,2134
"1276",2477,2446,2472,2481,2156,2281,2189,2492,2542,2309
"1277",1826,1499,1512,2238,1405,1488,1931,1983,1780,2055
"1278",2309,2312,2365,2397,2360,2288,2540,2162,2268,2229
"1279",2827,2446,2472,2481,2762,2783,2281,2440,2792,2156
"1280",2309,2312,2365,2397,2360,2162,2349,2281,2268,2303
"1281",2077,2052,2360,2148,2162,2229,2281,1975,2046,2236
"1282",2077,2360,2162,2229,1876,1878,1959,2095,2236,2052
"1283",1397,1447,1623,1683,1264,1501,1455,1261,1653,1043
"1284",2077,2026,2070,2174,2189,2086,2148,2360,2134,2162
"1285",2222,2281,2236,2189,2077,2164,2026,2070,2174,2211
"1286",1455,1541,1332,1397,1269,1608,1392,1546,1760,1382
"1287",459,62,447,794,569,15,875,1,853,20
"1288",2972,2981,2581,2540,2667,2309,2312,38,2365,2960
"1289",2449,2770,2818,2477,2397,2439,2878,2880,2298,2504
"1290",2397,2349,2281,2380,2441,2446,2472,2481,2343,2400
"1291",2298,2236,2077,2360,2397,2122,2281,2148,2202,2162
"1292",2675,2910,2772,2540,2768,3000,2674,2457,2530,2691
"1293",2298,2351,2477,2134,2439,2397,2232,2360,2086,2026
"1294",2324,465,1498,2226,2334,1720,1838,513,1497,2328
"1295",1455,1541,1392,1189,1132,1332,1397,1608,1447,1623
"1296",2995,3022,2954,3035,2950,2953,2989,2994,3024,2848
"1297",1541,1608,1455,1392,1546,1397,1549,1447,1269,1332
