"","V1","V2","V3","V4","V5","V6","V7","V8","V9","V10"
"1",798,797,1336,2943,3020,3021,2867,2868,2869,2944
"2",3008,2943,3020,3021,2867,2868,2869,2944,2945,2932
"3",25,33,61,62,63,100,136,137,176,211
"4",2857,2947,2948,2949,2950,3025,3026,3027,2789,2867
"5",61,62,63,100,136,137,176,211,404,405
"6",100,176,405,482,798,799,1111,1336,797,1714
"7",16,18,19,23,24,25,32,33,34,35
"8",405,1111,1336,798,799,1110,176,100,482,1714
"9",1173,1235,1310,1311,1312,1313,1384,1385,1386,1387
"10",1336,658,734,809,33,405,733,404,482,429
"11",404,405,482,549,798,799,850,957,1111,1336
"12",3008,2943,3020,3021,2867,2868,2869,2944,2945,2794
"13",3008,2943,3020,3021,2867,2868,2869,2944,2945,2932
"14",3008,2867,2868,2869,2944,2945,2943,3020,3021,2857
"15",23,24,25,33,34,100,176,320,333,346
"16",1701,2326,628,18,1095,2317,1777,1853,1929,850
"17",16,17,18,19,20,22,23,24,25,26
"18",1532,1533,1562,1563,1566,1610,1638,1686,1731,1732
"19",3008,2857,2326,2932,2780,2763,2839,2931,2993,2536
"20",1532,1533,1562,1563,1610,1686,1778,1813,1814,1815
"21",2107,2424,2425,2426,2427,2428,2429,2502,2503,2504
"22",100,176,333,405,735,736,795,797,798,799
"23",16,18,19,22,23,24,25,30,31,32
"24",100,176,405,797,798,799,957,1110,1111,1336
"25",23,25,30,31,32,33,34,45,51,100
"26",2857,2943,3020,3021,2763,2839,3008,2867,2868,2869
"27",2857,622,2943,3020,3021,3011,2867,2868,2869,2944
"28",24,25,33,34,58,59,60,61,62,63
"29",2857,3008,2867,2868,2869,2944,2945,2789,2943,3020
"30",2326,3008,2536,2853,2857,2251,2537,2917,2252,2327
"31",3008,2857,2860,2867,2868,2869,2944,2945,2943,3020
"32",2326,3008,2993,2917,2857,2853,2536,2537,2935,2931
"33",2943,3020,3021,3011,2867,2868,2869,2944,2945,2860
"34",2107,3008,2932,2465,3010,2763,2839,2780,2262,2263
"35",15,16,22,23,24,25,30,31,32,33
"36",1424,1425,1562,1778,2107,2326,2465,2686,2780,2857
"37",15,16,17,18,19,20,21,22,23,24
"38",16,18,19,20,22,23,24,25,26,30
"39",23,24,25,31,32,33,34,35,58,59
"40",1486,1487,1488,1494,1532,1533,1558,1561,1562,1563
"41",16,17,18,19,20,23,24,25,26,33
"42",2857,3008,2943,3020,3021,2867,2868,2869,2944,2945
"43",18,25,33,34,61,62,63,100,136,137
"44",2857,2326,2993,2917,3008,2858,2935,2933,2992,2947
"45",1173,1384,1385,1424,1456,1457,1458,1459,1460,1461
"46",1336,798,799,1111,797,405,100,176,482,1110
"47",3011,3008,2943,3020,3021,2867,2868,2869,2944,2945
"48",3011,411,2943,3020,3021,2867,2868,2869,2944,2945
"49",2943,3020,3021,3008,2867,2868,2869,2944,2945,2932
"50",3008,2107,2465,2763,2839,2262,2263,2857,2932,2115
"51",18,19,24,25,26,33,34,35,36,58
"52",25,33,100,176,333,346,347,404,405,411
"53",2857,2860,2763,2839,3008,2943,3020,3021,2867,2868
"54",2326,2993,2763,2839,2857,2686,2687,2468,3008,2917
"55",16,22,23,24,25,30,31,32,33,34
"56",1336,2857,549,774,625,957,850,658,734,405
"57",2326,2857,2860,3008,2947,2948,2949,2950,3025,3026
"58",23,24,25,31,33,34,35,58,59,60
"59",2857,3008,2947,2948,2949,2950,3025,3026,3027,2789
"60",2857,2686,2763,2839,2687,1424,2789,2853,2933,2947
"61",25,33,34,61,62,63,100,136,137,176
"62",3008,2857,2993,2326,2917,3010,2536,3011,2107,2780
"63",2857,2789,2794,2795,2943,3020,3021,2867,2868,2869
"64",2107,3008,3010,2326,2857,2780,2993,2536,2932,2832
"65",2107,2465,2686,2763,2839,2780,2993,3010,2687,2857
"66",1701,2326,2330,2947,2948,2949,2950,3025,3026,3027
"67",3008,2860,2932,2943,3020,3021,2867,2868,2869,2944
"68",2857,2993,3008,2917,3010,2780,2326,2536,3011,2853
"69",18,23,24,25,33,34,35,58,59,60
"70",798,799,1336,1111,957,1110,405,797,100,176
"71",33,100,176,404,405,429,482,549,554,555
"72",25,61,62,63,64,65,66,67,68,69
"73",2857,2943,3020,3021,2867,2868,2869,2944,2945,2789
"74",171,411,2867,2868,2869,2932,2943,2944,2945,3008
"75",15,16,17,18,19,20,22,23,24,25
"76",2857,2993,2917,3008,2992,3011,2780,3010,2935,2536
"77",16,18,19,23,24,25,31,32,33,34
"78",1486,1487,1488,1532,1533,1561,1562,1563,1564,1566
"79",100,176,405,482,797,798,799,957,1110,1111
"80",2857,2947,2948,2949,2950,3025,3026,3027,2326,3008
"81",3008,2943,3020,3021,2867,2868,2869,2944,2945,2932
"82",3008,2943,3020,3021,2867,2868,2869,2944,2945,2932
"83",2857,3008,2947,2948,2949,2950,3025,3026,3027,2860
"84",1562,2107,2251,2326,2465,2780,2832,2857,2917,2933
"85",16,23,24,25,31,32,33,34,35,38
"86",3008,2943,3020,3021,2867,2868,2869,2944,2945,2932
"87",2857,1336,2780,957,2943,3020,3021,3008,2867,2868
"88",1486,1487,1488,1532,1533,1561,1562,1563,1564,1566
"89",3008,2943,3020,3021,2932,2867,2868,2869,2944,2945
"90",15,16,17,18,19,20,22,23,24,25
"91",2857,3008,2943,3020,3021,2867,2868,2869,2944,2945
"92",23,24,25,31,32,33,34,35,58,59
"93",2107,2115,2116,2117,2118,2119,2262,2263,2465,2780
"94",16,18,19,20,22,23,24,25,26,31
"95",16,19,20,22,23,24,25,30,31,32
"96",2857,3008,2867,2868,2869,2944,2945,2789,2794,2795
"97",15,16,17,18,19,20,22,23,24,25
"98",2857,2947,2948,2949,2950,3025,3026,3027,2789,3008
"99",2857,3008,2943,3020,3021,2867,2868,2869,2944,2945
"100",16,18,19,20,22,23,24,25,26,30
"101",2943,3020,3021,2867,2868,2869,2944,2945,3008,2857
"102",16,18,19,20,23,24,25,31,32,33
"103",18,19,23,24,25,31,33,34,35,36
"104",16,18,19,20,23,24,25,26,33,34
"105",18,25,61,62,63,100,136,137,176,211
"106",1562,1813,1814,1815,2106,2107,2108,2115,2116,2117
"107",2857,2789,2867,2868,2869,2944,2945,2943,3020,3021
"108",15,16,19,22,23,24,25,30,31,32
"109",1486,1487,1488,1532,1533,1558,1561,1562,1563,1564
"110",23,24,25,31,32,33,34,35,61,62
"111",3008,2993,2857,2917,2853,2932,2107,2536,3006,2931
"112",1086,1161,1162,1163,1173,1176,1177,1183,1235,1236
"113",15,16,17,18,19,20,22,23,24,25
"114",2857,2933,2943,3020,3021,622,2867,2868,2869,2944
"115",3008,2943,3020,3021,2867,2868,2869,2944,2945,2932
"116",1813,1814,1815,798,1346,1347,795,1896,1897,799
"117",2857,2943,3020,3021,3008,2867,2868,2869,2944,2945
"118",2780,2857,2917,2993,3008,3010,3011,2107,2326,2935
"119",2857,2794,2795,2867,2868,2869,2944,2945,2943,3020
"120",1456,1457,1486,1487,1488,1494,1532,1533,1534,1535
"121",3008,2943,3020,3021,2867,2868,2869,2944,2945,2932
"122",15,16,17,18,19,20,22,23,24,25
"123",2943,3020,3021,2867,2868,2869,2944,2945,2857,3008
"124",1173,1235,1310,1311,1312,1313,1384,1385,1389,1412
"125",2943,3020,3021,2857,2867,2868,2869,2944,2945,3008
"126",3008,2943,3020,3021,2857,2867,2868,2869,2944,2945
"127",15,16,17,18,19,20,22,23,24,25
"128",23,24,25,33,34,61,62,63,64,65
"129",3008,2763,2839,2465,2932,2867,2868,2869,2944,2945
"130",2857,2860,3008,2867,2868,2869,2944,2945,2943,3020
"131",3008,2943,3020,3021,2932,2867,2868,2869,2944,2945
"132",24,25,33,34,61,62,63,64,65,66
"133",3011,2943,3020,3021,2867,2868,2869,2944,2945,171
"134",16,17,18,19,20,22,23,24,25,30
"135",15,16,22,23,24,25,30,31,32,33
"136",15,16,17,18,19,20,22,23,24,25
"137",16,23,24,25,30,31,32,33,34,35
"138",1424,1425,1486,1487,1488,1494,1532,1533,1558,1561
"139",16,19,20,22,23,24,25,30,31,32
"140",3008,2943,3020,3021,2867,2868,2869,2944,2945,2857
"141",100,176,333,405,411,795,797,798,799,1110
"142",2943,3020,3021,3008,2867,2868,2869,2944,2945,2932
"143",2857,2763,2839,2860,3008,2943,3020,3021,2867,2868
"144",3008,2943,3020,3021,2860,2867,2868,2869,2944,2945
"145",16,23,24,25,30,31,32,33,34,35
"146",23,24,25,30,31,32,33,34,35,58
"147",2860,2857,2763,2839,2794,2795,3008,2789,2867,2868
"148",2857,2326,3003,2867,2868,2869,2944,2945,2943,3020
"149",2943,3020,3021,3008,2867,2868,2869,2944,2945,3011
"150",23,24,25,33,34,35,58,59,60,61
"151",23,24,25,31,33,34,35,61,62,63
"152",15,16,17,18,19,20,22,23,24,25
"153",16,22,23,24,25,31,32,33,34,35
"154",2857,2860,2867,2868,2869,2944,2945,2794,2795,2789
"155",2943,3008,3020,3021,2867,2868,2869,2944,2945,2932
"156",16,18,19,20,23,24,25,26,33,34
"157",16,18,19,20,22,23,24,25,30,31
"158",16,17,18,19,20,22,23,24,25,26
"159",16,17,18,19,20,22,23,24,25,26
"160",2857,2860,2763,2839,2794,2795,2789,2867,2868,2869
"161",15,16,22,23,24,25,30,31,32,33
"162",3011,2943,3020,3021,2867,2868,2869,2944,2945,3008
"163",16,19,23,24,25,31,32,33,34,35
"164",16,18,19,20,22,23,24,25,30,31
"165",16,18,19,20,22,23,24,25,26,30
"166",2857,2763,2839,2686,2789,2867,2868,2869,2944,2945
"167",100,176,333,405,482,795,797,798,799,809
"168",1173,1384,1385,1424,1456,1457,1458,1459,1460,1484
"169",1424,1532,1533,1562,1563,1610,1633,1686,1778,1852
"170",16,19,20,22,23,24,25,30,31,32
"171",2857,2947,2948,2949,2950,3025,3026,3027,2326,2853
"172",18,22,23,24,25,31,32,33,34,35
"173",3008,2943,3020,3021,2867,2868,2869,2944,2945,2857
"174",16,22,23,24,25,30,31,32,33,34
"175",2857,2943,3020,3021,2794,2795,2933,622,2867,2868
"176",2993,2857,2917,3008,3011,2935,3010,2992,2858,2832
"177",1336,809,405,100,176,658,734,1111,798,482
"178",18,405,795,797,798,799,957,1110,1111,1428
"179",23,25,31,32,33,45,51,61,62,63
"180",23,24,25,30,31,32,33,34,35,61
"181",18,24,25,33,34,58,59,60,61,62
"182",1173,1177,1235,1237,1238,1310,1311,1312,1313,1384
"183",3008,2943,3020,3021,2867,2868,2869,2944,2945,2857
"184",16,19,22,23,24,25,30,31,32,33
"185",15,16,19,20,22,23,24,25,30,31
"186",2857,2943,3020,3021,2867,2868,2869,2944,2945,2794
"187",3011,2943,3020,3021,2867,2868,2869,2944,2945,3008
"188",2860,3008,2943,3020,3021,2932,2867,2868,2869,2944
"189",1173,1235,1384,1385,1424,1425,1455,1456,1457,1458
"190",2867,2868,2869,2943,2944,2945,3020,3021,2857,3008
"191",18,23,24,25,33,34,35,52,53,55
"192",15,16,19,20,22,23,24,25,30,31
"193",16,23,24,25,30,31,32,33,34,35
"194",3008,2943,3020,3021,2867,2868,2869,2944,2945,3011
"195",1173,1177,1384,1385,1424,1425,1455,1456,1457,1458
"196",2857,3008,2993,2780,2917,3010,2932,2763,2839,2107
"197",3011,3008,2860,2943,3020,3021,2867,2868,2869,2944
"198",2857,2860,2943,3020,3021,2867,2868,2869,2944,2945
"199",2993,3008,2917,2857,2853,3011,2992,3006,2935,2931
"200",2857,2993,3008,3010,2780,2917,3011,2992,2536,2932
"201",3011,3008,2943,3020,3021,2867,2868,2869,2944,2945
"202",1173,1424,1456,1486,1487,1488,1490,1494,1532,1533
"203",1336,1701,33,809,100,176,734,658,429,850
"204",16,17,18,19,20,22,23,24,25,26
"205",3008,2932,2943,3020,3021,2867,2868,2869,2944,2945
"206",1235,1384,1385,1424,1425,1426,1427,1429,1455,1456
"207",3008,2857,2867,2868,2869,2944,2945,2943,3020,3021
"208",15,16,22,23,24,25,27,30,31,32
"209",2857,3008,2789,2867,2868,2869,2944,2945,2943,3020
"210",2857,2326,2993,2917,1701,2947,2948,2949,2950,3025
"211",2993,2857,3008,2917,2326,3011,2935,3010,2780,2932
"212",23,24,25,30,31,32,33,34,44,45
"213",2857,2789,2947,2948,2949,2950,3025,3026,3027,2867
"214",15,16,19,20,22,23,24,25,30,31
"215",3011,3008,2943,3020,3021,2867,2868,2869,2944,2945
"216",2857,3003,2943,3020,3021,2867,2868,2869,2944,2945
"217",2857,3008,2763,2839,2860,2932,2943,3020,3021,2931
"218",16,18,19,20,22,23,24,25,26,30
"219",2943,3020,3021,2867,2868,2869,2944,2945,3008,3011
"220",2857,2943,3020,3021,2933,2867,2868,2869,2944,2945
"221",16,18,23,24,25,33,34,35,52,53
"222",100,176,404,405,411,482,561,658,734,797
"223",2857,2943,3020,3021,2867,2868,2869,2944,2945,2794
"224",18,23,24,25,26,33,34,35,36,52
"225",2857,3008,2860,2947,2948,2949,2950,3025,3026,3027
"226",2857,2789,2947,2948,2949,2950,3025,3026,3027,2326
"227",3008,2943,3020,3021,2867,2868,2869,2944,2945,2932
"228",16,17,18,19,20,22,23,24,25,26
"229",3008,2860,2763,2839,2932,2943,3020,3021,2867,2868
"230",33,100,169,176,245,320,321,396,397,405
"231",3008,2932,2860,2943,3020,3021,2867,2868,2869,2944
"232",2326,2857,1336,799,100,850,2917,3008,2536,176
"233",2857,2326,2993,2917,3008,3010,2780,2935,2251,2933
"234",3008,2860,2763,2839,2857,2943,3020,3021,2932,2867
"235",3008,2857,2932,2931,2993,2763,2839,2853,2536,3006
"236",1424,1486,1487,1488,1532,1533,1561,1562,1563,1564
"237",1235,1384,1385,1424,1427,1429,1455,1456,1457,1458
"238",1173,1177,1235,1310,1311,1312,1313,1334,1384,1385
"239",15,16,17,18,19,20,22,23,24,25
"240",16,22,23,24,25,30,31,32,33,34
"241",1173,1486,1487,1488,1532,1533,1558,1561,1562,1563
"242",2857,2763,2839,2789,2686,2947,2948,2949,2950,3025
"243",2857,2860,2789,2947,2948,2949,2950,3025,3026,3027
"244",23,24,25,33,34,58,59,60,61,62
"245",1336,734,809,658,549,398,733,797,625,774
"246",1562,2107,2251,2326,2402,2465,2536,2556,2625,2780
"247",15,16,19,22,23,24,25,30,31,32
"248",16,18,19,20,23,24,25,26,33,34
"249",1336,2106,2107,2115,2116,2117,2118,2119,2186,2187
"250",1173,1177,1235,1253,1310,1311,1312,1313,1329,1384
"251",3008,2943,3020,3021,2932,2867,2868,2869,2944,2945
"252",16,17,18,19,20,22,23,24,25,26
"253",23,24,25,31,32,33,34,35,36,55
"254",2857,2943,3020,3021,3008,2867,2868,2869,2944,2945
"255",3008,2943,3020,3021,2867,2868,2869,2944,2945,2932
"256",16,18,19,20,23,24,25,26,33,34
"257",2857,3008,2993,2917,2763,2839,3006,2931,2932,2947
"258",3008,2943,3020,3021,2860,2932,2867,2868,2869,2944
"259",16,22,23,24,25,30,31,32,33,34
"260",3008,2860,2943,3020,3021,2867,2868,2869,2944,2945
"261",2857,3008,2993,2107,3010,2917,2780,3011,2536,2932
"262",3008,2860,2943,3020,3021,2867,2868,2869,2944,2945
"263",1486,1487,1488,1532,1533,1558,1561,1562,1563,1564
"264",404,405,482,561,798,799,957,1110,1111,1336
"265",2867,2868,2869,2944,2945,2943,3020,3021,3008,2794
"266",2857,2993,2917,2947,2948,2949,2950,3025,3026,3027
"267",23,24,25,30,31,32,33,34,35,38
"268",25,33,34,100,176,333,346,347,404,405
"269",2857,2867,2868,2869,2944,2945,2943,3020,3021,2789
"270",1173,1235,1384,1385,1412,1424,1425,1427,1451,1452
"271",24,25,33,34,61,62,63,64,65,66
"272",25,33,34,58,59,60,61,62,63,64
"273",3008,2943,3020,3021,2867,2868,2869,2944,2945,2932
"274",1336,3008,411,2867,2868,2869,2944,2945,2943,3020
"275",1086,1094,1161,1162,1163,1173,1176,1177,1235,1236
"276",1173,1177,1235,1236,1237,1238,1253,1310,1311,1312
"277",100,176,333,347,404,405,411,482,549,561
"278",2943,3020,3021,2867,2868,2869,2944,2945,2857,411
"279",3008,2860,2943,3020,3021,2763,2839,2857,2867,2868
"280",2867,2868,2869,2932,2943,2944,2945,3008,3020,3021
"281",25,33,34,58,59,60,61,62,63,64
"282",18,19,22,23,24,25,31,32,33,34
"283",2857,622,2943,3020,3021,2867,2868,2869,2944,2945
"284",258,411,2840,2867,2868,2869,2932,2943,2944,2945
"285",18,24,25,33,34,58,59,60,61,62
"286",2763,2839,2860,3008,2943,3020,3021,2867,2868,2869
"287",2857,3008,2860,2867,2868,2869,2944,2945,2943,3020
"288",25,33,100,176,347,404,405,482,561,658
"289",1562,1610,1686,1778,2106,2107,2115,2116,2117,2118
"290",797,1086,1094,1161,1162,1163,1173,1176,1177,1183
"291",2867,2868,2869,2932,2943,2944,2945,3008,3020,3021
"292",3008,2943,3020,3021,2867,2868,2869,2944,2945,2932
"293",3008,2860,2932,2943,3020,3021,2867,2868,2869,2944
"294",1173,1177,1235,1236,1237,1238,1253,1310,1311,1312
"295",3008,2932,1424,2860,2943,3020,3021,2867,2868,2869
"296",3008,2107,2932,2857,2424,2425,2426,2427,2428,2429
"297",1173,1384,1385,1409,1456,1457,1458,1459,1460,1461
"298",15,16,19,20,22,23,24,25,30,31
"299",3008,2943,3020,3021,2867,2868,2869,2944,2945,2932
"300",25,33,34,61,62,63,64,65,66,67
"301",2853,3008,2536,2537,2326,2709,3006,2544,2857,2932
"302",2107,2424,2425,2426,2427,2428,2429,2430,2431,2432
"303",16,23,24,25,30,31,32,33,34,35
"304",16,22,23,24,25,30,31,32,33,34
"305",25,33,100,176,333,335,346,347,348,403
"306",3008,3011,411,2867,2868,2869,2944,2945,2943,3020
"307",2857,2943,3020,3021,2867,2868,2869,2944,2945,3011
"308",15,16,22,23,24,25,30,31,32,33
"309",15,16,17,18,19,20,22,23,24,25
"310",3008,2853,2536,2857,2537,2107,2932,2326,2993,2424
"311",1086,1161,1173,1177,1235,1236,1237,1238,1251,1252
"312",15,16,17,18,19,20,22,23,24,25
"313",2943,3020,3021,2867,2868,2869,2944,2945,3008,2857
"314",24,25,33,34,61,62,63,64,65,66
"315",18,23,24,25,33,34,35,58,59,60
"316",3008,2943,3020,3021,2860,2867,2868,2869,2944,2945
"317",1562,2107,2262,2263,2424,2425,2426,2427,2428,2429
"318",3008,3011,2932,2943,3020,3021,2867,2868,2869,2944
"319",2860,3008,2943,3020,3021,2867,2868,2869,2944,2945
"320",16,17,18,19,20,22,23,24,25,26
"321",1562,1610,1686,1731,1732,1733,1734,1735,1806,1807
"322",1424,1486,1487,1488,1532,1533,1561,1562,1563,1564
"323",3008,3010,2993,2780,2857,3011,2107,2917,2932,2465
"324",16,18,19,20,22,23,24,25,30,31
"325",3008,2857,2107,2853,2932,2780,3010,2536,2763,2839
"326",1562,1563,1610,1686,1731,1732,1733,1734,1735,1778
"327",1486,1487,1488,1532,1533,1558,1561,1562,1563,1564
"328",1532,1533,1562,1563,1566,1610,1686,1731,1732,1733
"329",3008,2857,2853,2867,2868,2869,2944,2945,2943,3020
"330",15,16,22,23,24,25,30,31,32,33
"331",15,16,17,18,19,20,21,22,23,24
"332",1336,658,809,734,33,405,100,176,733,404
"333",3008,2943,3020,3021,2867,2868,2869,2944,2945,2932
"334",3008,2860,2763,2839,2943,3020,3021,2867,2868,2869
"335",3008,2943,3020,3021,2867,2868,2869,2944,2945,2932
"336",3008,2943,3020,3021,2867,2868,2869,2944,2945,2932
"337",16,22,23,24,25,30,31,32,33,34
"338",3008,2932,2763,2839,2943,3020,3021,2867,2868,2869
"339",18,25,33,34,58,59,60,61,62,63
"340",16,19,22,23,24,25,30,31,32,33
"341",1173,1177,1235,1236,1237,1238,1253,1310,1311,1312
"342",1336,405,482,658,734,549,809,1111,561,100
"343",3008,2853,2857,2536,2326,2537,2709,2931,2947,2948
"344",15,16,17,18,19,20,22,23,24,25
"345",3008,2943,3020,3021,2867,2868,2869,2944,2945,2932
"346",18,19,23,24,25,26,33,34,35,36
"347",3008,2943,3020,3021,2867,2868,2869,2944,2945,2932
"348",18,19,23,24,25,31,32,33,34,35
"349",33,98,100,174,176,346,347,348,401,403
"350",3008,2860,2857,2931,2867,2868,2869,2944,2945,2947
"351",2857,2933,2686,2763,2839,2465,2780,2687,1424,2326
"352",3008,2943,3020,3021,2932,2867,2868,2869,2944,2945
"353",2943,3020,3021,2867,2868,2869,2944,2945,3008,3011
"354",3008,2943,3020,3021,2867,2868,2869,2944,2945,2932
"355",2943,3020,3021,2867,2868,2869,2944,2945,3008,2857
"356",18,23,24,25,33,34,35,58,59,60
"357",15,16,17,18,19,20,22,23,24,25
"358",2857,2326,2993,2917,2947,2948,2949,2950,3025,3026
"359",2943,3020,3021,2867,2868,2869,2944,2945,2857,3008
"360",1562,1813,1814,1815,1958,1959,2107,2108,2115,2116
"361",2857,2947,2948,2949,2950,3025,3026,3027,2326,2789
"362",25,33,91,100,167,176,243,319,320,346
"363",15,16,17,18,19,20,22,23,24,25
"364",15,16,22,23,24,25,30,31,32,33
"365",25,100,176,333,335,347,405,411,482,561
"366",1336,2115,2116,2117,2118,2119,2262,2263,798,797
"367",3008,2857,2932,2943,3020,3021,2763,2839,2867,2868
"368",3008,2932,2943,3020,3021,2867,2868,2869,2944,2945
"369",16,17,18,19,20,22,23,24,25,26
"370",16,18,19,20,22,23,24,25,30,31
"371",15,16,17,18,19,20,21,22,23,24
"372",1086,1094,1161,1162,1163,1173,1176,1177,1183,1235
"373",2857,3008,2943,3020,3021,2867,2868,2869,2944,2945
"374",2943,3020,3021,2867,2868,2869,2944,2945,3008,3011
"375",3008,2857,2536,2326,2709,2932,2107,2853,2943,3020
"376",15,16,17,18,19,20,22,23,24,25
"377",15,16,22,23,24,25,30,31,32,33
"378",2857,2943,3020,3021,2867,2868,2869,2944,2945,2763
"379",3008,2943,3020,3021,2867,2868,2869,2944,2945,2932
"380",2943,3020,3021,3011,2867,2868,2869,2944,2945,2857
"381",2860,3011,3008,2943,3020,3021,2867,2868,2869,2944
"382",16,19,22,23,24,25,30,31,32,33
"383",2860,3008,2943,3020,3021,2932,2867,2868,2869,2944
"384",15,16,17,18,19,20,22,23,24,25
"385",2857,2947,2948,2949,2950,3025,3026,3027,2789,2946
"386",3011,2860,2943,3020,3021,2867,2868,2869,2944,2945
"387",24,25,33,34,91,100,167,174,176,243
"388",1486,1487,1488,1532,1533,1561,1562,1563,1564,1566
"389",16,18,19,20,22,23,24,25,26,30
"390",1532,1533,1562,1563,1610,1633,1686,1778,1813,1814
"391",15,16,17,18,19,20,22,23,24,25
"392",3011,2857,2943,3020,3021,2867,2868,2869,2944,2945
"393",1562,1610,1686,1731,1732,1733,1734,1735,1807,1808
"394",16,19,22,23,24,25,30,31,32,33
"395",18,23,24,25,33,34,35,58,59,60
"396",18,23,24,25,26,33,34,35,58,59
"397",1336,2857,33,734,658,809,1701,429,2326,733
"398",15,16,17,18,19,20,22,23,24,25
"399",2943,3020,3021,2867,2868,2869,2944,2945,3008,411
"400",16,18,19,23,24,25,33,34,35,58
"401",2943,3020,3021,2867,2868,2869,2944,2945,3008,2932
"402",16,19,20,22,23,24,25,30,31,32
"403",2857,2860,2763,2839,2943,3020,3021,2867,2868,2869
"404",2857,2947,2948,2949,2950,3025,3026,3027,2853,2993
"405",2867,2868,2869,2932,2943,2944,2945,3008,3020,3021
"406",1173,1235,1310,1311,1312,1313,1346,1347,1384,1385
"407",16,18,19,20,22,23,24,25,30,31
"408",2943,3020,3021,2867,2868,2869,2944,2945,3008,1336
"409",2857,2943,3020,3021,2867,2868,2869,2944,2945,2794
"410",3008,2860,2932,2943,3020,3021,2867,2868,2869,2944
"411",2857,3008,2860,2947,2948,2949,2950,3025,3026,3027
"412",18,22,23,24,25,26,31,32,33,34
"413",3008,2867,2868,2869,2944,2945,2943,3020,3021,2932
"414",15,16,17,18,19,20,22,23,24,25
"415",1336,1701,774,658,549,734,809,33,720,625
"416",2857,2993,2917,3010,2780,3008,3011,2326,2935,2992
"417",15,16,17,18,19,20,21,22,23,24
"418",3008,2932,2943,3020,3021,2867,2868,2869,2944,2945
"419",100,176,405,797,798,799,1111,1336,1714,1110
"420",3008,2763,2839,2857,2932,2107,2943,3020,3021,2867
"421",16,18,19,20,22,23,24,25,26,31
"422",2860,2857,3011,2943,3020,3021,2867,2868,2869,2944
"423",15,16,17,18,22,23,24,25,27,30
"424",16,18,19,20,22,23,24,25,30,31
"425",1424,1425,1486,1487,1488,1532,1533,1561,1562,1563
"426",2857,2993,2947,2948,2949,2950,3025,3026,3027,2763
"427",1173,1235,1236,1237,1238,1310,1311,1312,1313,1314
"428",3008,2943,3020,3021,2867,2868,2869,2944,2945,2932
"429",16,17,18,19,20,22,23,24,25,26
"430",2857,2860,3003,2943,3020,3021,2867,2868,2869,2944
"431",15,16,19,20,22,23,24,25,30,31
"432",2943,3020,3021,2857,2867,2868,2869,2944,2945,3008
"433",23,24,25,31,32,33,34,35,58,59
"434",3008,2943,3020,3021,2867,2868,2869,2944,2945,2860
"435",2943,3020,3021,3008,2867,2868,2869,2944,2945,3011
"436",3011,3008,256,2943,3020,3021,2936,2867,2868,2869
"437",3008,2943,3020,3021,2867,2868,2869,2944,2945,2860
"438",3008,2857,2853,2931,2947,2948,2949,2950,3025,3026
"439",15,16,17,18,19,20,21,22,23,24
"440",15,16,22,23,24,25,30,31,32,33
"441",797,1086,1161,1162,1163,1173,1176,1177,1235,1236
"442",3008,2860,2943,3020,3021,2867,2868,2869,2944,2945
"443",1173,1177,1235,1237,1238,1253,1310,1311,1312,1313
"444",16,17,18,19,20,22,23,24,25,26
"445",3008,2943,3020,3021,2867,2868,2869,2944,2945,2932
"446",1562,2107,2251,2262,2263,2326,2424,2425,2426,2427
"447",15,16,17,18,19,20,22,23,24,25
"448",16,22,23,24,25,30,31,32,33,34
"449",3008,2853,2326,2536,2857,2993,2537,3006,2709,2917
"450",1486,1487,1488,1532,1533,1558,1561,1562,1563,1564
"451",1235,1384,1385,1455,1456,1457,1458,1459,1460,1461
"452",15,16,17,19,20,22,23,24,25,26
"453",24,25,33,34,61,62,63,100,136,137
"454",3008,2857,2763,2839,2932,3006,2931,2993,2943,3020
"455",2857,2789,2867,2868,2869,2944,2945,2794,2795,2947
"456",16,23,24,25,31,32,33,34,35,51
"457",2857,2943,3020,3021,2867,2868,2869,2944,2945,3008
"458",1173,1177,1235,1236,1237,1238,1310,1311,1312,1313
"459",3008,2943,3020,3021,2867,2868,2869,2944,2945,2932
"460",2943,3020,3021,2867,2868,2869,2944,2945,2857,2933
"461",2943,3020,3021,3008,2867,2868,2869,2944,2945,3011
"462",2857,3008,2947,2948,2949,2950,3025,3026,3027,3003
"463",1562,1610,1686,2106,2107,2108,2115,2116,2117,2118
"464",2857,2993,3008,2917,2536,2326,2992,2931,3006,2853
"465",3008,2943,3020,3021,2763,2839,2857,2867,2868,2869
"466",1424,1486,1487,1488,1494,1532,1533,1558,1561,1562
"467",16,18,19,20,22,23,24,25,26,30
"468",1086,1107,1161,1162,1163,1173,1176,1177,1183,1235
"469",1424,1532,1533,1562,1563,1610,1686,1778,1866,2006
"470",797,1086,1161,1173,1176,1177,1183,1235,1236,1237
"471",3008,2857,2860,2763,2839,2867,2868,2869,2944,2945
"472",3008,2857,2932,2943,3020,3021,2867,2868,2869,2944
"473",3008,2860,2943,3020,3021,2932,2867,2868,2869,2944
"474",24,25,33,34,58,59,60,61,62,63
"475",2857,3008,2789,2867,2868,2869,2944,2945,2943,3020
"476",2853,3008,2857,2993,2536,2917,3006,2537,2424,2425
"477",2860,3008,2763,2839,2943,3020,3021,2932,2867,2868
"478",2860,3008,2932,2943,3020,3021,2867,2868,2869,2944
"479",2857,2943,3020,3021,2867,2868,2869,2944,2945,3008
"480",2763,2839,2857,2107,3008,2465,2686,2780,2932,2687
"481",3011,2857,622,2794,2795,2943,3020,3021,2867,2868
"482",15,16,17,18,19,20,21,22,23,24
"483",23,24,25,33,34,35,52,53,55,56
"484",2943,3020,3021,2867,2868,2869,2944,2945,2857,3019
"485",16,17,18,19,20,22,23,24,25,26
"486",3008,2943,3020,3021,2867,2868,2869,2944,2945,2932
"487",15,16,17,18,19,20,22,23,24,25
"488",2107,2262,2263,2424,2425,2426,2427,2428,2429,2430
"489",16,18,23,24,25,31,32,33,34,35
"490",1424,1562,1563,1610,1633,1686,1778,1852,1853,1866
"491",25,33,100,176,347,404,405,429,482,549
"492",13,14,15,16,17,18,19,20,21,22
"493",2857,2789,2867,2868,2869,2944,2945,2794,2795,2943
"494",1486,1487,1488,1494,1532,1533,1558,1561,1562,1563
"495",2857,3008,2763,2839,2932,2943,3020,3021,2867,2868
"496",2857,2860,3011,2943,3020,3021,2867,2868,2869,2944
"497",1532,1533,1562,1563,1610,1686,1731,1732,1733,1734
"498",1336,1701,809,100,176,33,734,658,733,429
"499",2853,3008,2857,2932,2536,2867,2868,2869,2944,2945
"500",3008,2867,2868,2869,2944,2945,411,3011,2932,2943
"501",3008,2943,3020,3021,2867,2868,2869,2944,2945,2932
"502",25,33,100,176,347,404,405,482,561,658
"503",2857,2763,2839,2686,2789,2943,3020,3021,2947,2948
"504",15,16,17,18,19,20,22,23,24,25
"505",2860,3008,2943,3020,3021,2867,2868,2869,2944,2945
"506",16,17,18,19,20,22,23,24,25,26
"507",2107,2326,2536,2780,2853,2857,2993,3008,3010,3011
"508",2857,2867,2868,2869,2944,2945,2943,3020,3021,2789
"509",1487,1488,1532,1533,1562,1563,1564,1566,1610,1633
"510",2943,3020,3021,2867,2868,2869,2944,2945,724,171
"511",3008,2943,3020,3021,2867,2868,2869,2944,2945,2932
"512",2857,2860,2326,2947,2948,2949,2950,3025,3026,3027
"513",1424,1425,1486,1487,1488,1532,1533,1561,1562,1563
"514",2860,3008,2943,3020,3021,2932,2867,2868,2869,2944
"515",1384,1385,1424,1425,1455,1456,1457,1458,1459,1460
"516",2857,2943,3020,3021,2326,3008,2867,2868,2869,2944
"517",3011,2943,3020,3021,2857,2867,2868,2869,2944,2945
"518",16,17,18,19,20,22,23,24,25,30
"519",22,23,24,25,30,31,32,33,34,35
"520",1562,1610,1686,2106,2107,2115,2116,2117,2118,2119
"521",2943,3020,3021,2867,2868,2869,2944,2945,3008,2932
"522",2857,2943,3020,3021,3008,2867,2868,2869,2944,2945
"523",2857,2326,2860,2763,2839,2947,2948,2949,2950,3025
"524",1486,1487,1488,1532,1533,1561,1562,1563,1564,1566
"525",15,16,17,18,19,20,21,22,23,24
"526",3008,2943,3020,3021,2867,2868,2869,2944,2945,2932
"527",2867,2868,2869,2932,2943,2944,2945,3008,3020,3021
"528",23,24,25,30,31,32,33,34,35,58
"529",3008,2943,3020,3021,2867,2868,2869,2944,2945,2932
"530",2857,2943,3020,3021,2867,2868,2869,2944,2945,3003
"531",2857,3008,2932,2867,2868,2869,2944,2945,2943,3020
"532",2857,3008,2947,2948,2949,2950,3025,3026,3027,2993
"533",2857,2867,2868,2869,2944,2945,2943,3020,3021,2789
"534",3008,2857,2867,2868,2869,2944,2945,2943,3020,3021
"535",798,799,1336,1111,405,797,1714,1110,100,176
"536",1424,1562,1610,1686,1778,2107,2115,2116,2117,2118
"537",3011,2943,3020,3021,2867,2868,2869,2944,2945,411
"538",1424,1486,1487,1488,1494,1532,1533,1558,1561,1562
"539",3008,2860,2857,2763,2839,2932,2943,3020,3021,2867
"540",3008,735,736,2867,2868,2869,2944,2945,2943,3020
"541",1086,1161,1162,1163,1173,1177,1235,1236,1237,1238
"542",797,1086,1161,1173,1177,1235,1236,1237,1238,1251
"543",2326,1701,628,2468,31,2328,100,24,1095,30
"544",1173,1235,1310,1311,1312,1313,1384,1385,1386,1387
"545",24,25,33,34,58,59,60,61,62,63
"546",3008,2326,2709,2857,2536,2932,2107,2763,2839,2931
"547",2857,2686,2465,2993,2763,2839,2780,2687,1424,2917
"548",16,17,18,19,20,22,23,24,25,26
"549",1336,33,850,809,100,176,734,658,733,958
"550",2857,2853,2763,2839,2794,2795,3011,2933,2789,2860
"551",3008,2857,2932,3006,2763,2839,2931,2853,2867,2868
"552",25,33,34,61,62,63,100,136,137,176
"553",2857,2763,2839,3008,2943,3020,3021,2867,2868,2869
"554",18,25,33,100,176,333,335,346,347,348
"555",3008,2107,2536,2932,2853,2262,2263,2537,2424,2425
"556",798,1336,2107,2115,2116,2117,2118,2119,2262,2263
"557",2867,2868,2869,2932,2943,2944,2945,3008,3020,3021
"558",2857,3008,2789,2867,2868,2869,2944,2945,2947,2948
"559",3008,2943,3020,3021,171,2867,2868,2869,2944,2945
"560",25,33,100,176,320,333,346,347,348,404
"561",2326,1701,2857,2947,2948,2949,2950,3025,3026,3027
"562",2857,3008,2853,2536,2993,2932,2867,2868,2869,2944
"563",2867,2868,2869,2943,2944,2945,3008,3020,3021,2932
"564",2857,3008,2860,2947,2948,2949,2950,3025,3026,3027
"565",18,25,100,176,259,333,335,347,348,405
"566",15,16,17,18,19,20,22,23,24,25
"567",25,33,100,176,347,404,405,482,561,658
"568",1336,1701,774,549,720,645,725,51,809,957
"569",1173,1177,1235,1236,1237,1238,1251,1252,1253,1310
"570",16,19,22,23,24,25,30,31,32,33
"571",33,404,405,482,549,625,658,733,734,774
"572",2857,2943,3020,3021,2867,2868,2869,2944,2945,2763
"573",2857,2947,2948,2949,2950,3025,3026,3027,2789,2946
"574",2853,3008,2536,3006,2857,2993,2537,2424,2425,2426
"575",3011,411,2943,3020,3021,2867,2868,2869,2944,2945
"576",16,18,19,20,23,24,25,31,32,33
"577",2943,3020,3021,2867,2868,2869,2944,2945,2857,3008
"578",16,17,18,19,20,22,23,24,25,26
"579",1384,1385,1424,1425,1456,1457,1458,1459,1460,1484
"580",3008,2853,2709,2536,2932,2326,2867,2868,2869,2944
"581",3008,3011,2860,2943,3020,3021,2867,2868,2869,2944
"582",2943,3020,3021,2867,2868,2869,2944,2945,3011,3008
"583",2857,2947,2948,2949,2950,3025,3026,3027,2326,2789
"584",2857,2943,3020,3021,2867,2868,2869,2944,2945,2789
"585",2857,2947,2948,2949,2950,3025,3026,3027,2789,2946
"586",2857,2993,2917,2992,2326,1336,2947,2948,2949,2950
"587",2857,3008,2947,2948,2949,2950,3025,3026,3027,2789
"588",411,3011,258,622,2867,2868,2869,2944,2945,2943
"589",2857,2993,2853,2917,3008,2947,2948,2949,2950,3025
"590",16,17,18,19,20,22,23,24,25,30
"591",3008,2853,2857,2867,2868,2869,2944,2945,2943,3020
"592",1486,1487,1488,1532,1533,1558,1561,1562,1563,1564
"593",2857,2993,3008,2917,2536,2853,2931,3006,2992,2932
"594",2686,2763,2839,2687,809,1701,734,45,2857,658
"595",2857,2860,3008,2943,3020,3021,2763,2839,2867,2868
"596",1086,1161,1173,1177,1235,1236,1237,1238,1251,1252
"597",2943,3020,3021,2867,2868,2869,2944,2945,3008,411
"598",2107,2465,2780,3008,3010,2932,3011,2536,2853,2934
"599",2857,2943,3020,3021,2867,2868,2869,2944,2945,2789
"600",2860,1424,3008,2932,3011,2867,2868,2869,2944,2945
"601",16,18,19,20,23,24,25,31,32,33
"602",1562,1731,1732,1733,1734,1735,1807,1808,1809,1810
"603",2943,3020,3021,2867,2868,2869,2944,2945,3008,256
"604",3008,2860,2932,2943,3020,3021,2867,2868,2869,2944
"605",1486,1487,1488,1532,1533,1558,1561,1562,1563,1564
"606",16,18,23,24,25,32,33,34,35,58
"607",1173,1177,1235,1236,1237,1238,1251,1252,1253,1310
"608",2857,3008,2947,2948,2949,2950,3025,3026,3027,2993
"609",1173,1235,1312,1313,1384,1385,1389,1412,1420,1424
"610",2943,3020,3021,2867,2868,2869,2944,2945,411,3008
"611",405,797,798,799,1111,1336,1714,100,176,795
"612",2857,2947,2948,2949,2950,3025,3026,3027,2993,2789
"613",1336,809,100,176,734,658,33,405,733,774
"614",2857,2943,3020,3021,2867,2868,2869,2944,2945,2789
"615",15,16,17,18,19,20,22,23,24,25
"616",2763,2839,3008,181,264,2931,2794,2795,256,2789
"617",3008,2867,2868,2869,2944,2945,2943,3020,3021,2932
"618",2107,3008,3010,2993,2857,2780,3011,2465,2917,2932
"619",25,33,100,176,347,404,405,429,482,549
"620",3008,2943,3020,3021,2867,2868,2869,2944,2945,2932
"621",2943,3008,3020,3021,2867,2868,2869,2944,2945,2932
"622",16,19,20,22,23,24,25,30,31,32
"623",3008,3010,2780,2857,2107,2932,2943,3020,3021,2262
"624",1336,3008,798,411,2932,799,1111,1714,2943,3020
"625",2943,3020,3021,2867,2868,2869,2944,2945,171,411
"626",3008,2943,3020,3021,2867,2868,2869,2944,2945,3011
"627",23,24,25,31,33,34,61,62,63,64
"628",16,22,23,24,25,31,32,33,34,35
"629",405,482,809,1336,658,1111,734,176,100,798
"630",15,16,17,18,19,20,22,23,24,25
"631",15,16,17,18,19,20,22,23,24,25
"632",3008,2943,3020,3021,2867,2868,2869,2944,2945,2932
"633",1173,1177,1235,1236,1237,1238,1253,1310,1311,1312
"634",3008,2943,3020,3021,2867,2868,2869,2944,2945,2932
"635",2857,2763,2839,2789,2794,2795,2943,3020,3021,2867
"636",2107,2326,2465,2780,2857,2917,2934,2935,2993,3008
"637",16,18,19,20,22,23,24,25,30,31
"638",2857,2860,2763,2839,2794,2795,2789,2943,3020,3021
"639",1336,809,61,62,63,136,137,211,100,176
"640",16,22,23,24,25,31,32,33,34,35
"641",25,33,61,62,63,100,136,137,176,211
"642",16,18,19,20,23,24,25,26,33,34
"643",3008,2943,3020,3021,2867,2868,2869,2944,2945,2932
"644",3008,2943,3020,3021,2867,2868,2869,2944,2945,2932
"645",16,23,24,25,33,34,51,58,59,60
"646",3008,2107,2857,3010,2932,2780,2424,2425,2426,2427
"647",23,24,25,33,34,35,58,59,60,61
"648",25,33,61,62,63,100,136,137,176,211
"649",15,16,17,18,19,20,22,23,24,25
"650",3008,2857,2932,2943,3020,3021,2763,2839,2867,2868
"651",18,19,23,24,25,26,33,34,35,36
"652",2763,2839,3008,2857,2465,2780,2932,2686,2687,2107
"653",25,33,34,58,59,60,61,62,63,64
"654",2857,2853,2933,2943,3020,3021,2867,2868,2869,2944
"655",1532,1533,1562,1563,1610,1633,1638,1686,1731,1732
"656",2943,3020,3021,2867,2868,2869,2944,2945,3008,3011
"657",18,23,24,25,26,33,34,35,36,58
"658",2857,3008,2867,2868,2869,2944,2945,2789,2943,3020
"659",2857,1336,2943,3020,3021,2867,2868,2869,2944,2945
"660",3008,2763,2839,2932,2943,3020,3021,2867,2868,2869
"661",3008,3011,2943,3020,3021,2860,2867,2868,2869,2944
"662",3008,3011,2943,3020,3021,2867,2868,2869,2944,2945
"663",16,22,23,24,25,30,31,32,33,34
"664",1562,2107,2251,2326,2465,2556,2625,2780,2832,2857
"665",3008,2857,2860,2763,2839,2932,2867,2868,2869,2944
"666",15,16,17,18,19,20,22,23,24,25
"667",2857,2789,2947,2948,2949,2950,3025,3026,3027,2860
"668",23,24,25,31,32,33,34,35,58,59
"669",16,18,19,20,23,24,25,31,32,33
"670",3011,2860,3008,2936,2943,3020,3021,2867,2868,2869
"671",18,24,25,26,33,34,58,59,60,61
"672",25,33,34,35,58,59,60,61,62,63
"673",1562,1610,1686,1778,1866,2011,2106,2107,2108,2115
"674",2857,622,2943,3020,3021,2933,2867,2868,2869,2944
"675",16,19,20,22,23,24,25,30,31,32
"676",16,18,19,23,24,25,31,32,33,34
"677",2993,3008,2857,2917,3011,3010,2780,2932,2992,2107
"678",24,25,33,34,61,62,63,64,65,66
"679",100,176,405,795,797,798,799,1110,1111,1336
"680",16,18,19,20,22,23,24,25,30,31
"681",16,19,20,22,23,24,25,30,31,32
"682",2857,3008,2943,3020,3021,2867,2868,2869,2944,2945
"683",3008,2932,2943,3020,3021,2867,2868,2869,2944,2945
"684",3008,2867,2868,2869,2944,2945,2943,3020,3021,2932
"685",2857,2867,2868,2869,2944,2945,2789,2947,2948,2949
"686",2857,3008,2763,2839,2931,2947,2948,2949,2950,3025
"687",2943,3020,3021,3008,3011,2867,2868,2869,2944,2945
"688",809,735,736,3008,100,176,886,2763,2839,61
"689",15,16,19,20,22,23,24,25,30,31
"690",18,25,33,100,176,333,335,346,347,348
"691",15,16,17,18,19,20,22,23,24,25
"692",15,16,17,18,19,20,22,23,24,25
"693",2857,2860,2943,3020,3021,2867,2868,2869,2944,2945
"694",2857,2860,2943,3020,3021,2867,2868,2869,2944,2945
"695",2857,3008,2867,2868,2869,2944,2945,2943,3020,3021
"696",33,658,734,809,1336,405,733,482,958,1111
"697",2763,2839,2860,3008,2932,256,181,2943,3020,3021
"698",411,3011,622,2943,3020,3021,2867,2868,2869,2944
"699",2857,2763,2839,2943,3020,3021,2860,2867,2868,2869
"700",2857,2763,2839,2943,3020,3021,3008,2867,2868,2869
"701",2857,2993,3008,2917,3006,2931,2763,2839,2947,2948
"702",16,18,19,20,23,24,25,31,32,33
"703",15,16,17,18,19,20,22,23,24,25
"704",3011,2943,3020,3021,2867,2868,2869,2944,2945,2860
"705",3008,2993,2853,2857,2917,2536,3006,2932,2931,2326
"706",2857,2860,2763,2839,2794,2795,2853,2686,2789,2687
"707",2857,3008,2860,2867,2868,2869,2944,2945,2789,2947
"708",2857,2947,2948,2949,2950,3025,3026,3027,2789,2860
"709",3011,2943,3020,3021,2867,2868,2869,2944,2945,256
"710",1486,1487,1488,1532,1533,1561,1562,1563,1564,1566
"711",25,33,100,176,333,346,347,348,404,405
"712",23,24,25,33,34,35,58,59,60,61
"713",23,24,25,30,31,32,33,34,35,61
"714",2857,2993,1336,3008,2917,799,1714,798,1111,100
"715",1336,799,100,176,798,1111,1714,405,957,1110
"716",23,24,25,31,32,33,34,35,61,62
"717",1532,1533,1562,1563,1566,1610,1633,1638,1639,1686
"718",1487,1488,1532,1533,1562,1563,1566,1570,1610,1633
"719",3011,2943,3020,3021,2857,2867,2868,2869,2944,2945
"720",2857,2993,2917,2326,3008,2780,3010,3011,2935,2933
"721",1336,809,33,734,658,405,1111,733,100,958
"722",2943,3020,3021,2867,2868,2869,2944,2945,3008,2932
"723",2993,2763,2839,3008,2686,2687,2107,2857,2465,2932
"724",1173,1384,1385,1424,1455,1456,1457,1458,1459,1460
"725",16,18,19,20,23,24,25,26,33,34
"726",2857,3008,2860,2867,2868,2869,2944,2945,2943,3020
"727",1486,1487,1488,1532,1533,1558,1561,1562,1563,1564
"728",16,18,19,20,22,23,24,25,26,30
"729",2857,2993,2917,2326,3008,2947,2948,2949,2950,3025
"730",3008,2857,2867,2868,2869,2944,2945,2943,3020,3021
"731",18,19,23,24,25,31,33,34,35,36
"732",16,19,23,24,25,30,31,32,33,34
"733",2857,2860,2947,2948,2949,2950,3025,3026,3027,3008
"734",15,16,19,20,22,23,24,25,30,31
"735",3011,2943,3020,3021,3008,2867,2868,2869,2944,2945
"736",1336,405,658,809,1111,734,176,100,549,482
"737",1562,2106,2107,2108,2115,2116,2117,2118,2119,2186
"738",3008,2943,3020,3021,2867,2868,2869,2944,2945,2932
"739",2107,2251,2326,2465,2686,2780,2917,2935,2936,2993
"740",2943,3020,3021,2867,2868,2869,2944,2945,2857,3008
"741",2857,3008,2947,2948,2949,2950,3025,3026,3027,2789
"742",3008,2860,2857,2763,2839,2932,2943,3020,3021,2867
"743",16,22,23,24,25,30,31,32,33,34
"744",2857,2943,3020,3021,2763,2839,2867,2868,2869,2944
"745",2465,2993,3010,3011,2107,3008,2857,2780,2917,2935
"746",3008,2943,3020,3021,2763,2839,2867,2868,2869,2944
"747",2107,2465,2780,2857,2917,2935,2936,2993,3008,3010
"748",2943,3020,3021,2867,2868,2869,2944,2945,3011,2857
"749",16,18,19,20,22,23,24,25,30,31
"750",15,16,17,18,19,20,22,23,24,25
"751",2857,2860,3008,2763,2839,2947,2948,2949,2950,3025
"752",3008,2857,2867,2868,2869,2944,2945,2943,3020,3021
"753",2857,2943,3020,3021,2867,2868,2869,2944,2945,3008
"754",1424,1486,1487,1488,1494,1532,1533,1558,1561,1562
"755",2857,3011,2943,3020,3021,2867,2868,2869,2944,2945
"756",2857,2326,2947,2948,2949,2950,3025,3026,3027,3003
"757",23,24,25,33,34,35,58,59,60,61
"758",15,16,19,23,24,25,30,31,32,33
"759",23,24,25,33,34,58,59,60,61,62
"760",18,25,33,34,61,62,63,64,65,66
"761",23,24,25,31,33,34,35,58,59,60
"762",2997,2857,1336,1424,2317,2789,724,404,2867,2868
"763",3008,724,171,2943,3020,3021,2867,2868,2869,2944
"764",1336,100,176,1111,405,798,799,809,482,797
"765",23,24,25,33,34,35,58,59,60,61
"766",3008,2993,2917,2853,2536,2107,2326,3011,2857,2832
"767",3011,2794,2795,2860,2789,2936,181,3012,2867,2868
"768",2857,2943,3020,3021,2867,2868,2869,2944,2945,3008
"769",2993,3008,2857,2917,2107,3006,2536,2424,2425,2426
"770",1486,1487,1488,1505,1532,1533,1558,1561,1562,1563
"771",16,17,18,19,20,22,23,24,25,26
"772",3008,2943,3020,3021,2867,2868,2869,2944,2945,2932
"773",16,23,24,25,30,31,32,33,34,35
"774",2857,2326,2993,2917,3008,2780,2933,2947,2948,2949
"775",18,19,23,24,25,33,34,35,36,58
"776",2857,2860,2947,2948,2949,2950,3025,3026,3027,2789
"777",16,18,19,20,22,23,24,25,30,31
"778",1486,1487,1488,1494,1532,1533,1558,1561,1562,1563
"779",1562,2107,2251,2262,2263,2326,2416,2424,2425,2426
"780",18,19,20,23,24,25,26,33,34,35
"781",2857,2867,2868,2869,2944,2945,2943,3020,3021,2789
"782",2857,2943,3020,3021,2867,2868,2869,2944,2945,2997
"783",2857,2947,2948,2949,2950,3025,3026,3027,2789,2946
"784",1532,1533,1562,1563,1610,1686,1778,1813,1814,1815
"785",15,16,19,20,22,23,24,25,30,31
"786",2107,2536,2780,2853,2857,2917,2993,3008,3010,3011
"787",2860,2763,2839,3008,2107,2709,2932,2687,2931,2857
"788",16,18,19,20,22,23,24,25,26,31
"789",25,33,34,61,62,63,64,65,66,67
"790",3008,2857,2867,2868,2869,2944,2945,2794,2795,2943
"791",16,17,18,19,20,22,23,24,25,26
"792",24,25,33,34,100,176,259,333,334,335
"793",1086,1161,1173,1177,1235,1236,1237,1238,1251,1252
"794",3008,2943,3020,3021,2867,2868,2869,2944,2945,2860
"795",3011,3008,2860,2932,2943,3020,3021,2867,2868,2869
"796",2993,2857,3011,3010,2917,3008,2780,2465,2686,2935
"797",23,24,25,33,34,35,58,59,60,61
"798",23,24,25,33,34,58,59,60,61,62
"799",1173,1177,1235,1236,1237,1238,1253,1310,1311,1312
"800",3008,2853,2857,2993,2536,3006,2917,2931,2537,2932
"801",2857,2943,3020,3021,3008,2867,2868,2869,2944,2945
"802",18,19,23,24,25,31,33,34,35,36
"803",3008,2943,3020,3021,2867,2868,2869,2944,2945,2860
"804",15,16,17,18,19,20,22,23,24,25
"805",2857,2943,3020,3021,3008,2867,2868,2869,2944,2945
"806",2686,2763,2839,2857,2687,2931,2789,809,2947,2948
"807",2857,2943,3020,3021,2867,2868,2869,2944,2945,3008
"808",16,18,19,22,23,24,25,26,30,31
"809",23,24,25,30,31,32,33,34,35,45
"810",2107,2536,2780,2853,2857,2993,3008,3010,3011,2424
"811",23,24,25,31,32,33,34,35,58,59
"812",2857,2763,2839,2686,2789,2933,2947,2948,2949,2950
"813",1562,1731,1732,1733,1734,1735,1807,1808,1809,1810
"814",2943,3020,3021,2867,2868,2869,2944,2945,3008,3011
"815",2857,3008,2789,2763,2839,2867,2868,2869,2944,2945
"816",1336,1701,774,725,957,100,176,549,809,320
"817",2857,2993,3008,2917,3006,2107,2763,2839,3011,2992
"818",2860,2943,3020,3021,3008,2867,2868,2869,2944,2945
"819",2857,2943,3020,3021,2867,2868,2869,2944,2945,2794
"820",2857,2943,3020,3021,2867,2868,2869,2944,2945,3008
"821",2860,3011,2857,2943,3020,3021,2794,2795,2867,2868
"822",16,18,19,23,24,25,30,31,32,33
"823",24,25,33,34,61,62,63,64,65,66
"824",1562,1610,1686,1778,2011,2106,2107,2115,2116,2117
"825",16,18,19,20,22,23,24,25,30,31
"826",2857,2860,2993,2947,2948,2949,2950,3025,3026,3027
"827",1487,1488,1532,1533,1562,1563,1566,1610,1633,1638
"828",18,23,24,25,33,34,35,58,59,60
"829",2860,3008,2763,2839,3011,2932,181,256,1424,2867
"830",1532,1533,1562,1563,1566,1610,1638,1639,1686,1731
"831",2857,2943,3020,3021,2780,2867,2868,2869,2944,2945
"832",3011,2860,2936,2943,3020,3021,2867,2868,2869,2944
"833",3008,2857,2993,3010,2780,2932,2107,2917,2763,2839
"834",24,25,33,34,61,62,63,64,65,66
"835",1235,1384,1385,1412,1424,1455,1456,1457,1458,1459
"836",1173,1235,1310,1311,1312,1313,1384,1385,1386,1387
"837",2943,3020,3021,3008,2867,2868,2869,2944,2945,2932
"838",2857,2860,2763,2839,2789,2947,2948,2949,2950,3025
"839",2857,622,2860,3003,2853,321,2933,1945,2326,397
"840",25,100,176,333,405,735,736,795,797,798
"841",2857,2947,2948,2949,2950,3025,3026,3027,2853,2917
"842",2857,2853,2763,2839,2686,2933,2687,2943,3020,3021
"843",15,16,19,20,22,23,24,25,30,31
"844",3011,2943,3020,3021,2867,2868,2869,2944,2945,2857
"845",1562,1563,1610,1686,1731,1732,1733,1734,1735,1778
"846",2857,3008,2943,3020,3021,2867,2868,2869,2944,2945
"847",16,17,18,19,20,22,23,24,25,26
"848",1562,1563,1610,1686,1778,1813,1814,1815,1866,1961
"849",3008,2943,3020,3021,2867,2868,2869,2944,2945,2932
"850",2943,3020,3021,3008,2857,2867,2868,2869,2944,2945
"851",3008,2943,3020,3021,2867,2868,2869,2944,2945,2932
"852",3011,411,2933,2943,3020,3021,622,2867,2868,2869
"853",2107,2262,2263,2424,2425,2426,2427,2428,2429,2465
"854",2860,2857,3008,2943,3020,3021,2867,2868,2869,2944
"855",1173,1384,1385,1456,1457,1458,1459,1460,1461,1462
"856",18,25,33,34,61,62,63,64,65,66
"857",15,16,17,18,19,20,22,23,24,25
"858",16,18,19,20,22,23,24,25,26,31
"859",1336,2857,2943,3020,3021,3008,2867,2868,2869,2944
"860",16,18,19,20,22,23,24,25,30,31
"861",2857,2943,3020,3021,3008,2867,2868,2869,2944,2945
"862",1173,1384,1385,1412,1424,1455,1456,1457,1458,1459
"863",2465,2780,2857,2993,3010,3011,2917,3008,2326,2933
"864",18,19,23,24,25,26,33,34,35,36
"865",1424,1532,1533,1562,1563,1610,1633,1686,1715,1778
"866",15,16,18,19,20,22,23,24,25,30
"867",15,16,17,18,19,20,21,22,23,24
"868",1486,1487,1488,1532,1533,1562,1563,1566,1610,1633
"869",2857,1424,2997,2789,1425,2947,2948,2949,2950,3025
"870",16,18,19,20,22,23,24,25,30,31
"871",25,33,34,61,62,63,100,136,137,176
"872",23,24,25,33,34,35,61,62,63,64
"873",3008,2857,2853,2867,2868,2869,2944,2945,2943,3020
"874",18,23,24,25,33,34,35,58,59,60
"875",16,17,18,19,20,22,23,24,25,26
"876",24,25,33,34,100,176,259,333,334,335
"877",22,23,24,25,30,31,32,33,34,35
"878",1486,1487,1488,1532,1533,1562,1563,1566,1610,1633
"879",2857,2943,3020,3021,2860,2867,2868,2869,2944,2945
"880",1336,799,405,798,1111,1714,2993,2857,100,176
"881",2857,2947,2948,2949,2950,3025,3026,3027,2789,2946
"882",16,17,18,19,20,22,23,24,25,26
"883",2857,2780,1424,2943,3020,3021,2933,2867,2868,2869
"884",2857,2943,3020,3021,2867,2868,2869,2944,2945,2789
"885",15,16,19,20,22,23,24,25,30,31
"886",15,16,17,18,19,20,22,23,24,25
"887",3008,2860,2932,2763,2839,2943,3020,3021,2867,2868
"888",2857,3008,2943,3020,3021,2867,2868,2869,2944,2945
"889",2857,2860,2867,2868,2869,2944,2945,2943,3020,3021
"890",18,24,25,26,27,33,34,58,59,60
"891",2857,2789,2794,2795,2947,2948,2949,2950,3025,3026
"892",16,18,19,20,23,24,25,26,33,34
"893",1486,1487,1488,1532,1533,1561,1562,1563,1564,1566
"894",16,23,24,25,30,31,32,33,34,35
"895",25,33,34,61,62,63,64,65,66,67
"896",18,19,23,24,25,26,33,34,35,36
"897",16,23,24,25,31,32,33,34,35,58
"898",3008,2993,3010,2857,2780,2917,3011,2932,2107,2536
"899",1562,1563,1610,1686,1778,1866,1961,2038,2039,2106
"900",2857,3008,2943,3020,3021,2867,2868,2869,2944,2945
"901",2857,3008,2993,2917,2780,2932,2763,2839,2931,2789
"902",3011,2943,3020,3021,2867,2868,2869,2944,2945,3008
"903",3008,2943,3020,3021,2867,2868,2869,2944,2945,2932
"904",2107,2326,2465,2780,2857,2917,2935,2936,2993,3008
"905",23,24,25,31,32,33,34,35,58,59
"906",15,16,17,18,19,20,22,23,24,25
"907",735,736,100,176,799,798,405,810,61,62
"908",3008,2853,2857,2932,2931,3006,2536,2763,2839,2709
"909",100,176,1336,850,799,957,1701,725,809,628
"910",16,18,19,23,24,25,31,32,33,34
"911",3008,2943,3020,3021,2867,2868,2869,2944,2945,2857
"912",2857,2943,3020,3021,3008,2867,2868,2869,2944,2945
"913",2857,2943,3020,3021,2867,2868,2869,2944,2945,3008
"914",2857,2947,2948,2949,2950,3025,3026,3027,2860,2789
"915",2857,3008,2780,2943,3020,3021,2853,2867,2868,2869
"916",1562,1563,1610,1633,1686,1731,1732,1733,1734,1735
"917",23,24,25,33,34,35,58,59,60,61
"918",798,799,1111,797,1336,1714,795,1110,957,411
"919",1562,2106,2107,2251,2326,2465,2556,2625,2780,2832
"920",15,16,17,19,20,21,22,23,24,25
"921",3008,2860,2932,2794,2795,2867,2868,2869,2944,2945
"922",2107,2465,2780,2857,2934,2993,3008,3010,3011,2936
"923",3008,2860,3011,2867,2868,2869,2944,2945,2943,3020
"924",1701,1336,774,720,645,51,957,806,549,547
"925",15,16,18,19,20,22,23,24,25,30
"926",18,24,25,33,34,58,59,60,61,62
"927",2326,3008,2857,2947,2948,2949,2950,3025,3026,3027
"928",2867,2868,2869,2943,2944,2945,3008,3020,3021,2932
"929",15,16,17,18,19,20,22,23,24,25
"930",18,25,33,34,61,62,63,64,65,66
"931",3008,2943,3020,3021,2867,2868,2869,2944,2945,2932
"932",2943,3020,3021,2867,2868,2869,2944,2945,3008,2857
"933",2857,2789,2947,2948,2949,2950,3025,3026,3027,2867
"934",3008,2932,2943,3020,3021,2867,2868,2869,2944,2945
"935",16,18,19,20,22,23,24,25,30,31
"936",25,33,34,61,62,63,100,136,137,176
"937",3008,2857,2931,2932,3006,2763,2839,2867,2868,2869
"938",3008,2943,3020,3021,2867,2868,2869,2944,2945,2932
"939",15,16,17,18,19,20,21,22,23,24
"940",3008,2932,2943,3020,3021,2867,2868,2869,2944,2945
"941",2465,2780,2993,3010,3011,2107,3008,2686,2857,2934
"942",25,33,34,58,59,60,61,62,63,64
"943",15,16,22,23,24,25,30,31,32,33
"944",3008,2932,2943,3020,3021,2867,2868,2869,2944,2945
"945",2857,3008,2853,2947,2948,2949,2950,3025,3026,3027
"946",16,18,19,20,23,24,25,33,34,35
"947",15,16,17,18,19,20,22,23,24,25
"948",16,18,19,20,22,23,24,25,30,31
"949",2857,3008,2853,2993,2917,2947,2948,2949,2950,3025
"950",3008,2857,2860,2867,2868,2869,2944,2945,2789,2794
"951",1486,1487,1488,1532,1533,1558,1561,1562,1563,1564
"952",3008,2932,2867,2868,2869,2944,2945,2943,3020,3021
"953",16,17,18,19,20,22,23,24,25,26
"954",2860,2857,3008,2763,2839,2794,2795,2932,2867,2868
"955",2317,2857,2947,2948,2949,2950,3025,3026,3027,1701
"956",2943,3020,3021,2867,2868,2869,2944,2945,3008,256
"957",2857,3008,2860,2867,2868,2869,2944,2945,2943,3020
"958",15,16,17,19,20,22,23,24,25,30
"959",1487,1488,1532,1533,1562,1563,1566,1610,1633,1638
"960",1173,1235,1310,1311,1312,1313,1384,1385,1389,1409
"961",15,16,17,19,20,22,23,24,25,30
"962",2857,2943,3020,3021,2867,2868,2869,2944,2945,3008
"963",3008,2860,2763,2839,2932,2943,3020,3021,2867,2868
"964",2857,2943,3020,3021,2867,2868,2869,2944,2945,2794
"965",16,23,24,25,30,31,32,33,34,35
"966",2857,1336,2993,2326,2917,2947,2948,2949,2950,3025
"967",2857,2993,2947,2948,2949,2950,3025,3026,3027,2917
"968",2857,2947,2948,2949,2950,3025,3026,3027,2993,2326
"969",1384,1385,1424,1456,1457,1459,1460,1484,1486,1487
"970",1562,2106,2107,2115,2116,2117,2118,2119,2262,2263
"971",18,25,100,176,259,333,334,335,346,347
"972",23,24,25,31,32,33,34,35,58,59
"973",15,16,17,18,19,20,21,22,23,24
"974",2857,2860,2794,2795,2943,3020,3021,2867,2868,2869
"975",15,16,17,18,19,20,22,23,24,25
"976",15,16,17,18,19,20,22,23,24,25
"977",15,16,17,18,19,20,22,23,24,25
"978",15,16,17,18,19,20,22,23,24,25
"979",15,16,17,18,19,20,22,23,24,25
"980",3011,2943,3020,3021,3008,2867,2868,2869,2944,2945
"981",3008,2107,2993,3010,2857,2536,2853,2424,2425,2426
"982",16,18,22,23,24,25,30,31,32,33
"983",2857,3008,2947,2948,2949,2950,3025,3026,3027,2867
"984",3008,2857,2853,2932,3006,2424,2425,2426,2427,2428
"985",2943,3020,3021,2867,2868,2869,2944,2945,3008,2857
"986",25,33,34,61,62,63,64,65,66,67
"987",1562,1610,1686,1778,2106,2107,2108,2115,2116,2117
"988",2857,2763,2839,2993,2780,3008,2465,2686,2107,2933
"989",2857,3008,2947,2948,2949,2950,3025,3026,3027,2789
"990",2326,2857,398,322,2789,2943,3020,3021,3003,2867
"991",16,22,23,24,25,30,31,32,33,34
"992",3008,2943,3020,3021,2867,2868,2869,2944,2945,2932
"993",2857,3008,2763,2839,2860,2993,2709,3006,2931,2932
"994",16,17,18,19,20,22,23,24,25,26
"995",2943,3020,3021,2867,2868,2869,2944,2945,3008,2857
"996",1487,1488,1532,1533,1562,1563,1564,1566,1583,1584
"997",1173,1235,1384,1385,1412,1424,1455,1456,1457,1458
"998",1532,1533,1562,1563,1610,1686,1731,1732,1733,1734
"999",3008,2943,3020,3021,2932,2867,2868,2869,2944,2945
"1000",24,25,33,34,61,62,63,64,65,66
"1001",1424,1486,1487,1488,1532,1533,1561,1562,1563,1564
"1002",15,16,22,23,24,25,30,31,32,33
"1003",1086,1161,1162,1163,1173,1176,1177,1183,1235,1236
"1004",1384,1385,1424,1455,1456,1457,1458,1459,1460,1461
"1005",25,33,34,61,62,63,100,136,137,176
"1006",2465,2686,2763,2839,2857,2687,2993,2780,2107,2933
"1007",405,1336,1111,809,798,658,734,482,799,100
"1008",1562,1813,1814,1815,2106,2107,2108,2115,2116,2117
"1009",3008,2932,2943,3020,3021,2867,2868,2869,2944,2945
"1010",1424,1425,1427,1456,1457,1486,1487,1488,1494,1532
"1011",25,33,100,176,347,404,405,429,482,549
"1012",3008,2857,2943,3020,3021,2867,2868,2869,2944,2945
"1013",3008,2857,2867,2868,2869,2944,2945,2860,2943,3020
"1014",2857,3008,2867,2868,2869,2944,2945,2789,2943,3020
"1015",15,16,17,18,19,20,22,23,24,25
"1016",2107,2326,2465,2686,2687,2763,2780,2839,2933,2993
"1017",3008,2860,2932,2943,3020,3021,2867,2868,2869,2944
"1018",1562,2107,2326,2424,2425,2426,2427,2428,2429,2465
"1019",1173,1177,1235,1236,1237,1238,1253,1310,1311,1312
"1020",24,25,33,34,100,176,333,346,347,348
"1021",1424,1562,1610,1686,2106,2107,2115,2116,2117,2118
"1022",25,33,34,100,174,176,333,346,347,348
"1023",2860,3011,2943,3020,3021,3008,2867,2868,2869,2944
"1024",1562,1813,1814,1815,1958,1959,1961,2038,2039,2106
"1025",2867,2868,2869,2932,2943,2944,2945,3008,3020,3021
"1026",15,16,17,18,19,20,21,22,23,24
"1027",16,23,24,25,30,31,32,33,34,35
"1028",411,2867,2868,2869,2932,2943,2944,2945,3008,3020
"1029",3008,2943,3020,3021,2867,2868,2869,2944,2945,2932
"1030",16,22,23,24,25,30,31,32,33,34
"1031",2107,2465,2780,3008,3010,3011,2326,2993,2686,1562
"1032",15,16,23,24,25,30,31,32,33,34
"1033",15,16,17,18,19,20,22,23,24,25
"1034",33,100,176,405,549,625,658,733,734,774
"1035",16,22,23,24,25,30,31,32,33,34
"1036",16,23,24,25,31,32,33,34,35,51
"1037",2993,2857,3008,2917,3011,3010,2780,2992,2932,2935
"1038",2857,2943,3020,3021,2867,2868,2869,2944,2945,3008
"1039",25,33,61,62,63,100,136,137,176,211
"1040",2857,2943,3020,3021,2867,2868,2869,2944,2945,2780
"1041",1336,3008,2943,3020,3021,2867,2868,2869,2944,2945
"1042",16,18,19,20,22,23,24,25,31,32
"1043",3008,2857,2860,2763,2839,2932,2943,3020,3021,2867
"1044",15,16,17,18,19,20,21,22,23,24
"1045",2857,2943,3020,3021,2867,2868,2869,2944,2945,3008
"1046",2860,2763,2839,3008,2943,3020,3021,2932,2867,2868
"1047",1336,2106,2107,2115,2116,2117,2118,2119,2186,2187
"1048",23,24,25,33,34,35,58,59,60,61
"1049",2857,3008,2943,3020,3021,2867,2868,2869,2944,2945
"1050",2686,2993,2687,2763,2839,2857,2468,2620,2931,1701
"1051",2857,2686,2763,2839,1424,2687,2993,2933,2780,2465
"1052",1562,1610,1686,1731,1732,1733,1734,1735,1807,1808
"1053",25,33,34,61,62,63,100,136,137,176
"1054",16,18,19,20,23,24,25,26,33,34
"1055",2857,2943,3020,3021,2867,2868,2869,2944,2945,2794
"1056",16,18,19,22,23,24,25,30,31,32
"1057",1173,1177,1235,1236,1237,1238,1253,1310,1311,1312
"1058",2943,3020,3021,2867,2868,2869,2944,2945,2857,3008
"1059",16,22,23,24,25,30,31,32,33,34
"1060",25,33,34,100,176,333,346,347,404,405
"1061",1336,2857,658,549,734,625,1490,925,482,774
"1062",1336,798,1111,2106,799,797,2262,2263,957,2115
"1063",3008,2943,3020,3021,2867,2868,2869,2944,2945,3011
"1064",1562,2107,2465,2780,2857,2932,2933,2934,3008,3010
"1065",2860,2943,3020,3021,3008,2867,2868,2869,2944,2945
"1066",16,17,18,19,20,22,23,24,25,26
"1067",1173,1235,1237,1238,1310,1311,1312,1313,1346,1347
"1068",3008,2943,3020,3021,2867,2868,2869,2944,2945,2932
"1069",2857,2943,3020,3021,2867,2868,2869,2944,2945,3008
"1070",16,18,23,24,25,33,34,35,58,59
"1071",2107,2424,2425,2426,2427,2428,2429,2430,2431,2432
"1072",2840,2867,2868,2869,2932,2943,2944,2945,3008,3019
"1073",16,17,18,19,20,22,23,24,25,30
"1074",2867,2868,2869,2932,2943,2944,2945,3008,3020,3021
"1075",2857,3008,2943,3020,3021,2867,2868,2869,2944,2945
"1076",809,1336,33,734,100,799,176,1111,658,958
"1077",16,17,18,19,20,22,23,24,25,26
"1078",16,17,18,19,24,25,26,33,34,58
"1079",16,18,19,20,23,24,25,31,32,33
"1080",2857,2947,2948,2949,2950,3025,3026,3027,2993,2917
"1081",16,18,22,23,24,25,30,31,32,33
"1082",3008,2943,3020,3021,2867,2868,2869,2944,2945,2932
"1083",2853,3008,2932,2857,3006,2536,2424,2425,2426,2427
"1084",2943,3020,3021,2867,2868,2869,2944,2945,3008,2794
"1085",1562,1610,1686,1778,2006,2106,2107,2115,2116,2117
"1086",15,16,17,18,19,20,22,23,24,25
"1087",2867,2868,2869,2932,2943,2944,2945,3008,3020,3021
"1088",2943,3020,3021,2857,3008,2867,2868,2869,2944,2945
"1089",1173,1177,1235,1236,1237,1238,1253,1310,1311,1312
"1090",23,24,25,31,32,33,34,61,62,63
"1091",3008,2943,3020,3021,2867,2868,2869,2944,2945,2932
"1092",2857,2853,3008,2947,2948,2949,2950,3025,3026,3027
"1093",1562,1563,1610,1686,1778,1813,1814,1815,1866,1961
"1094",25,33,61,62,63,100,136,137,174,176
"1095",15,16,17,18,19,20,22,23,24,25
"1096",18,19,23,24,25,31,33,34,35,36
"1097",3008,2860,2932,2943,3020,3021,2867,2868,2869,2944
"1098",16,19,22,23,24,25,30,31,32,33
"1099",25,31,32,33,34,100,108,176,333,346
"1100",3008,2932,2943,3020,3021,2867,2868,2869,2944,2945
"1101",1424,1486,1487,1488,1494,1532,1533,1558,1561,1562
"1102",1562,1731,1732,1733,1734,1735,1807,1808,1809,1810
"1103",16,18,19,20,22,23,24,25,30,31
"1104",3008,2107,2763,2839,2932,2943,3020,3021,2867,2868
"1105",3008,2943,3020,3021,2867,2868,2869,2944,2945,2932
"1106",3008,2932,2763,2839,2943,3020,3021,2867,2868,2869
"1107",2853,3008,3010,2993,2317,2857,2917,2326,2536,2780
"1108",798,1336,1111,799,405,797,957,1110,482,411
"1109",2857,3008,2853,2947,2948,2949,2950,3025,3026,3027
"1110",15,16,19,22,23,24,25,30,31,32
"1111",3008,2943,3020,3021,2867,2868,2869,2944,2945,2932
"1112",2857,3008,2860,2947,2948,2949,2950,3025,3026,3027
"1113",1486,1487,1488,1494,1532,1533,1558,1561,1562,1563
"1114",1424,1486,1487,1488,1532,1533,1561,1562,1563,1564
"1115",3008,2860,2326,2857,2853,2709,3006,2931,2947,2948
"1116",3008,2763,2839,2943,3020,3021,2932,2867,2868,2869
"1117",2857,2933,2763,2839,2943,3020,3021,622,2867,2868
"1118",16,18,19,20,22,23,24,25,30,31
"1119",1,2,3,4,5,6,7,8,9,10
"1120",25,33,34,100,176,333,335,346,347,348
"1121",3008,2943,3020,3021,2867,2868,2869,2944,2945,3011
"1122",1173,1177,1235,1237,1238,1253,1310,1311,1312,1313
"1123",16,18,19,23,24,25,33,34,35,36
"1124",798,100,176,799,3008,797,1336,1111,735,736
"1125",16,19,20,22,23,24,25,30,31,32
"1126",18,24,25,26,33,34,58,59,60,61
"1127",3008,2860,2932,2763,2839,2931,2943,3020,3021,2867
"1128",16,19,23,24,25,30,31,32,33,34
"1129",3008,2853,2857,2993,2931,3006,2536,2947,2948,2949
"1130",2857,2763,2839,2789,2943,3020,3021,2867,2868,2869
"1131",2857,3008,2993,2326,2917,2780,2932,3010,2763,2839
"1132",3008,2993,2857,2917,3006,2932,2853,2931,2536,2763
"1133",2857,3008,2867,2868,2869,2944,2945,2789,2947,2948
"1134",2857,2993,3008,2917,3010,2780,3011,2326,2935,2992
"1135",2857,2993,3008,2917,2536,2326,2763,2839,2932,2992
"1136",2857,2763,2839,2943,3020,3021,2867,2868,2869,2944
"1137",15,16,17,19,20,22,23,24,25,30
"1138",2857,3008,2943,3020,3021,2867,2868,2869,2944,2945
"1139",2943,3020,3021,3008,2867,2868,2869,2944,2945,2932
"1140",33,658,734,809,850,1336,774,100,176,1701
"1141",16,19,22,23,24,25,30,31,32,33
"1142",2857,2763,2839,2789,2686,2794,2795,2867,2868,2869
"1143",3011,3008,2943,3020,3021,2860,2867,2868,2869,2944
"1144",2857,2947,2948,2949,2950,3025,3026,3027,3008,2789
"1145",3008,3011,2943,3020,3021,2867,2868,2869,2944,2945
"1146",18,25,33,34,58,59,60,61,62,63
"1147",16,23,24,25,30,31,32,33,34,35
"1148",2917,2993,3008,2853,2857,3010,3011,2536,2107,2932
"1149",16,17,18,19,20,22,23,24,25,30
"1150",3008,2943,3020,3021,2867,2868,2869,2944,2945,2932
"1151",16,18,19,20,22,23,24,25,30,31
"1152",15,16,17,19,22,23,24,25,30,31
"1153",15,16,19,20,22,23,24,25,30,31
"1154",15,16,18,19,20,22,23,24,25,30
"1155",15,16,17,18,19,20,21,22,23,24
"1156",1532,1533,1562,1563,1610,1686,1731,1732,1733,1734
"1157",3008,2932,2943,3020,3021,2867,2868,2869,2944,2945
"1158",15,16,17,19,20,22,23,24,25,30
"1159",15,16,23,24,25,30,31,32,33,34
"1160",3008,2857,2943,3020,3021,2780,2867,2868,2869,2944
"1161",1384,1385,1456,1457,1459,1460,1486,1487,1488,1494
"1162",16,18,19,20,22,23,24,25,30,31
"1163",16,19,20,22,23,24,25,30,31,32
"1164",2943,3020,3021,2867,2868,2869,2944,2945,3008,411
"1165",16,23,25,32,33,34,35,58,59,60
"1166",15,16,19,20,22,23,24,25,30,31
"1167",3008,2943,3020,3021,2867,2868,2869,2944,2945,2857
"1168",2857,2763,2839,2686,2993,2687,3008,2932,2789,2931
"1169",16,18,19,20,22,23,24,25,30,31
"1170",2857,2943,3020,3021,2867,2868,2869,2944,2945,2794
"1171",2857,2763,2839,2686,2687,2993,3008,2789,2932,2931
"1172",2857,3008,2943,3020,3021,2867,2868,2869,2944,2945
"1173",1487,1488,1532,1533,1562,1563,1564,1566,1610,1633
"1174",1562,1813,1814,1815,2106,2107,2108,2115,2116,2117
"1175",15,16,17,19,20,22,23,24,25,31
"1176",16,18,19,22,23,24,25,30,31,32
"1177",15,16,17,18,19,20,22,23,24,25
"1178",23,24,25,33,34,35,58,59,60,61
"1179",18,23,24,25,33,34,35,58,59,60
"1180",3008,2853,2857,3010,2932,2993,2780,3006,2931,2536
"1181",15,16,17,18,19,20,21,22,23,24
"1182",1336,809,1701,734,658,100,176,33,733,405
"1183",2857,1424,2789,2947,2948,2949,2950,3025,3026,3027
"1184",24,25,33,34,61,62,63,64,65,66
"1185",2857,3008,2993,2947,2948,2949,2950,3025,3026,3027
"1186",2857,3008,2943,3020,3021,2867,2868,2869,2944,2945
"1187",23,24,25,30,31,32,33,34,35,58
"1188",100,176,405,482,797,798,799,1110,1111,1336
"1189",18,19,23,24,25,33,34,35,58,59
"1190",16,18,19,20,22,23,24,25,30,31
"1191",16,17,18,19,20,22,23,24,25,30
"1192",1086,1161,1173,1177,1235,1236,1237,1238,1251,1252
"1193",3008,2853,2326,2536,2709,2857,2931,2537,2947,2948
"1194",25,31,32,33,34,91,98,100,108,109
"1195",3011,3008,2943,3020,3021,2867,2868,2869,2944,2945
"1196",24,25,33,34,61,62,63,64,65,66
"1197",1173,1235,1310,1311,1312,1313,1384,1385,1389,1409
"1198",3008,2943,3020,3021,2867,2868,2869,2944,2945,3011
"1199",25,33,34,91,100,167,169,176,243,245
"1200",2857,2993,2917,3008,2947,2948,2949,2950,3025,3026
"1201",1424,1562,1563,1610,1633,1686,1731,1732,1733,1734
"1202",1486,1487,1488,1532,1533,1561,1562,1563,1564,1566
"1203",3008,2943,3020,3021,2932,2867,2868,2869,2944,2945
"1204",3008,2943,3020,3021,2867,2868,2869,2944,2945,2932
"1205",2860,3008,2943,3020,3021,2867,2868,2869,2944,2945
"1206",795,798,799,1111,1336,1714,405,735,736,1346
"1207",2763,2839,3008,2860,2943,3020,3021,2867,2868,2869
"1208",3008,2932,2943,3020,3021,2867,2868,2869,2944,2945
"1209",2857,2943,3020,3021,2867,2868,2869,2944,2945,3008
"1210",1486,1487,1532,1533,1562,1563,1583,1584,1610,1633
"1211",2857,3008,2860,2943,3020,3021,2932,2867,2868,2869
"1212",16,17,18,19,20,22,23,24,25,26
"1213",15,16,17,18,19,20,22,23,24,25
"1214",16,19,23,24,25,30,31,32,33,34
"1215",15,16,19,20,22,23,24,25,30,31
"1216",2943,3020,3021,2867,2868,2869,2944,2945,3011,3008
"1217",2857,2993,3008,2763,2839,2686,2933,2932,2789,2780
"1218",25,33,100,176,333,346,347,348,404,405
"1219",24,25,33,34,58,59,60,61,62,63
"1220",3008,2943,3020,3021,2867,2868,2869,2944,2945,2794
"1221",18,25,33,61,62,63,64,65,66,67
"1222",3008,2763,2839,2943,3020,3021,2867,2868,2869,2944
"1223",2780,2857,3008,3010,2107,2943,3020,3021,2867,2868
"1224",2857,2947,2948,2949,2950,3025,3026,3027,2789,2946
"1225",3008,2943,3020,3021,171,2867,2868,2869,2944,2945
"1226",1486,1487,1488,1494,1532,1533,1558,1561,1562,1563
"1227",3011,2943,3020,3021,3008,2867,2868,2869,2944,2945
"1228",16,23,24,25,30,31,32,33,34,35
"1229",2857,2917,2993,3011,2992,3008,2780,3010,2991,2935
"1230",1173,1384,1385,1424,1456,1457,1458,1459,1460,1484
"1231",15,16,22,23,24,25,30,31,32,33
"1232",15,16,23,24,25,30,31,32,33,34
"1233",2943,3020,3021,2867,2868,2869,2944,2945,3008,2932
"1234",1486,1487,1488,1532,1533,1561,1562,1563,1564,1566
"1235",3008,2860,2857,2943,3020,3021,2932,2867,2868,2869
"1236",2857,2943,3020,3021,2794,2795,2867,2868,2869,2944
"1237",25,33,61,62,63,100,136,137,176,211
"1238",18,25,33,34,61,62,63,64,65,66
"1239",18,25,33,34,61,62,63,64,65,66
"1240",18,24,25,33,34,35,58,59,60,61
"1241",2857,3008,2867,2868,2869,2944,2945,2943,3020,3021
"1242",2857,2943,3020,3021,2867,2868,2869,2944,2945,2789
"1243",1173,1177,1235,1236,1237,1238,1251,1253,1310,1311
"1244",3008,2763,2839,2107,2932,2943,3020,3021,2867,2868
"1245",2857,2933,2326,2686,2763,2839,2780,3008,2993,2687
"1246",16,23,24,25,33,34,35,58,59,60
"1247",25,33,34,100,176,347,405,429,482,658
"1248",1424,1425,1486,1487,1488,1494,1532,1533,1558,1561
"1249",2857,2860,2763,2839,2686,2947,2948,2949,2950,3025
"1250",16,19,23,24,25,30,31,32,33,34
"1251",15,16,22,23,24,25,30,31,32,33
"1252",3008,2857,2932,2867,2868,2869,2944,2945,2943,3020
"1253",3008,2857,2853,2993,2536,2917,2537,2931,2932,3006
"1254",2857,2993,3008,2763,2839,2917,2932,2931,2780,3006
"1255",2860,3008,2943,3020,3021,2867,2868,2869,2944,2945
"1256",1424,1562,1610,1686,2106,2107,2115,2116,2117,2118
"1257",24,25,33,34,100,176,259,333,334,335
"1258",1562,1563,1610,1686,1778,1866,2106,2107,2108,2115
"1259",1384,1385,1456,1457,1459,1460,1486,1487,1488,1494
"1260",3008,2943,3020,3021,2867,2868,2869,2944,2945,2932
"1261",3008,2853,2857,2536,2932,2537,2931,2993,2917,2789
"1262",809,61,62,63,136,137,211,735,736,725
"1263",16,19,22,23,24,25,30,31,32,33
"1264",15,16,23,24,25,30,31,32,33,34
"1265",16,23,24,25,31,32,33,34,35,36
"1266",2857,2943,3020,3021,2867,2868,2869,2944,2945,3008
"1267",2107,2262,2263,2465,2780,2832,2857,2917,2932,2934
"1268",15,16,17,18,19,20,22,23,24,25
"1269",2943,3020,3021,2867,2868,2869,2944,2945,3008,411
"1270",2857,2943,3020,3021,2867,2868,2869,2944,2945,2789
"1271",16,17,18,19,20,22,23,24,25,26
"1272",2857,2943,3020,3021,2867,2868,2869,2944,2945,3008
"1273",16,23,24,25,30,31,32,33,34,35
"1274",2857,2789,2867,2868,2869,2944,2945,2943,3020,3021
"1275",2860,3008,2763,2839,2932,2943,3020,3021,2794,2795
"1276",3008,2932,2943,3020,3021,2867,2868,2869,2944,2945
"1277",18,23,24,25,33,34,35,58,59,60
"1278",2860,3008,2943,3020,3021,2763,2839,2867,2868,2869
"1279",1562,2107,2262,2263,2326,2416,2424,2425,2426,2427
"1280",2853,2857,3008,2993,2917,2947,2948,2949,2950,3025
"1281",3008,2860,2932,2943,3020,3021,2867,2868,2869,2944
"1282",2857,3008,2947,2948,2949,2950,3025,3026,3027,2789
"1283",23,24,25,31,33,34,35,58,59,60
"1284",3008,2860,2932,2943,3020,3021,2867,2868,2869,2944
"1285",3008,2860,2853,2931,2857,3006,2932,2916,2947,2948
"1286",16,23,24,25,30,31,32,33,34,35
"1287",1336,2115,2116,2117,2118,2119,2465,2107,2262,2263
"1288",3008,2943,3020,3021,2867,2868,2869,2944,2945,2794
"1289",3008,2932,2943,3020,3021,2867,2868,2869,2944,2945
"1290",2857,3008,2993,2917,2536,2326,2992,2853,2780,2931
"1291",3008,2943,3020,3021,2932,2867,2868,2869,2944,2945
"1292",2853,2857,2947,2948,2949,2950,3025,3026,3027,3008
"1293",3008,2943,3020,3021,2867,2868,2869,2944,2945,2932
"1294",24,25,33,34,100,176,259,333,334,335
"1295",15,16,17,18,19,20,22,23,24,25
"1296",2857,2867,2868,2869,2944,2945,2943,3020,3021,2789
"1297",23,25,33,34,58,59,60,61,62,63
